   0.00000000000      0.217239289704E-02  0.375000000000     -0.934339983528E-05   2.55270705475      0.750000000000      0.857074263459E-01  0.827227472320E-01  0.206569826422    
  0.312500000000E-01  0.217224955883E-02  0.377348452487     -0.934169450356E-05   2.54797373104      0.754696904974      0.870584745367E-01  0.839946817036E-01  0.206295296247    
  0.625000000000E-01  0.217209583073E-02  0.379867132851     -0.933985377081E-05   2.54577718614      0.759734265703      0.884833532844E-01  0.853323401472E-01  0.206051439420    
  0.937500000000E-01  0.217193127672E-02  0.382563184806     -0.933787719223E-05   2.54211275088      0.765126369611      0.899841087249E-01  0.867373747997E-01  0.205841701281    
  0.125000000000      0.217175543041E-02  0.385444249673     -0.933576481330E-05   2.53731955248      0.770888499346      0.915629277442E-01  0.882115576414E-01  0.205669764287    
  0.156250000000      0.217156779378E-02  0.388518487245     -0.933351716603E-05   2.53637163509      0.777036974491      0.932221421813E-01  0.897567837200E-01  0.205539561344    
  0.187500000000      0.217136783597E-02  0.391794594743     -0.933113525876E-05   2.57216709552      0.783589189486      0.949642320590E-01  0.913750737505E-01  0.205455288933    
  0.218750000000      0.217115499236E-02  0.395281822867     -0.932862055801E-05   2.62216129166      0.790563645734      0.967918275249E-01  0.930685757732E-01  0.205421419569    
  0.250000000000      0.217092866383E-02  0.398989987758     -0.932597496071E-05   2.67500583949      0.797979975516      0.987077091422E-01  0.948395656156E-01  0.205442713000    
  0.281250000000      0.217068821634E-02  0.402929477471     -0.932320075520E-05   2.72703073407      0.805858954942      0.100714806130      0.966904458742E-01  0.205524225467    
  0.312500000000      0.217043298097E-02  0.407111251392     -0.932030056869E-05   2.78562745264      0.814222502784      0.102816192117      0.986237431024E-01  0.205671316173    
  0.343750000000      0.217016225452E-02  0.411546830865     -0.931727729946E-05   2.84657061698      0.823093661731      0.105015077963      0.100642102867      0.205889650035    
  0.375000000000      0.216987530069E-02  0.416248279207     -0.931413403165E-05   2.90556585419      0.832496558413      0.107314801189      0.102748282333      0.206185195685    
  0.406250000000      0.216957135209E-02  0.421228169253     -0.931087393093E-05   2.97674050044      0.842456338507      0.109718811601      0.104945140028      0.206564217624    
  0.437500000000      0.216924961309E-02  0.426499536717     -0.930750011993E-05   3.04536277606      0.852999073433      0.112230652760      0.107235622503      0.207033261453    
  0.468750000000      0.216890926360E-02  0.432075817847     -0.930401553281E-05   3.12586391193      0.864151635695      0.114853939050      0.109622747619      0.207599131178    
  0.500000000000      0.216854946392E-02  0.437970770364     -0.930042274949E-05   3.20830591271      0.875941540729      0.117592328287      0.112109584335      0.208268857742    
  0.531250000000      0.216816936058E-02  0.444198377213     -0.929672381149E-05   3.30227107478      0.888396754426      0.120449489986      0.114699228983      0.209049658244    
  0.562500000000      0.216776809329E-02  0.450772733517     -0.929292002253E-05   3.39297517947      0.901545467034      0.123429069704      0.117394778175      0.209948885637    
  0.593750000000      0.216734480276E-02  0.457707918057     -0.928901173895E-05   3.49635261755      0.915415836114      0.126534650123      0.120199298721      0.210973969213    
  0.625000000000      0.216689863931E-02  0.465017851621     -0.928499815623E-05   3.59592826128      0.930035703243      0.129769709850      0.123115795115      0.212132346656    
  0.656250000000      0.216642877219E-02  0.472716145659     -0.928087709926E-05   3.69966334639      0.945432291318      0.133137581195      0.126147175407      0.213431389058    
  0.687500000000      0.216593439905E-02  0.480815945567     -0.927664482469E-05   3.82398026417      0.961631891134      0.136641408369      0.129296216423      0.214878320775    
  0.718750000000      0.216541475559E-02  0.489329773709     -0.927229584320E-05   3.95529304713      0.978659547419      0.140284107732      0.132565529513      0.216480136465    
  0.750000000000      0.216486912481E-02  0.498269377681     -0.926782276910E-05   4.07843141760      0.996538755362      0.144068331706      0.135957528032      0.218243517943    
  0.781250000000      0.216429684556E-02  0.507645589366     -0.926321620231E-05   4.21085532624       1.01529117873      0.147996437898      0.139474397838      0.220174753630    
  0.812500000000      0.216369732025E-02  0.517468200008     -0.925846464546E-05   4.35045271243       1.03493640002      0.152070464767      0.143118071944      0.222279663296    
  0.843750000000      0.216307002115E-02  0.527745855761     -0.925355445588E-05   4.51203566453       1.05549171152      0.156292114841      0.146890210379      0.224563530541    
  0.875000000000      0.216241449533E-02  0.538485977159     -0.924846982932E-05   4.65915145815       1.07697195432      0.160662746126      0.150792186006      0.227031045027    
  0.906250000000      0.216173036800E-02  0.549694704669     -0.924319280974E-05   4.80083746876       1.09938940934      0.165183371886      0.154825076832      0.229686255951    
  0.937500000000      0.216101734417E-02  0.561376871194     -0.923770331836E-05   4.96188851831       1.12275374239      0.169854668590      0.158989664990      0.232532537615    
  0.968750000000      0.216027520869E-02  0.573536001075     -0.923197919445E-05   5.11585265330       1.14707200215      0.174676991416      0.163286442292      0.235572567367    
   1.00000000000      0.215950382480E-02  0.586174334006     -0.922599624146E-05   5.29920840152       1.17234866801      0.179650396388      0.167715621967      0.238808315651    
   1.03125000000      0.215870313133E-02  0.599292871364     -0.921972827423E-05   5.46966257206       1.19858574273      0.184774668002      0.172277155953      0.242241047409    
   1.06250000000      0.215787313860E-02  0.612891441797     -0.921314716536E-05   5.66215890599       1.22578288359      0.190049351053      0.176970756958      0.245871333786    
   1.09375000000      0.215701392353E-02  0.626968782555     -0.920622289250E-05   5.82544921746       1.25393756511      0.195473785338      0.181795924361      0.249699072856    
   1.12500000000      0.215612562386E-02  0.641522632920     -0.919892359101E-05   6.01427887951       1.28304526584      0.201047141918      0.186751973001      0.253723518000    
   1.15625000000      0.215520843195E-02  0.656549836221     -0.919121561935E-05   6.18754184339       1.31309967244      0.206768459754      0.191838063880      0.257943312587    
   1.18750000000      0.215426258816E-02  0.672046447181     -0.918306364652E-05   6.35765731337       1.34409289436      0.212636681617      0.197053235875      0.262356529690    
   1.21875000000      0.215328837415E-02  0.688007841768     -0.917443077228E-05   6.56060907958       1.37601568354      0.218650688394      0.202396437632      0.266960715742    
   1.25000000000      0.215228610614E-02  0.704428827175     -0.916527869124E-05   6.71541534745       1.40885765435      0.224809331041      0.207866558933      0.271752937202    
   1.28125000000      0.215125612828E-02  0.721303750072     -0.915556791201E-05   6.93459872225       1.44260750014      0.231111459638      0.213462460918      0.276729829516    
   1.31250000000      0.215019880618E-02  0.738626601760     -0.914525804212E-05   7.10401892173       1.47725320352      0.237555949149      0.219183004734      0.281887647877    
   1.34375000000      0.214911452075E-02  0.756391119360     -0.913430814845E-05   7.30636299998       1.51278223872      0.244141721653      0.225027078226      0.287222319481    
   1.37500000000      0.214800366226E-02  0.774590882557     -0.912267720241E-05   7.49806981304       1.54918176511      0.250867764908      0.230993620463      0.292729497186    
   1.40625000000      0.214686662470E-02  0.793219405871     -0.911032461798E-05   7.67367352627       1.58643881174      0.257733147249      0.237081643945      0.298404614677    
   1.43750000000      0.214570380037E-02  0.812270226710     -0.909721089028E-05   7.89861338313       1.62454045342      0.264737028860      0.243290254440      0.304242943410    
   1.46875000000      0.214451557476E-02  0.831736989805     -0.908329834154E-05   8.04875541148       1.66347397961      0.271878669541      0.249618668444      0.310239651820    
   1.50000000000      0.214330232157E-02  0.851613528860     -0.906855198084E-05   8.30123822407       1.70322705772      0.279157433119      0.256066228300      0.316389867441    
   1.53125000000      0.214206439779E-02  0.871893946488     -0.905294048318E-05   8.49137370779       1.74378789298      0.286572788657      0.262632415031      0.322688742800    
   1.56250000000      0.214080213893E-02  0.892572693702     -0.903643729248E-05   8.69604135953       1.78514538740      0.294124308645      0.269316858938      0.329131526118    
   1.59375000000      0.213951585409E-02  0.913644650384     -0.901902185172E-05   8.94699551420       1.82728930077      0.301811664324      0.276119347963      0.335713638097    
   1.62500000000      0.213820582093E-02  0.935105208280     -0.900068096145E-05   9.09817939831       1.87021041656      0.309634618273      0.283039833805      0.342430756202    
   1.65625000000      0.213687228041E-02  0.956950358130     -0.898141026520E-05   9.39607472017       1.91390071626      0.317593014374      0.290078435660      0.349278908096    
   1.68750000000      0.213551543110E-02  0.979176782501     -0.896121585662E-05   9.62957059476       1.95835356500      0.325686765180      0.297235441377      0.356254575945    
   1.71875000000      0.213413542320E-02   1.00178195572     -0.894011599820E-05   9.79343623500       2.00356391144      0.333915836646      0.304511305688      0.363354813387    
   1.75000000000      0.213273235193E-02   1.02476425194     -0.891814293342E-05   10.1399720701       2.04952850389      0.342280230076      0.311906645017      0.370577376850    
   1.78125000000      0.213130625046E-02   1.04812306176     -0.889534476330E-05   10.3686823938       2.09624612352      0.350779960983      0.319422228232      0.377920872544    
   1.81250000000      0.212985708235E-02   1.07185891679     -0.887178734111E-05   10.5571704073       2.14371783359      0.359415034407      0.327058962547      0.385384919840    
   1.84375000000      0.212838473360E-02   1.09597362043     -0.884755611428E-05   10.9456799848       2.19194724086      0.368185416121      0.334817873714      0.392970330595    
   1.87500000000      0.212688900458E-02   1.12047038107     -0.882275780682E-05   11.2194673024       2.24094076214      0.377090999064      0.342700079661      0.400679302345    
   1.90625000000      0.212536960205E-02   1.14535394229     -0.879752178537E-05   11.4319263422       2.29070788458      0.386131564462      0.350706756978      0.408515620852    
   1.93750000000      0.212382613201E-02   1.17063070193     -0.877200088302E-05   11.7921713242       2.34126140385      0.395306737436      0.358839100170      0.416484864321    
   1.96875000000      0.212225809376E-02   1.19630880973     -0.874637136514E-05   12.1421301229       2.39261761947      0.404615937583      0.367098274489      0.424594597662    
   2.00000000000      0.212066487607E-02   1.22239823100     -0.872083161524E-05   12.4279598426       2.44479646199      0.414058326111      0.375485364258      0.432854540629    
   2.03125000000      0.211904575636E-02   1.24891076177     -0.869559901724E-05   12.5972455964       2.49782152354      0.423632752760      0.384001319920      0.441276689091    
   2.06250000000      0.211739990362E-02   1.27585998090     -0.867090444697E-05   12.9334541786       2.55171996180      0.433337707746      0.392646908358      0.449875364796    
   2.09375000000      0.211572638593E-02   1.30326112553     -0.864698380394E-05   13.3143936373       2.60652225105      0.443171286172      0.401422672427      0.458667166928    
   2.12500000000      0.211402418327E-02   1.33113088069     -0.862406614960E-05   13.6148629369       2.66226176138      0.453131173860      0.410328906915      0.467670799915    
   2.15625000000      0.211229220574E-02   1.35948707950     -0.860235830236E-05   13.8519655286       2.71897415900      0.463214663490      0.419365658463      0.476906757546    
   2.18750000000      0.211052931705E-02   1.38834831762     -0.858202618621E-05   14.1923750670       2.77669663525      0.473418707719      0.428532755392      0.486396854513    
   2.21875000000      0.210873436259E-02   1.41773349377     -0.856317382661E-05   14.6547658064       2.83546698755      0.483740011597      0.437829869109      0.496163613067    
   2.25000000000      0.210690620054E-02   1.44766129687     -0.854582157969E-05   15.2952253107       2.89532259373      0.494175160901      0.447256602892      0.506229533073    
   2.28125000000      0.210504373429E-02   1.47814967070     -0.852988586729E-05   15.8436270813       2.95629934140      0.504720776618      0.456812598550      0.516616295534    
   2.31250000000      0.210314594377E-02   1.50921529571     -0.851516317510E-05   16.2957874853       3.01843059143      0.515373679171      0.466497648573      0.527343967970    
   2.34375000000      0.210121191326E-02   1.54087313162     -0.850132104123E-05   16.7934709014       3.08174626324      0.526131040471      0.476311800731      0.538430290417    
   2.37500000000      0.209924085316E-02   1.57313606162     -0.848789793693E-05   17.3112067826       3.14627212323      0.536990500121      0.486255442091      0.549890119404    
   2.40625000000      0.209723211382E-02   1.60601466930     -0.847431245680E-05   17.8003683961       3.21202933861      0.547950226892      0.496329349532      0.561735092880    
   2.43750000000      0.209518518993E-02   1.63951716708     -0.845988081176E-05   18.4034136176       3.27903433415      0.559008917700      0.506534696318      0.573973553059    
   2.46875000000      0.209309971524E-02   1.67364948208     -0.844384099222E-05   18.9277439132       3.34729896416      0.570165739405      0.516873011767      0.586610730908    
   2.50000000000      0.209097544823E-02   1.70841549265     -0.842538192505E-05   19.3641527893       3.41683098531      0.581420228581      0.527346102590      0.599649161483    
   2.53125000000      0.208881225025E-02   1.74381739350     -0.840367531387E-05   19.7703904387       3.48763478700      0.592772169385      0.537955953785      0.613089270331    
   2.56250000000      0.208661005838E-02   1.77985615191     -0.837790612859E-05   20.1181804146       3.55971230382      0.604221472270      0.548704626748      0.626930052894    
   2.59375000000      0.208436885561E-02   1.81653200468     -0.834729669835E-05   20.6753853597       3.63306400937      0.615768078482      0.559594161999      0.641169764204    
   2.62500000000      0.208208864107E-02   1.85384494185     -0.831112187956E-05   21.1902061194       3.70768988370      0.627411913848      0.570626483327      0.655806544674    
   2.65625000000      0.207976940308E-02   1.89179513405     -0.826871848072E-05   21.6068196612       3.78359026811      0.639152905183      0.581803302526      0.670838926344    
   2.68750000000      0.207741109705E-02   1.93038328161     -0.821949539767E-05   21.9130929654       3.86076656322      0.650991054333      0.593126040036      0.686266187240    
   2.71875000000      0.207501362966E-02   1.96961088034     -0.816294596866E-05   22.0987937138       3.93922176068      0.662926548653      0.604595787368      0.702088544319    
   2.75000000000      0.207257684935E-02   2.00948039839     -0.809865427236E-05   22.1558687758       4.01896079678      0.674959883744      0.616213319820      0.718307194827    
   2.78125000000      0.207010054204E-02   2.04999534812     -0.802628583593E-05   22.4729507239       4.09999069625      0.687091984430      0.627979132125      0.734924231568    
   2.81250000000      0.206758443120E-02   2.09116024827     -0.794556824840E-05   22.7192889209       4.18232049655      0.699324318939      0.639893459951      0.751942469384    
   2.84375000000      0.206502818133E-02   2.13298051360     -0.785628320279E-05   22.8854338091       4.26596102720      0.711658996145      0.651956293039      0.769365224415    
   2.87500000000      0.206243140434E-02   2.17546234089     -0.775828124835E-05   23.3103316412       4.35092468179      0.724098823407      0.664167436740      0.787196080746    
   2.90625000000      0.205979366678E-02   2.21861263331     -0.765149615813E-05   23.6116821918       4.43722526661      0.736647305407      0.676526663538      0.805438664362    
   2.93750000000      0.205711449580E-02   2.26243894062     -0.753592452795E-05   23.7840906589       4.52487788125      0.749308592013      0.689033915839      0.824096432771    
   2.96875000000      0.205439338304E-02   2.30694937290     -0.741158140199E-05   23.8228023074       4.61389874581      0.762087411807      0.701689474432      0.843172486664    
   3.00000000000      0.205162978732E-02   2.35215250032     -0.727849554734E-05   23.9075573135       4.70430500064      0.774989023406      0.714494066246      0.862669410670    
   3.03125000000      0.204882313767E-02   2.39805730591     -0.713678376679E-05   24.1044165876       4.79611461182      0.788019179480      0.727448982571      0.882589143857    
   3.06250000000      0.204597283613E-02   2.44467322147     -0.698675175213E-05   24.1548490303       4.88934644294      0.801184071448      0.740556279909      0.902932870112    
   3.09375000000      0.204307825860E-02   2.49201018159     -0.682892906142E-05   24.0459986539       4.98402036317      0.814490242539      0.753819021344      0.923700917705    
   3.12500000000      0.204013875411E-02   2.54007859613     -0.666402953187E-05   23.7638504112       5.08015719226      0.827944502553      0.767241422672      0.944892670905    
   3.15625000000      0.203715364572E-02   2.58888921787     -0.649294090513E-05   23.4634236554       5.17777843573      0.841553886492      0.780828820675      0.966506510698    
   3.18750000000      0.203412223629E-02   2.63845298555     -0.631683314641E-05   23.1690715097       5.27690597109      0.855325640935      0.794587543731      0.988539800879    
   3.21875000000      0.203104381973E-02   2.68878093067     -0.613732492591E-05   22.9047399398       5.37756186133      0.869267153371      0.808524856880       1.01098892042    
   3.25000000000      0.202791769586E-02   2.73988410685     -0.595653490444E-05   22.9323569406       5.47976821371      0.883385755588      0.822649024052       1.03384932721    
   3.28125000000      0.202474318753E-02   2.79177334878     -0.577692538693E-05   22.8140035479       5.58354669756      0.897688440707      0.836969272279       1.05711563579    
   3.31250000000      0.202151966293E-02   2.84445869411     -0.560106400737E-05   22.5616387852       5.68891738822      0.912181608115      0.851495382096       1.08078170390    
   3.34375000000      0.201824656726E-02   2.89794855577     -0.543154882804E-05   22.3125012135       5.79589711154      0.926870871062      0.866236948917       1.10484073579    
   3.37500000000      0.201492346528E-02   2.95224897029     -0.527118237314E-05   22.7343586150       5.90449794057      0.941760807069      0.881202765770       1.12928539745    
   3.40625000000      0.201155008927E-02   3.00736317130     -0.512315382113E-05   23.2540386553       6.01472634260      0.956854530509      0.896400745015       1.15410789578    
   3.43750000000      0.200812638226E-02   3.06329136995     -0.499089841425E-05   23.6254622553       6.12658273989      0.972153183456      0.911838244939       1.17929994155    
   3.46875000000      0.200465252747E-02   3.12003036671     -0.487768993232E-05   25.1029399542       6.24006073341      0.987655618992      0.927522200319       1.20485254739    
   3.50000000000      0.200112896207E-02   3.17757283407     -0.478646227918E-05   26.0937958005       6.35514566814       1.00335842690      0.943458708225       1.23075569895    
   3.53125000000      0.199755637875E-02   3.23590665271     -0.472013466545E-05   26.5970456885       6.47181330541       1.01925615442      0.959652509033       1.25699798925    
   3.56250000000      0.199393571767E-02   3.29501498576     -0.468194067438E-05   27.9556875371       6.59002997152       1.03534150878      0.976107225079       1.28356625191    
   3.59375000000      0.199026814338E-02   3.35487741225     -0.467502070970E-05   29.0716863088       6.70975482450       1.05160561107      0.992826683658       1.31044511752    
   3.62500000000      0.198655499494E-02   3.41547162428     -0.470139760228E-05   30.0548057020       6.83094324856       1.06803861396       1.00981662080       1.33761638951    
   3.65625000000      0.198279770187E-02   3.47677473847     -0.476137063984E-05   30.5640690186       6.95354947693       1.08463082255       1.02708565260       1.36505826331    
   3.68750000000      0.197899767348E-02   3.53876387047     -0.485391296410E-05   32.1126223310       7.07752774094       1.10137406626       1.04464520182       1.39274460238    
   3.71875000000      0.197515618446E-02   3.60141681345     -0.497720860783E-05   33.3797504608       7.20283362690       1.11826296009       1.06250932726       1.42064452610    
   3.75000000000      0.197127428014E-02   3.66471396696     -0.512808144068E-05   34.3310485029       7.32942793393       1.13529599661       1.08069561934       1.44872235101    
   3.78125000000      0.196735270801E-02   3.72864141164     -0.530064395633E-05   34.6857957207       7.45728282328       1.15247676747       1.09922700424       1.47693763993    
   3.81250000000      0.196339186415E-02   3.79319352854     -0.548595683083E-05   35.8494588179       7.58638705708       1.16981559206       1.11813282500       1.50524511148    
   3.84375000000      0.195939174478E-02   3.85837355549     -0.567349929724E-05   36.5496361223       7.71674711098       1.18733130935       1.13744770162       1.53359454452    
   3.87500000000      0.195535191478E-02   3.92419195171     -0.585293793733E-05   36.4600113030       7.84838390342       1.20505239791       1.15720837606       1.56193117774    
   3.90625000000      0.195127152264E-02   3.99066389506     -0.601417114238E-05   36.5787823787       7.98132779011       1.22301667403       1.17745024185       1.59019697918    
   3.93750000000      0.194714938375E-02   4.05780744379     -0.614550961305E-05   36.6172777860       8.11561488758       1.24126969413       1.19820513852       1.61833261114    
   3.96875000000      0.194298412155E-02   4.12564286104     -0.623197698164E-05   37.1454556534       8.25128572209       1.25986273313       1.21950059952       1.64627952839    
   4.00000000000      0.193877432590E-02   4.19419227702     -0.625617536494E-05   37.1667881434       8.38838455403       1.27885101304       1.24135943326       1.67398183071    
   4.03125000000      0.193451868584E-02   4.26347838710     -0.620211534843E-05   38.5255857798       8.52695677420       1.29829207150       1.26379832525       1.70138799035    
   4.06250000000      0.193021608153E-02   4.33352169815     -0.605875101920E-05   39.9338759643       8.66704339630       1.31824365409       1.28682523974       1.72845280432    
   4.09375000000      0.192586565236E-02   4.40433724601     -0.581876363162E-05   40.7066964432       8.80867449203       1.33876061185       1.31043695276       1.75513968141    
   4.12500000000      0.192146686482E-02   4.47593235890     -0.547255714082E-05   40.3887054044       8.95186471781       1.35989080338       1.33461853936       1.78142301617    
   4.15625000000      0.191701958356E-02   4.54830620811     -0.500319035265E-05   41.5708518582       9.09661241622       1.38167060025       1.35934530616       1.80729030170    
   4.18750000000      0.191252412863E-02   4.62145045856     -0.438741376009E-05   43.3311150712       9.24290091711       1.40412081822       1.38458586311       1.83274377723    
   4.21875000000      0.190798130364E-02   4.69534987160     -0.360132335928E-05   43.8796379257       9.39069974321       1.42724354250       1.41030478864       1.85780154046    
   4.25000000000      0.190339239563E-02   4.76998242751     -0.262473306473E-05   44.0828362735       9.53996485503       1.45101982267       1.43646459023       1.88249801461    
   4.28125000000      0.189875915414E-02   4.84531923834     -0.144102733678E-05   43.4403976339       9.69063847669       1.47540818667       1.46302755099       1.90688350068    
   4.31250000000      0.189408375314E-02   4.92132459458     -0.348866911487E-07   43.8506297218       9.84264918915       1.50034433839       1.48995776233       1.93102249385    
   4.34375000000      0.188936873488E-02   4.99795640780      0.160742987614E-05   45.1869200983       9.99591281561       1.52574269504       1.51722305250       1.95499066026    
   4.37500000000      0.188461693401E-02   5.07516733368      0.349324882604E-05   45.2251761642       10.1503346674       1.55150021260       1.54479636103       1.97887076005    
   4.40625000000      0.187983137795E-02   5.15290668110      0.561674110653E-05   44.0355651423       10.3058133622       1.57750238068       1.57265619129       2.00274810913    
   4.43750000000      0.187501515998E-02   5.23112285220      0.795516863388E-05   44.8164530475       10.4622457044       1.60363071588       1.60078587501       2.02670626131    
   4.46875000000      0.187017129090E-02   5.30976589168      0.104706503562E-04   45.6564745251       10.6195317834       1.62977080294       1.62917160788       2.05082348086    
   4.50000000000      0.186530254797E-02   5.38878981582      0.131151356046E-04   46.3173614318       10.7775796316       1.65581997436       1.65779951627       2.07517032519    
   4.53125000000      0.186041134662E-02   5.46815450670      0.158336334059E-04   46.7858467461       10.9363090134       1.68169397219       1.68665217858       2.09980835592    
   4.56250000000      0.185549965890E-02   5.54782699163      0.185628408481E-04   47.0465386109       11.0956539833       1.70733220026       1.71570502277       2.12478976860    
   4.59375000000      0.185056899440E-02   5.62778191398      0.212269916358E-04   47.0831838382       11.2555638280       1.73270129214       1.74492298922       2.15015763262    
   4.62500000000      0.184562044791E-02   5.70800096914      0.237355753988E-04   46.8804793691       11.4160019383       1.75779671293       1.77425784853       2.17594640768    
   4.65625000000      0.184065480592E-02   5.78847114081      0.259862492409E-04   46.4263431362       11.5769422816       1.78264214277       1.80364661293       2.20218238511    
   4.68750000000      0.183567269522E-02   5.86918187419      0.278724105260E-04   46.2922503742       11.7383637484       1.80728658081       1.83301159830       2.22888369508    
   4.71875000000      0.183067475245E-02   5.95012178002      0.292919586744E-04   47.1137050774       11.9002435600       1.83179943422       1.86226278210       2.25605956371    
   4.75000000000      0.182566179108E-02   6.03127573348      0.301536608850E-04   47.7839276057       12.0625514670       1.85626419387       1.89130291294       2.28370862667    
   4.78125000000      0.182063494074E-02   6.11262305264      0.303795950006E-04   48.1862228878       12.2252461053       1.88077151891       1.92003520410       2.31181632963    
   4.81250000000      0.181559573431E-02   6.19413691010      0.299045923563E-04   48.3260239638       12.3882738202       1.90541257620       1.94837256438       2.34035176952    
   4.84375000000      0.181054612632E-02   6.27578461907      0.286751510009E-04   48.2163551084       12.5515692381       1.93027331012       1.97624661939       2.36926468956    
   4.87500000000      0.180548844174E-02   6.35752827386      0.266504328484E-04   47.9107063578       12.7150565477       1.95543003077       2.00361465254       2.39848359055    
   4.90625000000      0.180042527235E-02   6.43932548980      0.238067078112E-04   48.7674811849       12.8786509796       1.98094639681       2.03046318084       2.42791591216    
   4.93750000000      0.179535934714E-02   6.52113043754      0.201445633123E-04   49.3203983669       13.0422608751       2.00687159592       2.05680793206       2.45745090955    
   4.96875000000      0.179029339992E-02   6.60289557405      0.156965442220E-04   49.5450639002       13.2057911481       2.03323933424       2.08269095789       2.48696528192    
   5.00000000000      0.178523004610E-02   6.68457416710      0.105326356675E-04   49.4267686251       13.3691483342       2.06006720029       2.10817599299       2.51633097381    
