   0.00000000000      0.316628698882E-02  0.375000000000      0.100502418186E-18   2.00000000000      0.750000000000      0.625000000000E-01  0.625000000000E-01  0.250000000000    
  0.625000000000E-01  0.316628684324E-02  0.375152523786     -0.173591355433E-18   1.99804962728      0.750305047571      0.626067354590E-01  0.626067354590E-01  0.249939052868    
  0.125000000000      0.316628640624E-02  0.375610635140     -0.120341291895E-18   1.99221474109      0.751221270281      0.629268361678E-01  0.629268361678E-01  0.249756962805    
  0.187500000000      0.316628567629E-02  0.376375951001     -0.314585533281E-18   1.98254374061      0.752751902001      0.634599901929E-01  0.634599901929E-01  0.249455970615    
  0.250000000000      0.316628465082E-02  0.377451156534     -0.235636872737E-18   1.96911631589      0.754902313068      0.642056944572E-01  0.642056944572E-01  0.249039767620    
  0.312500000000      0.316628332626E-02  0.378839991034     -0.537858843407E-18   1.95204201689      0.757679982069      0.651632794586E-01  0.651632794586E-01  0.248513432117    
  0.375000000000      0.316628169805E-02  0.380547229107     -0.554682072929E-18   1.93145831239      0.761094458214      0.663319428982E-01  0.663319428982E-01  0.247883343311    
  0.437500000000      0.316627976067E-02  0.382578658025     -0.690893479568E-18   1.90752819773      0.765157316050      0.677107912936E-01  0.677107912936E-01  0.247157075438    
  0.500000000000      0.316627750765E-02  0.384941052290     -0.134474269970E-17   1.88043742181      0.769882104579      0.692988884552E-01  0.692988884552E-01  0.246343275379    
  0.562500000000      0.316627493161E-02  0.387642146552     -0.555371231962E-18   1.85039141364      0.775284293104      0.710953095568E-01  0.710953095568E-01  0.245451527438    
  0.625000000000      0.316627202428E-02  0.390690608093     -0.125080839166E-17   1.81761199314      0.781381216185      0.730991994302E-01  0.730991994302E-01  0.244492209232    
  0.687500000000      0.316626877651E-02  0.394096010052     -0.150035697895E-17   1.78233395404      0.788192020103      0.753098336681E-01  0.753098336681E-01  0.243476342716    
  0.750000000000      0.316626517834E-02  0.397868806537     -0.952996789225E-18   1.74480160413      0.795737613075      0.777266811193E-01  0.777266811193E-01  0.242415444299    
  0.812500000000      0.316626121897E-02  0.402020310610     -0.826108111257E-18   1.70526534557      0.804040621221      0.803494664093E-01  0.803494664093E-01  0.241321377792    
  0.875000000000      0.316625688680E-02  0.406562675993     -0.110296687958E-17   1.66397836839      0.813125351985      0.831782312082E-01  0.831782312082E-01  0.240206213576    
  0.937500000000      0.316625216944E-02  0.411508883149     -0.112815207076E-17   1.62119352446      0.823017766299      0.862133930893E-01  0.862133930893E-01  0.239082096971    
   1.00000000000      0.316624705373E-02  0.416872730184     -0.132727812426E-17   1.57716043553      0.833745460369      0.894558009760E-01  0.894558009760E-01  0.237961128232    
   1.06250000000      0.316624152574E-02  0.422668828776     -0.899014856685E-18   1.53212287890      0.845337657551      0.929067863391E-01  0.929067863391E-01  0.236855256097    
   1.12500000000      0.316623557073E-02  0.428912605182     -0.197219448478E-17   1.48631648303      0.857825210363      0.965682094979E-01  0.965682094979E-01  0.235776186186    
   1.18750000000      0.316622917323E-02  0.435620306163     -0.152949012362E-17   1.43996675214      0.871240612325      0.100442500562      0.100442500562      0.234735305038    
   1.25000000000      0.316622231693E-02  0.442809009531     -0.110759777913E-17   1.39380291031      0.885618019062      0.104532694755      0.104532694755      0.233743620020    
   1.31250000000      0.316621498474E-02  0.450496638952     -0.196295008266E-17   1.35218556032      0.900993277903      0.108842462042      0.108842462042      0.232811714869    
   1.37500000000      0.316620715874E-02  0.458701982583     -0.202085197415E-17   1.33124625977      0.917403965167      0.113376131186      0.113376131186      0.231949720211    
   1.43750000000      0.316619882017E-02  0.467444715188     -0.110254900303E-17   1.36761623773      0.934889430377      0.118138708550      0.118138708550      0.231167298088    
   1.50000000000      0.316618994940E-02  0.476745423441     -0.224953479653E-17   1.41311476844      0.953490846883      0.123135892109      0.123135892109      0.230473639224    
   1.56250000000      0.316618052590E-02  0.486625634341     -0.300640382245E-17   1.46022617919      0.973251268683      0.128374081363      0.128374081363      0.229877471616    
   1.62500000000      0.316617052820E-02  0.497107846851     -0.218862401584E-17   1.51079739772      0.994215693702      0.133860383969      0.133860383969      0.229387078913    
   1.68750000000      0.316615993390E-02  0.508215567124     -0.188377788263E-17   1.56416818326       1.01643113425      0.139602620063      0.139602620063      0.229010326997    
   1.75000000000      0.316614871956E-02  0.519973347820     -0.193505053988E-17   1.62027862586       1.03994669564      0.145609325325      0.145609325325      0.228754697169    
   1.81250000000      0.316613686066E-02  0.532406831936     -0.115308130416E-17   1.68080392942       1.06481366387      0.151889753799      0.151889753799      0.228627324338    
   1.87500000000      0.316612433149E-02  0.545542801065     -0.757997796377E-18   1.74272689315       1.09108560213      0.158453881242      0.158453881242      0.228635038582    
   1.93750000000      0.316611110494E-02  0.559409227010     -0.138515341822E-18   1.81122802179       1.11881845402      0.165312409282      0.165312409282      0.228784408445    
   2.00000000000      0.316609715216E-02  0.574035324216      0.624186312143E-18   1.88057046338       1.14807064843      0.172476769930      0.172476769930      0.229081784357    
   2.06250000000      0.316608244197E-02  0.589451599155      0.592640466258E-18   1.95554883282       1.17890319831      0.179959129207      0.179959129207      0.229533340742    
   2.12500000000      0.316606694000E-02  0.605689892196      0.817821807929E-18   2.03208611280       1.21137978439      0.187772388221      0.187772388221      0.230145115754    
   2.18750000000      0.316605060737E-02  0.622783408747      0.618044335244E-18   2.11079354145       1.24556681749      0.195930180304      0.195930180304      0.230923048139    
   2.25000000000      0.316603339906E-02  0.640766740246      0.662413340243E-18   2.19918402061       1.28153348049      0.204446864417      0.204446864417      0.231873011413    
   2.31250000000      0.316601526180E-02  0.659675882329      0.127147112818E-17   2.29068128336       1.31935176466      0.213337518051      0.213337518051      0.233000846227    
   2.37500000000      0.316599613177E-02  0.679548267210      0.853673764144E-18   2.38419064493       1.35909653442      0.222617937353      0.222617937353      0.234312392504    
   2.43750000000      0.316597593224E-02  0.700422839266      0.102185394274E-17   2.47893746725       1.40084567853      0.232304657831      0.232304657831      0.235813523605    
   2.50000000000      0.316595457153E-02  0.722340216117      0.135638559051E-17   2.59075987272       1.44468043223      0.242415015126      0.242415015125      0.237510185866    
   2.56250000000      0.316593194156E-02  0.745342991081      0.144984406800E-17   2.71046131672       1.49068598216      0.252967271401      0.252967271401      0.239408448280    
   2.62500000000      0.316590791748E-02  0.769476245393      0.164984155565E-17   2.82237446981       1.53895249079      0.263980838004      0.263980838004      0.241514569386    
   2.68750000000      0.316588235849E-02  0.794788349339      0.157951743606E-17   2.96574512909       1.58957669868      0.275476628826      0.275476628825      0.243835091688    
   2.75000000000      0.316585511019E-02  0.821332140064      0.126325648043E-17   3.10168537033       1.64266428013      0.287477580796      0.287477580796      0.246376978472    
   2.81250000000      0.316582600827E-02  0.849166571395      0.170151131197E-17   3.25026062201       1.69833314279      0.300009378530      0.300009378529      0.249147814336    
   2.87500000000      0.316579488317E-02  0.878358939773      0.317097284968E-18   3.42066575815       1.75671787955      0.313101420008      0.313101420006      0.252156099758    
   2.93750000000      0.316576156492E-02  0.908987802213      0.135822834268E-18   3.58163135199       1.81797560443      0.326788059868      0.326788059864      0.255411682481    
   3.00000000000      0.316572588691E-02  0.941146718037     -0.533850518171E-18   3.78688254907       1.88229343607      0.341110166304      0.341110166297      0.258926385435    
   3.06250000000      0.316568768663E-02  0.974948956317     -0.240866194802E-18   3.99252947208       1.94989791263      0.356117021666      0.356117021654      0.262714912997    
   3.12500000000      0.316564679986E-02   1.01053325549     -0.164833389031E-17   4.23781359133       2.02106651098      0.371868555558      0.371868555538      0.266796144393    
   3.18750000000      0.316560304248E-02   1.04807058350     -0.124075635355E-17   4.53040660251       2.09614116700      0.388437814865      0.388437814835      0.271194953801    
   3.25000000000      0.316555617573E-02   1.08777204160     -0.157760491514E-17   4.81289486211       2.17554408319      0.405913654459      0.405913654421      0.275944732718    
   3.31250000000      0.316550585888E-02   1.12989872181     -0.104738836442E-17   5.28432789751       2.25979744361      0.424403944361      0.424403944349      0.281090833097    
   3.37500000000      0.316545158522E-02   1.17477347819     -0.136018980711E-17   5.81925355243       2.34954695638      0.444039160770      0.444039160926      0.286695156496    
   3.43750000000      0.316539256595E-02   1.22279122108     -0.111857341152E-17   6.35361220236       2.44558244215      0.464974658322      0.464974659080      0.292841903674    
   3.50000000000      0.316532752681E-02   1.27442244488     -0.108998457371E-17   6.99706776176       2.54884488976      0.487389300739      0.487389303267      0.299643840874    
   3.56250000000      0.316525442472E-02   1.33020564065     -0.174571503257E-17   7.74154596763       2.66041128130      0.511479008289      0.511479015349      0.307247617011    
   3.62500000000      0.316517014262E-02   1.39072745165     -0.128818351244E-17   8.51343973296       2.78145490331      0.537445334445      0.537445351719      0.315836765489    
   3.68750000000      0.316507031316E-02   1.45659845176     -0.128456960478E-17   9.30294514877       2.91319690353      0.565482871963      0.565482909433      0.325632670368    
   3.75000000000      0.316494942842E-02   1.52843744205     -0.143573961549E-17   10.1933909263       3.05687488409      0.595770828097      0.595770900841      0.336895713109    
   3.81250000000      0.316480121195E-02   1.60686841838     -0.749308278724E-19   11.3639586694       3.21373683676      0.628469712773      0.628469840864      0.349928864741    
   3.87500000000      0.316461913581E-02   1.69252691938     -0.106242669456E-17   12.6399825629       3.38505383877      0.663721896464      0.663722104820      0.365082918099    
   3.93750000000      0.316439681919E-02   1.78605395131     -0.111719558954E-17   13.7598439166       3.57210790261      0.701648780405      0.701649099295      0.382756071605    
   4.00000000000      0.316412741732E-02   1.88799702899     -0.159705416519E-17   15.0673352133       3.77599405799      0.742312049554      0.742312507894      0.403372471545    
   4.06250000000      0.316380200963E-02   1.99859333858     -0.201028597915E-17   17.0715091909       3.99718667716      0.785634356252      0.785634932755      0.427324049572    
   4.12500000000      0.316341159223E-02   2.11777715200     -0.170583026398E-17   18.3508415792       4.23555430400      0.831445034835      0.831445521930      0.454886595236    
   4.18750000000      0.316295402867E-02   2.24559564227     -0.179185394575E-17   19.6387907259       4.49119128453      0.879710314085      0.879710207932      0.486175120249    
   4.25000000000      0.316242797226E-02   2.38168202194     -0.300743762852E-17   22.2591087966       4.76336404387      0.930227116151      0.930226055883      0.521228849903    
   4.31250000000      0.316182270287E-02   2.52446273905     -0.226955943490E-17   24.3115760215       5.04892547810      0.982103022445      0.982101290216      0.560258426390    
   4.37500000000      0.316114767446E-02   2.67400114003     -0.233596342652E-17   25.7721863689       5.34800228005       1.03509605558       1.03509422844      0.603810856015    
   4.43750000000      0.316042418037E-02   2.83112212404     -0.143054434932E-17   26.0715928972       5.66224424807       1.08936531468       1.08936351236      0.652393297003    
   4.50000000000      0.315964876369E-02   2.99423492229     -0.200920681864E-17   26.5479254113       5.98846984458       1.14395344679       1.14395091195      0.706330563557    
   4.56250000000      0.315883399093E-02   3.16381638339     -0.165650858598E-17   25.5055447307       6.32763276678       1.19906431446       1.19906141488      0.765690654050    
   4.62500000000      0.315797487674E-02   3.33881667889     -0.255697078336E-17   25.7972325473       6.67763335777       1.25477108536       1.25476835115      0.829277242378    
   4.68750000000      0.315705070734E-02   3.51695875272     -0.160183525621E-17   26.2041852734       7.03391750544       1.31053141351       1.31052940262      0.895897936598    
   4.75000000000      0.315606926196E-02   3.69870637534     -0.164496114463E-17   26.3503997505       7.39741275068       1.36652962528       1.36652821774      0.965648532314    
   4.81250000000      0.315504510235E-02   3.88485161150     -0.320274407013E-18   26.2756431432       7.76970322301       1.42313217453       1.42313109360       1.03858834338    
   4.87500000000      0.315398207257E-02   4.07469366868     -0.873389403112E-18   25.5231736497       8.14938733736       1.48037254904       1.48037303752       1.11394808212    
   4.93750000000      0.315287199251E-02   4.26693482419     -0.256684070243E-17   24.5201740303       8.53386964839       1.53851616387       1.53851935415       1.18989930618    
   5.00000000000      0.315169478247E-02   4.45968230579     -0.196732666423E-17   23.8520928957       8.91936461159       1.59730243873       1.59730919691       1.26507067015    
