   6.28318530718       0.00000000000    
   12.5663706144      0.316628698882E-02
   18.8495559215      0.742907847856E-35
   25.1327412287      0.751346763610E-35
   31.4159265359      0.189744259207E-35
   37.6991118431      0.219896568319E-34
   43.9822971503      0.430750015443E-35
   50.2654824574      0.763064918798E-35
   56.5486677646      0.950635711466E-36
   62.8318530718      0.180134333529E-34
   69.1150383790      0.664686182473E-36
   75.3982236862      0.228758303246E-35
   81.6814089933      0.233145436359E-35
   87.9645943005      0.152833453667E-34
   94.2477796077      0.433066683761E-35
   100.530964915      0.769048362426E-35
   106.814150222      0.126276391540E-35
   113.097335529      0.648783348536E-35
   119.380520836      0.256578510631E-35
   125.663706144      0.713166229347E-35
   131.946891451      0.257733606332E-35
   138.230076758      0.670473577612E-35
   144.513262065      0.601153041049E-35
   150.796447372      0.261046886907E-34
   157.079632679      0.429581698320E-34
   163.362817987      0.327042410173E-34
   169.646003294      0.984033589105E-35
   175.929188601      0.331118697325E-35
   182.212373908      0.453535194473E-35
   188.495559215      0.293646006640E-35
   194.778744523      0.561269659027E-35
   201.061929830      0.197109414364E-34
   207.345115137      0.433903655725E-35
   213.628300444      0.290694581623E-34
   219.911485751      0.390733483402E-35
   226.194671058      0.446365123686E-35
   232.477856366      0.559908388506E-35
   238.761041673      0.689491814853E-35
   245.044226980      0.469062883465E-35
   251.327412287      0.471937295523E-35
   257.610597594      0.834753821801E-35
   263.893782902      0.648181857690E-35
   270.176968209      0.530540943090E-35
   276.460153516      0.335889769962E-35
   282.743338823      0.204909523361E-35
   289.026524130      0.251864861979E-35
   295.309709437      0.217506465054E-35
   301.592894745      0.156510188736E-35
   307.876080052      0.188555001437E-35
   314.159265359      0.180144548127E-35
   320.442450666      0.137244660416E-35
   326.725635973      0.149557180250E-35
   333.008821281      0.113557098467E-35
   339.292006588      0.995438329595E-36
   345.575191895      0.671052151852E-36
   351.858377202      0.734168488017E-36
   358.141562509      0.500848679178E-36
   364.424747816      0.472225507080E-36
   370.707933124      0.363926701312E-36
   376.991118431      0.289682757114E-36
   383.274303738      0.225947352596E-36
   389.557489045      0.185233459685E-36
   395.840674352      0.140784169226E-36
   402.123859659      0.130017568984E-36
   408.407044967      0.949963977789E-37
   414.690230274      0.612264512007E-37
   420.973415581      0.499107749983E-37
   427.256600888      0.337646613195E-37
   433.539786195      0.213383841603E-37
   439.822971503      0.129092486039E-37
   446.106156810      0.401235535565E-38
   452.389342117      0.374269936490E-38
   458.672527424      0.265048778108E-39
   464.955712731       0.00000000000    
   471.238898038       0.00000000000    
   477.522083346       0.00000000000    
   483.805268653       0.00000000000    
   490.088453960       0.00000000000    
   496.371639267       0.00000000000    
   502.654824574       0.00000000000    
   508.938009882       0.00000000000    
   515.221195189       0.00000000000    
   521.504380496       0.00000000000    
   527.787565803       0.00000000000    
   534.070751110       0.00000000000    
   540.353936417       0.00000000000    
   546.637121725       0.00000000000    
   552.920307032       0.00000000000    
   559.203492339       0.00000000000    
   565.486677646       0.00000000000    
   571.769862953       0.00000000000    
   578.053048261       0.00000000000    
   584.336233568       0.00000000000    
   590.619418875       0.00000000000    
   596.902604182       0.00000000000    
   603.185789489       0.00000000000    
   609.468974796       0.00000000000    
   615.752160104       0.00000000000    
   622.035345411       0.00000000000    
   628.318530718       0.00000000000    
   634.601716025       0.00000000000    
   640.884901332       0.00000000000    
   647.168086639       0.00000000000    
   653.451271947       0.00000000000    
   659.734457254       0.00000000000    
   666.017642561       0.00000000000    
   672.300827868       0.00000000000    
   678.584013175       0.00000000000    
   684.867198483       0.00000000000    
   691.150383790       0.00000000000    
   697.433569097       0.00000000000    
   6.28318530718      0.253183405273E-40
   12.5663706144      0.315395851407E-02
   18.8495559215      0.122356569005E-04
   25.1327412287      0.659240962581E-07
   31.4159265359      0.239594427768E-07
   37.6991118431      0.918645779775E-10
   43.9822971503      0.102390756455E-10
   50.2654824574      0.311701633417E-12
   56.5486677646      0.974383991455E-17
   62.8318530718      0.192282008176E-17
   69.1150383790      0.651232858411E-20
   75.3982236862      0.209662193453E-22
   81.6814089933      0.110155503592E-24
   87.9645943005      0.164370523789E-26
   94.2477796077      0.199307173311E-28
   100.530964915      0.145253586868E-34
   106.814150222      0.423803323730E-35
   113.097335529      0.331070030727E-34
   119.380520836      0.574151040315E-35
   125.663706144      0.397025652706E-34
   131.946891451      0.643948541261E-35
   138.230076758      0.305716001745E-34
   144.513262065      0.750930224994E-35
   150.796447372      0.289591304130E-34
   157.079632679      0.480836884609E-34
   163.362817987      0.654665393058E-34
   169.646003294      0.150926755076E-34
   175.929188601      0.234689342469E-34
   182.212373908      0.771804639533E-35
   188.495559215      0.109322443356E-34
   194.778744523      0.981180538455E-35
   201.061929830      0.490785969624E-34
   207.345115137      0.933696078245E-35
   213.628300444      0.946006030642E-34
   219.911485751      0.105938981191E-34
   226.194671058      0.136890987412E-34
   232.477856366      0.106467781294E-34
   238.761041673      0.232862737463E-34
   245.044226980      0.939859520508E-35
   251.327412287      0.211319974386E-34
   257.610597594      0.132491071431E-34
   263.893782902      0.271029713643E-34
   270.176968209      0.114823350450E-34
   276.460153516      0.125851762648E-34
   282.743338823      0.665523263466E-35
   289.026524130      0.113512227926E-34
   295.309709437      0.801757862891E-35
   301.592894745      0.164270899703E-34
   307.876080052      0.892180829408E-35
   314.159265359      0.146141266982E-34
   320.442450666      0.823014980380E-35
   326.725635973      0.104742480796E-34
   333.008821281      0.777772849237E-35
   339.292006588      0.810346456440E-35
   345.575191895      0.696060979909E-35
   351.858377202      0.919708626800E-35
   358.141562509      0.615820835303E-35
   364.424747816      0.870151838771E-35
   370.707933124      0.637170387102E-35
   376.991118431      0.674873586546E-35
   383.274303738      0.631861193907E-35
   389.557489045      0.704008691932E-35
   395.840674352      0.712214501672E-35
   402.123859659      0.206418999646E-34
   408.407044967      0.707941656993E-35
   414.690230274      0.647059067968E-35
   420.973415581      0.551973625100E-35
   427.256600888      0.554397681504E-35
   433.539786195      0.545793052824E-35
   439.822971503      0.517626651832E-35
   446.106156810      0.471215941246E-35
   452.389342117      0.503025459738E-35
   458.672527424      0.500083692455E-35
   464.955712731      0.424222014728E-35
   471.238898038      0.355976146758E-35
   477.522083346      0.399488889650E-35
   483.805268653      0.372205521910E-35
   490.088453960      0.396154475030E-35
   496.371639267      0.352170007190E-35
   502.654824574      0.326800075503E-35
   508.938009882      0.284427041154E-35
   515.221195189      0.325012699327E-35
   521.504380496      0.271698330239E-35
   527.787565803      0.263384800599E-35
   534.070751110      0.339225356043E-35
   540.353936417      0.200750495680E-35
   546.637121725      0.248126366377E-35
   552.920307032      0.199035510328E-35
   559.203492339      0.140574231232E-35
   565.486677646      0.160221713577E-35
   571.769862953      0.982670693230E-36
   578.053048261      0.931705380268E-36
   584.336233568      0.741069325843E-36
   590.619418875      0.748135784592E-36
   596.902604182      0.603282171302E-36
   603.185789489      0.500260728447E-36
   609.468974796      0.390305562967E-36
   615.752160104      0.378958782216E-36
   622.035345411      0.320392510001E-36
   628.318530718      0.306811776714E-36
   634.601716025      0.261972798616E-36
   640.884901332      0.238334585816E-36
   647.168086639      0.187777102156E-36
   653.451271947      0.125377602936E-36
   659.734457254      0.115023645295E-36
   666.017642561      0.947748694366E-37
   672.300827868      0.742614878231E-37
   678.584013175      0.447484529586E-37
   684.867198483      0.252883712356E-37
   691.150383790      0.184540639563E-37
   697.433569097      0.989408771797E-39
   6.28318530718      0.300020654637E-39
   12.5663706144      0.311739250278E-02
   18.8495559215      0.474919712915E-04
   25.1327412287      0.101082764144E-05
   31.4159265359      0.374183506589E-06
   37.6991118431      0.648502999926E-08
   43.9822971503      0.510884690009E-09
   50.2654824574      0.844753541555E-10
   56.5486677646      0.134829097671E-11
   62.8318530718      0.504745117514E-13
   69.1150383790      0.725500251941E-14
   75.3982236862      0.117918323893E-15
   81.6814089933      0.266492204406E-17
   87.9645943005      0.137183759995E-18
   94.2477796077      0.267105469804E-20
   100.530964915      0.108543669261E-21
   106.814150222      0.487157829860E-23
   113.097335529      0.126415276736E-24
   119.380520836      0.410125987049E-26
   125.663706144      0.296279198536E-27
   131.946891451      0.198852662841E-28
   138.230076758      0.441726171276E-34
   144.513262065      0.951837304656E-35
   150.796447372      0.209583896496E-34
   157.079632679      0.577752594418E-34
   163.362817987      0.533897297867E-34
   169.646003294      0.133706499415E-34
   175.929188601      0.473758705487E-34
   182.212373908      0.845500505036E-35
   188.495559215      0.209121545115E-34
   194.778744523      0.148480826169E-34
   201.061929830      0.818690096424E-34
   207.345115137      0.105986741084E-34
   213.628300444      0.137740878643E-33
   219.911485751      0.111018050643E-34
   226.194671058      0.181166301928E-34
   232.477856366      0.127923419444E-34
   238.761041673      0.290632736834E-34
   245.044226980      0.138761694693E-34
   251.327412287      0.195833413916E-34
   257.610597594      0.148506721003E-34
   263.893782902      0.212993448409E-34
   270.176968209      0.140680844772E-34
   276.460153516      0.178070964451E-34
   282.743338823      0.984537562251E-35
   289.026524130      0.194375283941E-34
   295.309709437      0.123724963386E-34
   301.592894745      0.192000315004E-34
   307.876080052      0.116049991444E-34
   314.159265359      0.184597776885E-34
   320.442450666      0.856443558812E-35
   326.725635973      0.112082310058E-34
   333.008821281      0.760260901809E-35
   339.292006588      0.957455388524E-35
   345.575191895      0.692726058295E-35
   351.858377202      0.108008985957E-34
   358.141562509      0.640196135020E-35
   364.424747816      0.946364623028E-35
   370.707933124      0.786946637957E-35
   376.991118431      0.955771179079E-35
   383.274303738      0.789483172096E-35
   389.557489045      0.126871223397E-34
   395.840674352      0.731326521186E-35
   402.123859659      0.252327521182E-34
   408.407044967      0.692571551823E-35
   414.690230274      0.701121273644E-35
   420.973415581      0.540451180790E-35
   427.256600888      0.583734746732E-35
   433.539786195      0.528073000911E-35
   439.822971503      0.482535232478E-35
   446.106156810      0.501312499688E-35
   452.389342117      0.481426734418E-35
   458.672527424      0.430195588643E-35
   464.955712731      0.441551384775E-35
   471.238898038      0.456405103049E-35
   477.522083346      0.409134673950E-35
   483.805268653      0.375948913998E-35
   490.088453960      0.365987006843E-35
   496.371639267      0.325500854916E-35
   502.654824574      0.348744996280E-35
   508.938009882      0.277141936931E-35
   515.221195189      0.281861373104E-35
   521.504380496      0.294271171747E-35
   527.787565803      0.270724659179E-35
   534.070751110      0.242096068888E-35
   540.353936417      0.210675179326E-35
   546.637121725      0.193958661099E-35
   552.920307032      0.218173981904E-35
   559.203492339      0.139791472520E-35
   565.486677646      0.181008873948E-35
   571.769862953      0.105150968687E-35
   578.053048261      0.966461374093E-36
   584.336233568      0.819281097313E-36
   590.619418875      0.756323308709E-36
   596.902604182      0.652616707988E-36
   603.185789489      0.577016259893E-36
   609.468974796      0.427292995493E-36
   615.752160104      0.400910579662E-36
   622.035345411      0.358969179342E-36
   628.318530718      0.362351289215E-36
   634.601716025      0.278948939282E-36
   640.884901332      0.253037574279E-36
   647.168086639      0.205290346205E-36
   653.451271947      0.128794523861E-36
   659.734457254      0.112990508443E-36
   666.017642561      0.762153186237E-37
   672.300827868      0.549230985513E-37
   678.584013175      0.443630601600E-37
   684.867198483      0.177061999864E-37
   691.150383790      0.198085532410E-37
   697.433569097      0.101024486787E-38
   6.28318530718      0.184202283663E-39
   12.5663706144      0.305784697255E-02
   18.8495559215      0.101742382575E-03
   25.1327412287      0.478125209764E-05
   31.4159265359      0.180451522391E-05
   37.6991118431      0.804233209906E-07
   43.9822971503      0.581882302618E-08
   50.2654824574      0.225430632859E-08
   56.5486677646      0.115046151663E-09
   62.8318530718      0.136812168471E-10
   69.1150383790      0.336094678320E-11
   75.3982236862      0.210542338652E-12
   81.6814089933      0.430853843667E-13
   87.9645943005      0.515369941037E-14
   94.2477796077      0.430648818963E-15
   100.530964915      0.617270704621E-16
   106.814150222      0.698157555539E-17
   113.097335529      0.820682283212E-18
   119.380520836      0.771658714371E-19
   125.663706144      0.962513316993E-20
   131.946891451      0.922328399755E-21
   138.230076758      0.101758992687E-21
   144.513262065      0.111760065325E-22
   150.796447372      0.856141770171E-24
   157.079632679      0.631564160940E-25
   163.362817987      0.459830100487E-26
   169.646003294      0.678806179990E-27
   175.929188601      0.115855831088E-27
   182.212373908      0.132154852983E-34
   188.495559215      0.246142378835E-34
   194.778744523      0.179136731428E-34
   201.061929830      0.738790697771E-34
   207.345115137      0.133428666685E-34
   213.628300444      0.177089316782E-33
   219.911485751      0.154727773037E-34
   226.194671058      0.241670043701E-34
   232.477856366      0.153207886281E-34
   238.761041673      0.362458031754E-34
   245.044226980      0.176397336851E-34
   251.327412287      0.334310769939E-34
   257.610597594      0.194719957326E-34
   263.893782902      0.293005104054E-34
   270.176968209      0.183016230459E-34
   276.460153516      0.162304911039E-34
   282.743338823      0.118579186929E-34
   289.026524130      0.150877083003E-34
   295.309709437      0.132731078906E-34
   301.592894745      0.181893021107E-34
   307.876080052      0.123203081929E-34
   314.159265359      0.165240462539E-34
   320.442450666      0.954194903830E-35
   326.725635973      0.130936627071E-34
   333.008821281      0.836884221949E-35
   339.292006588      0.125548512749E-34
   345.575191895      0.774673611962E-35
   351.858377202      0.112898950554E-34
   358.141562509      0.665627912249E-35
   364.424747816      0.124352014559E-34
   370.707933124      0.674665533218E-35
   376.991118431      0.900054991562E-35
   383.274303738      0.704801642180E-35
   389.557489045      0.946273179702E-35
   395.840674352      0.692911596305E-35
   402.123859659      0.215288902144E-34
   408.407044967      0.769909750179E-35
   414.690230274      0.705142996434E-35
   420.973415581      0.540172016923E-35
   427.256600888      0.644263601326E-35
   433.539786195      0.528693833396E-35
   439.822971503      0.481558330428E-35
   446.106156810      0.518377420367E-35
   452.389342117      0.459186255263E-35
   458.672527424      0.427328304224E-35
   464.955712731      0.399241194124E-35
   471.238898038      0.381093568800E-35
   477.522083346      0.430464376979E-35
   483.805268653      0.396885156985E-35
   490.088453960      0.403765433413E-35
   496.371639267      0.357010767070E-35
   502.654824574      0.385512323189E-35
   508.938009882      0.256055936517E-35
   515.221195189      0.308636756704E-35
   521.504380496      0.324292321200E-35
   527.787565803      0.234095897804E-35
   534.070751110      0.262616832588E-35
   540.353936417      0.218339236273E-35
   546.637121725      0.184082769982E-35
   552.920307032      0.215783780549E-35
   559.203492339      0.153645626194E-35
   565.486677646      0.180205492166E-35
   571.769862953      0.102629433441E-35
   578.053048261      0.963874166063E-36
   584.336233568      0.772432411220E-36
   590.619418875      0.746065392958E-36
   596.902604182      0.645114098575E-36
   603.185789489      0.582235546327E-36
   609.468974796      0.408558943665E-36
   615.752160104      0.391959505084E-36
   622.035345411      0.331022923142E-36
   628.318530718      0.329511306598E-36
   634.601716025      0.267429683743E-36
   640.884901332      0.226305905021E-36
   647.168086639      0.171762556183E-36
   653.451271947      0.111231817900E-36
   659.734457254      0.115998766383E-36
   666.017642561      0.100200174131E-36
   672.300827868      0.659441668528E-37
   678.584013175      0.514913311962E-37
   684.867198483      0.210388421265E-37
   691.150383790      0.343547419161E-37
   697.433569097      0.942273979232E-39
   6.28318530718      0.213227118519E-39
   12.5663706144      0.297740305036E-02
   18.8495559215      0.169241639909E-03
   25.1327412287      0.138113604347E-04
   31.4159265359      0.526475512236E-05
   37.6991118431      0.456369968380E-06
   43.9822971503      0.420706866710E-07
   50.2654824574      0.226113849684E-07
   56.5486677646      0.239485903575E-08
   62.8318530718      0.528224629238E-09
   69.1150383790      0.162296342820E-09
   75.3982236862      0.256063734150E-10
   81.6814089933      0.963814055263E-11
   87.9645943005      0.204946790876E-11
   94.2477796077      0.439385260298E-12
   100.530964915      0.136177873697E-12
   106.814150222      0.306626119636E-13
   113.097335529      0.908952032312E-14
   119.380520836      0.180446025909E-14
   125.663706144      0.471493817936E-15
   131.946891451      0.103920836461E-15
   138.230076758      0.219592887250E-16
   144.513262065      0.562724514637E-17
   150.796447372      0.110806171866E-17
   157.079632679      0.292754649212E-18
   163.362817987      0.583044343869E-19
   169.646003294      0.122722389810E-19
   175.929188601      0.265474899718E-20
   182.212373908      0.596612849011E-21
   188.495559215      0.130622709001E-21
   194.778744523      0.220560002259E-22
   201.061929830      0.408763659090E-23
   207.345115137      0.487265402502E-24
   213.628300444      0.726938209095E-25
   219.911485751      0.140452309450E-25
   226.194671058      0.267112116235E-26
   232.477856366      0.124146491783E-26
   238.761041673      0.321143870195E-28
   245.044226980      0.203838756109E-34
   251.327412287      0.658715786035E-34
   257.610597594      0.195752459992E-34
   263.893782902      0.480593097034E-34
   270.176968209      0.251084713050E-34
   276.460153516      0.233049992796E-34
   282.743338823      0.144013478966E-34
   289.026524130      0.177189432990E-34
   295.309709437      0.144647155690E-34
   301.592894745      0.199436485881E-34
   307.876080052      0.135333544543E-34
   314.159265359      0.203529472133E-34
   320.442450666      0.109115737640E-34
   326.725635973      0.135697280206E-34
   333.008821281      0.103466599650E-34
   339.292006588      0.135586943503E-34
   345.575191895      0.822652328539E-35
   351.858377202      0.129436700068E-34
   358.141562509      0.813164871278E-35
   364.424747816      0.105467470803E-34
   370.707933124      0.741306956638E-35
   376.991118431      0.107669541550E-34
   383.274303738      0.664616717652E-35
   389.557489045      0.989955331096E-35
   395.840674352      0.729334146109E-35
   402.123859659      0.371583337204E-34
   408.407044967      0.723867753540E-35
   414.690230274      0.688857821376E-35
   420.973415581      0.576348723198E-35
   427.256600888      0.646907516306E-35
   433.539786195      0.561519942273E-35
   439.822971503      0.510100249941E-35
   446.106156810      0.520125972371E-35
   452.389342117      0.508338215376E-35
   458.672527424      0.479011697194E-35
   464.955712731      0.439263342319E-35
   471.238898038      0.416470853300E-35
   477.522083346      0.388238221149E-35
   483.805268653      0.331168423824E-35
   490.088453960      0.364678462012E-35
   496.371639267      0.316219992475E-35
   502.654824574      0.406645372881E-35
   508.938009882      0.312020412849E-35
   515.221195189      0.309510578289E-35
   521.504380496      0.262800746213E-35
   527.787565803      0.226969440969E-35
   534.070751110      0.250929028986E-35
   540.353936417      0.186408633716E-35
   546.637121725      0.172747781914E-35
   552.920307032      0.190094978456E-35
   559.203492339      0.170227889932E-35
   565.486677646      0.173406473541E-35
   571.769862953      0.110447543702E-35
   578.053048261      0.929301036234E-36
   584.336233568      0.800565600102E-36
   590.619418875      0.709015956744E-36
   596.902604182      0.643190866693E-36
   603.185789489      0.556218548038E-36
   609.468974796      0.429529506153E-36
   615.752160104      0.412893011820E-36
   622.035345411      0.324429774984E-36
   628.318530718      0.302715479416E-36
   634.601716025      0.254063412549E-36
   640.884901332      0.221317438444E-36
   647.168086639      0.179116798029E-36
   653.451271947      0.129003317777E-36
   659.734457254      0.953816627636E-37
   666.017642561      0.875873714669E-37
   672.300827868      0.665653499378E-37
   678.584013175      0.676403517883E-37
   684.867198483      0.290456850680E-37
   691.150383790      0.211183702740E-37
   697.433569097      0.174775222588E-38
   6.28318530718      0.479581345705E-40
   12.5663706144      0.287887361805E-02
   18.8495559215      0.243619659421E-03
   25.1327412287      0.302687183053E-04
   31.4159265359      0.114750048050E-04
   37.6991118431      0.161366655495E-05
   43.9822971503      0.211738092143E-06
   50.2654824574      0.125237229099E-06
   56.5486677646      0.211824045974E-07
   62.8318530718      0.686491811086E-08
   69.1150383790      0.245937273552E-08
   75.3982236862      0.688520381414E-09
   81.6814089933      0.318718081287E-09
   87.9645943005      0.102785096728E-09
   94.2477796077      0.359751642931E-10
   100.530964915      0.154700146275E-10
   106.814150222      0.545574478483E-11
   113.097335529      0.249287739158E-11
   119.380520836      0.872358116116E-12
   125.663706144      0.365597016771E-12
   131.946891451      0.144148043237E-12
   138.230076758      0.523341592149E-13
   144.513262065      0.224525326011E-13
   150.796447372      0.775807341627E-14
   157.079632679      0.332261770978E-14
   163.362817987      0.115201123487E-14
   169.646003294      0.411506209343E-15
   175.929188601      0.152286017730E-15
   182.212373908      0.542080898727E-16
   188.495559215      0.199185474253E-16
   194.778744523      0.647793395531E-17
   201.061929830      0.244668767491E-17
   207.345115137      0.804203198051E-18
   213.628300444      0.295200367797E-18
   219.911485751      0.100023204083E-18
   226.194671058      0.319576758142E-19
   232.477856366      0.113044740808E-19
   238.761041673      0.392190507348E-20
   245.044226980      0.133674487906E-20
   251.327412287      0.414633552708E-21
   257.610597594      0.136567363506E-21
   263.893782902      0.356866068502E-22
   270.176968209      0.981132067644E-23
   276.460153516      0.448497781443E-25
   282.743338823      0.488341741522E-26
   289.026524130      0.194545476591E-34
   295.309709437      0.168250862538E-34
   301.592894745      0.172698238765E-34
   307.876080052      0.162902111108E-34
   314.159265359      0.189194782221E-34
   320.442450666      0.124020462645E-34
   326.725635973      0.172608172266E-34
   333.008821281      0.110306656539E-34
   339.292006588      0.130582519710E-34
   345.575191895      0.913766703326E-35
   351.858377202      0.154027095899E-34
   358.141562509      0.874333198548E-35
   364.424747816      0.123421205046E-34
   370.707933124      0.860186138014E-35
   376.991118431      0.124011145311E-34
   383.274303738      0.816018000497E-35
   389.557489045      0.109835864950E-34
   395.840674352      0.770541711436E-35
   402.123859659      0.421083942099E-34
   408.407044967      0.682756697275E-35
   414.690230274      0.756210317043E-35
   420.973415581      0.579567942139E-35
   427.256600888      0.628797725058E-35
   433.539786195      0.540777834667E-35
   439.822971503      0.593842251342E-35
   446.106156810      0.512677719328E-35
   452.389342117      0.455743643158E-35
   458.672527424      0.442536416370E-35
   464.955712731      0.497866225844E-35
   471.238898038      0.440471187258E-35
   477.522083346      0.412356742479E-35
   483.805268653      0.372124873034E-35
   490.088453960      0.443870791790E-35
   496.371639267      0.416831605405E-35
   502.654824574      0.456419503855E-35
   508.938009882      0.305024843614E-35
   515.221195189      0.357449150495E-35
   521.504380496      0.310709122264E-35
   527.787565803      0.229924911207E-35
   534.070751110      0.266665272211E-35
   540.353936417      0.193099439878E-35
   546.637121725      0.166726525702E-35
   552.920307032      0.193607195971E-35
   559.203492339      0.171375837645E-35
   565.486677646      0.180985568746E-35
   571.769862953      0.100428071084E-35
   578.053048261      0.920731195951E-36
   584.336233568      0.757045206974E-36
   590.619418875      0.690548894646E-36
   596.902604182      0.606701215168E-36
   603.185789489      0.508397048967E-36
   609.468974796      0.442584227894E-36
   615.752160104      0.418415268454E-36
   622.035345411      0.312207067434E-36
   628.318530718      0.298267397443E-36
   634.601716025      0.249969811127E-36
   640.884901332      0.206451023950E-36
   647.168086639      0.162319740682E-36
   653.451271947      0.107658305652E-36
   659.734457254      0.983651134727E-37
   666.017642561      0.969188313425E-37
   672.300827868      0.782180638880E-37
   678.584013175      0.538982540419E-37
   684.867198483      0.187693333786E-37
   691.150383790      0.262649870725E-37
   697.433569097      0.581390486796E-39
   6.28318530718      0.161463349513E-39
   12.5663706144      0.276559950721E-02
   18.8495559215      0.318876131345E-03
   25.1327412287      0.555575393993E-04
   31.4159265359      0.206194804736E-04
   37.6991118431      0.413725316848E-05
   43.9822971503      0.756480349743E-06
   50.2654824574      0.459588642020E-06
   56.5486677646      0.104466993913E-06
   62.8318530718      0.439792036551E-07
   69.1150383790      0.175396086179E-07
   75.3982236862      0.716256626524E-08
   81.6814089933      0.351739419526E-08
   87.9645943005      0.156439544923E-08
   94.2477796077      0.713473400834E-09
   100.530964915      0.366114080911E-09
   106.814150222      0.172935589428E-09
   113.097335529      0.934617444246E-10
   119.380520836      0.455285274940E-10
   125.663706144      0.241219046612E-10
   131.946891451      0.125016099066E-10
   138.230076758      0.648677877651E-11
   144.513262065      0.351762968131E-11
   150.796447372      0.182042827806E-11
   157.079632679      0.101786176066E-11
   163.362817987      0.533800070176E-12
   169.646003294      0.285400175093E-12
   175.929188601      0.154530398756E-12
   182.212373908      0.816843641868E-13
   188.495559215      0.438419524679E-13
   194.778744523      0.221400340440E-13
   201.061929830      0.119158334945E-13
   207.345115137      0.598438739729E-14
   213.628300444      0.309723571996E-14
   219.911485751      0.151348468097E-14
   226.194671058      0.725488348816E-15
   232.477856366      0.367868673237E-15
   238.761041673      0.180103845387E-15
   245.044226980      0.874970965787E-16
   251.327412287      0.403365439122E-16
   257.610597594      0.198426496007E-16
   263.893782902      0.937795305372E-17
   270.176968209      0.415116062470E-17
   276.460153516      0.178834372864E-19
   282.743338823      0.179428626245E-22
   289.026524130      0.109038710003E-23
   295.309709437      0.257033343538E-25
   301.592894745      0.423279811636E-26
   307.876080052      0.624175323829E-28
   314.159265359      0.252731721050E-34
   320.442450666      0.136513312970E-34
   326.725635973      0.179328606652E-34
   333.008821281      0.132472209021E-34
   339.292006588      0.144636251978E-34
   345.575191895      0.935957617562E-35
   351.858377202      0.138585376119E-34
   358.141562509      0.110069081298E-34
   364.424747816      0.131128943096E-34
   370.707933124      0.959660506739E-35
   376.991118431      0.108364964668E-34
   383.274303738      0.893529953715E-35
   389.557489045      0.907645189770E-35
   395.840674352      0.871585448117E-35
   402.123859659      0.443500677708E-34
   408.407044967      0.740970664414E-35
   414.690230274      0.695498317035E-35
   420.973415581      0.575010001060E-35
   427.256600888      0.619353513640E-35
   433.539786195      0.541806878512E-35
   439.822971503      0.512191036052E-35
   446.106156810      0.539879285422E-35
   452.389342117      0.540820728501E-35
   458.672527424      0.437448578400E-35
   464.955712731      0.409919536228E-35
   471.238898038      0.386136480155E-35
   477.522083346      0.373764177174E-35
   483.805268653      0.319287972617E-35
   490.088453960      0.321121214343E-35
   496.371639267      0.314424183594E-35
   502.654824574      0.307923846529E-35
   508.938009882      0.284952540440E-35
   515.221195189      0.345815346137E-35
   521.504380496      0.313080016479E-35
   527.787565803      0.221265773166E-35
   534.070751110      0.246173610334E-35
   540.353936417      0.207922597345E-35
   546.637121725      0.171376115717E-35
   552.920307032      0.194566596089E-35
   559.203492339      0.161788927946E-35
   565.486677646      0.159240457581E-35
   571.769862953      0.987221027346E-36
   578.053048261      0.872740772849E-36
   584.336233568      0.709781771300E-36
   590.619418875      0.656905018431E-36
   596.902604182      0.590319511442E-36
   603.185789489      0.514777646344E-36
   609.468974796      0.386944400971E-36
   615.752160104      0.377781231888E-36
   622.035345411      0.299024534691E-36
   628.318530718      0.259502076436E-36
   634.601716025      0.218918037275E-36
   640.884901332      0.194067817023E-36
   647.168086639      0.155806830267E-36
   653.451271947      0.954998187038E-37
   659.734457254      0.936714180393E-37
   666.017642561      0.763613713874E-37
   672.300827868      0.549305931863E-37
   678.584013175      0.340990765355E-37
   684.867198483      0.178995838057E-37
   691.150383790      0.134575939868E-37
   697.433569097      0.434786758717E-39
   6.28318530718      0.231656412375E-39
   12.5663706144      0.264114656016E-02
   18.8495559215      0.390043027362E-03
   25.1327412287      0.901460870297E-04
   31.4159265359      0.323970901920E-04
   37.6991118431      0.843032417402E-05
   43.9822971503      0.205014203774E-05
   50.2654824574      0.125784378885E-05
   56.5486677646      0.341015760702E-06
   62.8318530718      0.173165013127E-06
   69.1150383790      0.744291474783E-07
   75.3982236862      0.389182727395E-07
   81.6814089933      0.192331043506E-07
   87.9645943005      0.109835387114E-07
   94.2477796077      0.571834510233E-08
   100.530964915      0.337945614900E-08
   106.814150222      0.188699214993E-08
   113.097335529      0.114463168880E-08
   119.380520836      0.664916756500E-09
   125.663706144      0.409742048746E-09
   131.946891451      0.245443666859E-09
   138.230076758      0.154154946126E-09
   144.513262065      0.950065352581E-10
   150.796447372      0.605916486644E-10
   157.079632679      0.382015331396E-10
   163.362817987      0.244877750549E-10
   169.646003294      0.156557931507E-10
   175.929188601      0.101091234729E-10
   182.212373908      0.646601246976E-11
   188.495559215      0.410813680813E-11
   194.778744523      0.264737249144E-11
   201.061929830      0.178169376671E-11
   207.345115137      0.121299646822E-11
   213.628300444      0.782816308441E-12
   219.911485751      0.484986618398E-12
   226.194671058      0.325900762404E-12
   232.477856366      0.238889323883E-12
   238.761041673      0.161615985987E-12
   245.044226980      0.984208801716E-13
   251.327412287      0.619701080294E-13
   257.610597594      0.527558953972E-13
   263.893782902      0.461047027692E-13
   270.176968209      0.128787204601E-13
   276.460153516      0.160604261071E-16
   282.743338823      0.137742464624E-17
   289.026524130      0.109917999464E-18
   295.309709437      0.154617028977E-19
   301.592894745      0.218677750494E-20
   307.876080052      0.413670958848E-21
   314.159265359      0.100254958020E-21
   320.442450666      0.315971321029E-22
   326.725635973      0.860350110687E-23
   333.008821281      0.214919564342E-23
   339.292006588      0.918191998169E-24
   345.575191895      0.475002070885E-24
   351.858377202      0.213312571881E-24
   358.141562509      0.598636727807E-25
   364.424747816      0.175707976190E-25
   370.707933124      0.130109274368E-25
   376.991118431      0.151072351995E-25
   383.274303738      0.767306894860E-28
   389.557489045      0.889463108810E-35
   395.840674352      0.836138101419E-35
   402.123859659      0.303523726256E-34
   408.407044967      0.710530974290E-35
   414.690230274      0.672131942701E-35
   420.973415581      0.602760660116E-35
   427.256600888      0.571719204002E-35
   433.539786195      0.519036833275E-35
   439.822971503      0.519119388475E-35
   446.106156810      0.450024811297E-35
   452.389342117      0.445368343954E-35
   458.672527424      0.411475151134E-35
   464.955712731      0.404761775633E-35
   471.238898038      0.457400933132E-35
   477.522083346      0.395029079817E-35
   483.805268653      0.333214323251E-35
   490.088453960      0.331506932123E-35
   496.371639267      0.339882375076E-35
   502.654824574      0.314190275325E-35
   508.938009882      0.251766610991E-35
   515.221195189      0.253835662671E-35
   521.504380496      0.250087229223E-35
   527.787565803      0.214161561559E-35
   534.070751110      0.244771955213E-35
   540.353936417      0.174489084352E-35
   546.637121725      0.198309424233E-35
   552.920307032      0.198360961985E-35
   559.203492339      0.125944456498E-35
   565.486677646      0.132062374603E-35
   571.769862953      0.922964263394E-36
   578.053048261      0.866649754873E-36
   584.336233568      0.708660385606E-36
   590.619418875      0.638190434046E-36
   596.902604182      0.557280471397E-36
   603.185789489      0.506126852082E-36
   609.468974796      0.383270780302E-36
   615.752160104      0.381566393445E-36
   622.035345411      0.286433784469E-36
   628.318530718      0.268737413558E-36
   634.601716025      0.212292865818E-36
   640.884901332      0.194994314001E-36
   647.168086639      0.157612426527E-36
   653.451271947      0.111370645002E-36
   659.734457254      0.931840508602E-37
   666.017642561      0.784890406751E-37
   672.300827868      0.570777074471E-37
   678.584013175      0.331536548400E-37
   684.867198483      0.131985812565E-37
   691.150383790      0.141476069686E-37
   697.433569097      0.305619872421E-38
   6.28318530718      0.227055046869E-39
   12.5663706144      0.250896852933E-02
   18.8495559215      0.453464415984E-03
   25.1327412287      0.133597678442E-03
   31.4159265359      0.463759187362E-04
   37.6991118431      0.145222406503E-04
   43.9822971503      0.450879128780E-05
   50.2654824574      0.279676671407E-05
   56.5486677646      0.832025320742E-06
   62.8318530718      0.486918169032E-06
   69.1150383790      0.218903911472E-06
   75.3982236862      0.132467926003E-06
   81.6814089933      0.669341186807E-07
   87.9645943005      0.451528810738E-07
   94.2477796077      0.245660745054E-07
   100.530964915      0.169395814672E-07
   106.814150222      0.992008619285E-08
   113.097335529      0.695795500264E-08
   119.380520836      0.427077311706E-08
   125.663706144      0.300905715075E-08
   131.946891451      0.194107554550E-08
   138.230076758      0.136442676437E-08
   144.513262065      0.924244155793E-09
   150.796447372      0.659307112575E-09
   157.079632679      0.450092560740E-09
   163.362817987      0.322271021307E-09
   169.646003294      0.226756682753E-09
   175.929188601      0.166684837295E-09
   182.212373908      0.109427921181E-09
   188.495559215      0.749315098478E-10
   194.778744523      0.566041422492E-10
   201.061929830      0.594864769619E-10
   207.345115137      0.513681051209E-10
   213.628300444      0.261573326741E-10
   219.911485751      0.209654481843E-10
   226.194671058      0.209419964183E-10
   232.477856366      0.317831516901E-10
   238.761041673      0.190878711230E-10
   245.044226980      0.141623076921E-10
   251.327412287      0.111933403280E-10
   257.610597594      0.608526249368E-10
   263.893782902      0.694526725186E-10
   270.176968209      0.169881330110E-10
   276.460153516      0.153414754236E-11
   282.743338823      0.169183231126E-12
   289.026524130      0.274683999039E-13
   295.309709437      0.642608233117E-14
   301.592894745      0.162951410998E-14
   307.876080052      0.480493696608E-15
   314.159265359      0.148420562473E-15
   320.442450666      0.561836822383E-16
   326.725635973      0.223270285635E-16
   333.008821281      0.783324957792E-17
   339.292006588      0.226730907245E-17
   345.575191895      0.165212021351E-17
   351.858377202      0.117096982170E-17
   358.141562509      0.286265307387E-18
   364.424747816      0.107746245815E-18
   370.707933124      0.136441298308E-18
   376.991118431      0.132053250239E-19
   383.274303738      0.136379319001E-20
   389.557489045      0.817847690148E-22
   395.840674352      0.135756048924E-23
   402.123859659      0.145836793791E-24
   408.407044967      0.262833663629E-25
   414.690230274      0.191353813129E-26
   420.973415581      0.511443785545E-35
   427.256600888      0.501435426242E-35
   433.539786195      0.475698916648E-35
   439.822971503      0.449085445523E-35
   446.106156810      0.439674238387E-35
   452.389342117      0.392744536831E-35
   458.672527424      0.408810434909E-35
   464.955712731      0.355438609843E-35
   471.238898038      0.338600262277E-35
   477.522083346      0.385035190968E-35
   483.805268653      0.325360888469E-35
   490.088453960      0.317820070266E-35
   496.371639267      0.285130271139E-35
   502.654824574      0.308973109896E-35
   508.938009882      0.244773594819E-35
   515.221195189      0.256347366952E-35
   521.504380496      0.243180068181E-35
   527.787565803      0.201076558169E-35
   534.070751110      0.207052902691E-35
   540.353936417      0.178820514109E-35
   546.637121725      0.166912880964E-35
   552.920307032      0.168511154982E-35
   559.203492339      0.137824309782E-35
   565.486677646      0.134062171242E-35
   571.769862953      0.917704220802E-36
   578.053048261      0.864484746787E-36
   584.336233568      0.706204940565E-36
   590.619418875      0.657139111998E-36
   596.902604182      0.550564691254E-36
   603.185789489      0.496082378982E-36
   609.468974796      0.417358516758E-36
   615.752160104      0.364316952978E-36
   622.035345411      0.289820196505E-36
   628.318530718      0.257704739694E-36
   634.601716025      0.216197185593E-36
   640.884901332      0.193749935362E-36
   647.168086639      0.159732467135E-36
   653.451271947      0.116434659462E-36
   659.734457254      0.984984088636E-37
   666.017642561      0.900119625449E-37
   672.300827868      0.623626268145E-37
   678.584013175      0.385848695808E-37
   684.867198483      0.187772807732E-37
   691.150383790      0.202938687182E-37
   697.433569097      0.130231195262E-38
   6.28318530718      0.288578149540E-40
   12.5663706144      0.237212887485E-02
   18.8495559215      0.506800855562E-03
   25.1327412287      0.184648156317E-03
   31.4159265359      0.624139935169E-04
   37.6991118431      0.221217193924E-04
   43.9822971503      0.847657933559E-05
   50.2654824574      0.535355321264E-05
   56.5486677646      0.166638753536E-05
   62.8318530718      0.109827369898E-05
   69.1150383790      0.493573733636E-06
   75.3982236862      0.323883350852E-06
   81.6814089933      0.173982801146E-06
   87.9645943005      0.127532746855E-06
   94.2477796077      0.692252193580E-07
   100.530964915      0.551075605236E-07
   106.814150222      0.316738548021E-07
   113.097335529      0.260418025144E-07
   119.380520836      0.157618360758E-07
   125.663706144      0.126439697783E-07
   131.946891451      0.816234536237E-08
   138.230076758      0.660774003516E-08
   144.513262065      0.462128498062E-08
   150.796447372      0.359518389119E-08
   157.079632679      0.238855324573E-08
   163.362817987      0.203568654076E-08
   169.646003294      0.213222918498E-08
   175.929188601      0.187120116500E-08
   182.212373908      0.202969839718E-08
   188.495559215      0.730612712650E-08
   194.778744523      0.572719750314E-08
   201.061929830      0.331091308265E-07
   207.345115137      0.296574779882E-07
   213.628300444      0.620005561433E-07
   219.911485751      0.110499350939E-06
   226.194671058      0.104112187478E-06
   232.477856366      0.239865154142E-06
   238.761041673      0.163187099196E-06
   245.044226980      0.555646979539E-06
   251.327412287      0.289870798036E-06
   257.610597594      0.111725888604E-05
   263.893782902      0.412259511743E-06
   270.176968209      0.648403940197E-06
   276.460153516      0.120513552645E-06
   282.743338823      0.235693488443E-07
   289.026524130      0.605178630361E-08
   295.309709437      0.219279843087E-08
   301.592894745      0.710832153552E-09
   307.876080052      0.287148979642E-09
   314.159265359      0.112998164792E-09
   320.442450666      0.579496051315E-10
   326.725635973      0.283429457877E-10
   333.008821281      0.119185068054E-10
   339.292006588      0.451333876525E-11
   345.575191895      0.397790345275E-11
   351.858377202      0.226293723266E-11
   358.141562509      0.906899830210E-12
   364.424747816      0.505043892834E-12
   370.707933124      0.248220902728E-12
   376.991118431      0.190825461420E-12
   383.274303738      0.274146841630E-13
   389.557489045      0.138154478285E-14
   395.840674352      0.611549466299E-16
   402.123859659      0.137812104741E-16
   408.407044967      0.134970716955E-17
   414.690230274      0.102824097881E-18
   420.973415581      0.623569078634E-19
   427.256600888      0.179801379346E-19
   433.539786195      0.143951867588E-20
   439.822971503      0.138728992141E-21
   446.106156810      0.508625724248E-22
   452.389342117      0.149438732496E-22
   458.672527424      0.822304239887E-23
   464.955712731      0.375308886376E-35
   471.238898038      0.380072886999E-35
   477.522083346      0.362176262942E-35
   483.805268653      0.319992561613E-35
   490.088453960      0.320276235472E-35
   496.371639267      0.298623122400E-35
   502.654824574      0.307072436823E-35
   508.938009882      0.248980679900E-35
   515.221195189      0.243126462575E-35
   521.504380496      0.251630895798E-35
   527.787565803      0.213239796446E-35
   534.070751110      0.228174985701E-35
   540.353936417      0.173719036041E-35
   546.637121725      0.168155699547E-35
   552.920307032      0.184076963183E-35
   559.203492339      0.124930647941E-35
   565.486677646      0.139227718387E-35
   571.769862953      0.960134224327E-36
   578.053048261      0.842036472987E-36
   584.336233568      0.688017297792E-36
   590.619418875      0.659901122225E-36
   596.902604182      0.565853704222E-36
   603.185789489      0.489545348259E-36
   609.468974796      0.390481529474E-36
   615.752160104      0.377452176917E-36
   622.035345411      0.298392102018E-36
   628.318530718      0.268946490916E-36
   634.601716025      0.222166683569E-36
   640.884901332      0.211272109064E-36
   647.168086639      0.158607736733E-36
   653.451271947      0.101113876238E-36
   659.734457254      0.947239813256E-37
   666.017642561      0.848174525963E-37
   672.300827868      0.590390882947E-37
   678.584013175      0.418391004490E-37
   684.867198483      0.158236814319E-37
   691.150383790      0.113699873663E-37
   697.433569097      0.211711369583E-39
   6.28318530718      0.747986399434E-35
   12.5663706144      0.223459410303E-02
   18.8495559215      0.820732454701E-03
   25.1327412287      0.139569106709E-01
   31.4159265359      0.293247697876E-01
   37.6991118431      0.198584709975E-01
   43.9822971503      0.443174995819E-01
   50.2654824574      0.404986630638E-01
   56.5486677646      0.345526655851E-01
   62.8318530718      0.448677070664E-01
   69.1150383790      0.421601161851E-01
   75.3982236862      0.395306405436E-01
   81.6814089933      0.608643505389E-01
   87.9645943005      0.804309053367E-01
   94.2477796077      0.127061678678    
   100.530964915      0.136021449709    
   106.814150222      0.185776460426    
   113.097335529      0.181773796712    
   119.380520836      0.293908860637    
   125.663706144      0.194276981732    
   131.946891451      0.278905218962    
   138.230076758      0.280184986740    
   144.513262065      0.381122188857    
   150.796447372      0.321900562096    
   157.079632679      0.519760091758    
   163.362817987      0.566429177312    
   169.646003294      0.549093778550    
   175.929188601      0.719482027470    
   182.212373908      0.764614110895    
   188.495559215      0.898723447231    
   194.778744523      0.730317258455    
   201.061929830       1.07838895408    
   207.345115137      0.983039060895    
   213.628300444       1.09745694270    
   219.911485751       1.17382356368    
   226.194671058       1.04480820082    
   232.477856366       1.11600536740    
   238.761041673       1.10543840699    
   245.044226980       1.05730520289    
   251.327412287       1.09950712963    
   257.610597594       1.09327744053    
   263.893782902       1.17084917396    
   270.176968209       1.13333339554    
   276.460153516       1.14119686280    
   282.743338823       1.09116607005    
   289.026524130       1.09134679560    
   295.309709437      0.989068060730    
   301.592894745      0.915077777758    
   307.876080052      0.838214136902    
   314.159265359      0.770221845815    
   320.442450666      0.606098914651    
   326.725635973      0.523024807008    
   333.008821281      0.488248777505    
   339.292006588      0.370573634954    
   345.575191895      0.348112816766    
   351.858377202      0.317733922375    
   358.141562509      0.272984189784    
   364.424747816      0.191706381981    
   370.707933124      0.183878184365    
   376.991118431      0.124134775021    
   383.274303738      0.100245456278    
   389.557489045      0.723963667681E-01
   395.840674352      0.570893661241E-01
   402.123859659      0.398121726346E-01
   408.407044967      0.319029768611E-01
   414.690230274      0.134045724331E-01
   420.973415581      0.136379965620E-01
   427.256600888      0.875484179587E-02
   433.539786195      0.620878584065E-02
   439.822971503      0.264416936461E-02
   446.106156810      0.127725447088E-02
   452.389342117      0.315619773251E-03
   458.672527424      0.116495126799E-03
   464.955712731      0.558059064495E-31
   471.238898038      0.503225334088E-31
   477.522083346      0.475976975670E-31
   483.805268653      0.404022651938E-31
   490.088453960      0.384143609461E-31
   496.371639267      0.355672600181E-31
   502.654824574      0.328916623096E-31
   508.938009882      0.307658768871E-31
   515.221195189      0.277331787604E-31
   521.504380496      0.266961574602E-31
   527.787565803      0.239809515430E-31
   534.070751110      0.221105762639E-31
   540.353936417      0.195050465448E-31
   546.637121725      0.178574955406E-31
   552.920307032      0.159608722879E-31
   559.203492339      0.132772387462E-31
   565.486677646      0.118017850388E-31
   571.769862953      0.988646998555E-32
   578.053048261      0.813701026091E-32
   584.336233568      0.686819533742E-32
   590.619418875      0.580996792503E-32
   596.902604182      0.503338251576E-32
   603.185789489      0.419525705989E-32
   609.468974796      0.333064416423E-32
   615.752160104      0.296789197934E-32
   622.035345411      0.225202569206E-32
   628.318530718      0.181920330047E-32
   634.601716025      0.144153898734E-32
   640.884901332      0.132030984114E-32
   647.168086639      0.101072975348E-32
   653.451271947      0.666509113998E-33
   659.734457254      0.496280848674E-33
   666.017642561      0.416579967767E-33
   672.300827868      0.238761602254E-33
   678.584013175      0.110891331335E-33
   684.867198483      0.424341178708E-34
   691.150383790      0.216825655548E-34
   697.433569097      0.170661496409E-35
   6.28318530718      0.101691473611E+67
   12.5663706144      0.378021775944E+96
   18.8495559215      0.480661344875E+97
   25.1327412287      0.292822380080E+98
   31.4159265359      0.102547553855E+99
   37.6991118431      0.913123580727E+98
   43.9822971503      0.182320292187E+99
   50.2654824574      0.455327960081E+99
   56.5486677646      0.504701288388E+99
   62.8318530718      0.966573569404E+99
   69.1150383790      0.149424949112+100
   75.3982236862      0.159515483398+100
   81.6814089933      0.252404743717+100
   87.9645943005      0.295295468122+100
   94.2477796077      0.376289693813+100
   100.530964915      0.438661297307+100
   106.814150222      0.554318762817+100
   113.097335529      0.723510828294+100
   119.380520836      0.997618327051+100
   125.663706144      0.109092765203+101
   131.946891451      0.163648834923+101
   138.230076758      0.173484173916+101
   144.513262065      0.225257254699+101
   150.796447372      0.234198619130+101
   157.079632679      0.346492148829+101
   163.362817987      0.321266457637+101
   169.646003294      0.356046987763+101
   175.929188601      0.418321994303+101
   182.212373908      0.531748949681+101
   188.495559215      0.706975494796+101
   194.778744523      0.653915111107+101
   201.061929830      0.130631419978+102
   207.345115137      0.140603144818+102
   213.628300444      0.206214253562+102
   219.911485751      0.299795561467+102
   226.194671058      0.269086230519+102
   232.477856366      0.427208472012+102
   238.761041673      0.449816094957+102
   245.044226980      0.548125469445+102
   251.327412287      0.589632072971+102
   257.610597594      0.705744449059+102
   263.893782902      0.782453599909+102
   270.176968209      0.862435558484+102
   276.460153516      0.823002262221+102
   282.743338823      0.885457179856+102
   289.026524130      0.107739639641+103
   295.309709437      0.962385929698+102
   301.592894745      0.105295439209+103
   307.876080052      0.121565015893+103
   314.159265359      0.110549475509+103
   320.442450666      0.122327725086+103
   326.725635973      0.118932293730+103
   333.008821281      0.121397032480+103
   339.292006588      0.995613024373+102
   345.575191895      0.920668684956+102
   351.858377202      0.826418114922+102
   358.141562509      0.665835694961+102
   364.424747816      0.626651563255+102
   370.707933124      0.577643349049+102
   376.991118431      0.498238309568+102
   383.274303738      0.424667309930+102
   389.557489045      0.326157227658+102
   395.840674352      0.279944498637+102
   402.123859659      0.225984052860+102
   408.407044967      0.204621241904+102
   414.690230274      0.985166606719+101
   420.973415581      0.104127186547+102
   427.256600888      0.610755735603+101
   433.539786195      0.324612681629+101
   439.822971503      0.929598815846+100
   446.106156810      0.637623426418+100
   452.389342117      0.994063077718E+99
   458.672527424      0.747099150681E+99
   464.955712731      0.513976756428E+71
   471.238898038      0.480019700954E+71
   477.522083346      0.450467806420E+71
   483.805268653      0.399923125065E+71
   490.088453960      0.374161724498E+71
   496.371639267      0.321336362100E+71
   502.654824574      0.307738808777E+71
   508.938009882      0.267566823085E+71
   515.221195189      0.236819376885E+71
   521.504380496      0.238135470076E+71
   527.787565803      0.203955674139E+71
   534.070751110      0.187104159642E+71
   540.353936417      0.163398214478E+71
   546.637121725      0.148652992337E+71
   552.920307032      0.131749173006E+71
   559.203492339      0.111676255240E+71
   565.486677646      0.101051926101E+71
   571.769862953      0.851897788762E+70
   578.053048261      0.721042893035E+70
   584.336233568      0.595783797394E+70
   590.619418875      0.517597545853E+70
   596.902604182      0.430286718628E+70
   603.185789489      0.346071568307E+70
   609.468974796      0.252865883969E+70
   615.752160104      0.233120645847E+70
   622.035345411      0.177343090225E+70
   628.318530718      0.147323563548E+70
   634.601716025      0.119278902506E+70
   640.884901332      0.107542878582E+70
   647.168086639      0.829300320385E+69
   653.451271947      0.563153008400E+69
   659.734457254      0.410346361896E+69
   666.017642561      0.362066487492E+69
   672.300827868      0.223380160316E+69
   678.584013175      0.107323258829E+69
   684.867198483      0.384941268417E+68
   691.150383790      0.272693856941E+68
   697.433569097      0.145713589531E+67
   6.28318530718                     NaN
   12.5663706144                     NaN
   18.8495559215                     NaN
   25.1327412287                     NaN
   31.4159265359                     NaN
   37.6991118431                     NaN
   43.9822971503                     NaN
   50.2654824574                     NaN
   56.5486677646                     NaN
   62.8318530718                     NaN
   69.1150383790                     NaN
   75.3982236862                     NaN
   81.6814089933                     NaN
   87.9645943005                     NaN
   94.2477796077                     NaN
   100.530964915                     NaN
   106.814150222                     NaN
   113.097335529                     NaN
   119.380520836                     NaN
   125.663706144                     NaN
   131.946891451                     NaN
   138.230076758                     NaN
   144.513262065                     NaN
   150.796447372                     NaN
   157.079632679                     NaN
   163.362817987                     NaN
   169.646003294                     NaN
   175.929188601                     NaN
   182.212373908                     NaN
   188.495559215                     NaN
   194.778744523                     NaN
   201.061929830                     NaN
   207.345115137                     NaN
   213.628300444                     NaN
   219.911485751                     NaN
   226.194671058                     NaN
   232.477856366                     NaN
   238.761041673                     NaN
   245.044226980                     NaN
   251.327412287                     NaN
   257.610597594                     NaN
   263.893782902                     NaN
   270.176968209                     NaN
   276.460153516                     NaN
   282.743338823                     NaN
   289.026524130                     NaN
   295.309709437                     NaN
   301.592894745                     NaN
   307.876080052                     NaN
   314.159265359                     NaN
   320.442450666                     NaN
   326.725635973                     NaN
   333.008821281                     NaN
   339.292006588                     NaN
   345.575191895                     NaN
   351.858377202                     NaN
   358.141562509                     NaN
   364.424747816                     NaN
   370.707933124                     NaN
   376.991118431                     NaN
   383.274303738                     NaN
   389.557489045                     NaN
   395.840674352                     NaN
   402.123859659                     NaN
   408.407044967                     NaN
   414.690230274                     NaN
   420.973415581                     NaN
   427.256600888                     NaN
   433.539786195                     NaN
   439.822971503                     NaN
   446.106156810                     NaN
   452.389342117                     NaN
   458.672527424                     NaN
   464.955712731                     NaN
   471.238898038                     NaN
   477.522083346                     NaN
   483.805268653                     NaN
   490.088453960                     NaN
   496.371639267                     NaN
   502.654824574                     NaN
   508.938009882                     NaN
   515.221195189                     NaN
   521.504380496                     NaN
   527.787565803                     NaN
   534.070751110                     NaN
   540.353936417                     NaN
   546.637121725                     NaN
   552.920307032                     NaN
   559.203492339                     NaN
   565.486677646                     NaN
   571.769862953                     NaN
   578.053048261                     NaN
   584.336233568                     NaN
   590.619418875                     NaN
   596.902604182                     NaN
   603.185789489                     NaN
   609.468974796                     NaN
   615.752160104                     NaN
   622.035345411                     NaN
   628.318530718                     NaN
   634.601716025                     NaN
   640.884901332                     NaN
   647.168086639                     NaN
   653.451271947                     NaN
   659.734457254                     NaN
   666.017642561                     NaN
   672.300827868                     NaN
   678.584013175                     NaN
   684.867198483                     NaN
   691.150383790                     NaN
   697.433569097                     NaN
   6.28318530718                     NaN
   12.5663706144                     NaN
   18.8495559215                     NaN
   25.1327412287                     NaN
   31.4159265359                     NaN
   37.6991118431                     NaN
   43.9822971503                     NaN
   50.2654824574                     NaN
   56.5486677646                     NaN
   62.8318530718                     NaN
   69.1150383790                     NaN
   75.3982236862                     NaN
   81.6814089933                     NaN
   87.9645943005                     NaN
   94.2477796077                     NaN
   100.530964915                     NaN
   106.814150222                     NaN
   113.097335529                     NaN
   119.380520836                     NaN
   125.663706144                     NaN
   131.946891451                     NaN
   138.230076758                     NaN
   144.513262065                     NaN
   150.796447372                     NaN
   157.079632679                     NaN
   163.362817987                     NaN
   169.646003294                     NaN
   175.929188601                     NaN
   182.212373908                     NaN
   188.495559215                     NaN
   194.778744523                     NaN
   201.061929830                     NaN
   207.345115137                     NaN
   213.628300444                     NaN
   219.911485751                     NaN
   226.194671058                     NaN
   232.477856366                     NaN
   238.761041673                     NaN
   245.044226980                     NaN
   251.327412287                     NaN
   257.610597594                     NaN
   263.893782902                     NaN
   270.176968209                     NaN
   276.460153516                     NaN
   282.743338823                     NaN
   289.026524130                     NaN
   295.309709437                     NaN
   301.592894745                     NaN
   307.876080052                     NaN
   314.159265359                     NaN
   320.442450666                     NaN
   326.725635973                     NaN
   333.008821281                     NaN
   339.292006588                     NaN
   345.575191895                     NaN
   351.858377202                     NaN
   358.141562509                     NaN
   364.424747816                     NaN
   370.707933124                     NaN
   376.991118431                     NaN
   383.274303738                     NaN
   389.557489045                     NaN
   395.840674352                     NaN
   402.123859659                     NaN
   408.407044967                     NaN
   414.690230274                     NaN
   420.973415581                     NaN
   427.256600888                     NaN
   433.539786195                     NaN
   439.822971503                     NaN
   446.106156810                     NaN
   452.389342117                     NaN
   458.672527424                     NaN
   464.955712731                     NaN
   471.238898038                     NaN
   477.522083346                     NaN
   483.805268653                     NaN
   490.088453960                     NaN
   496.371639267                     NaN
   502.654824574                     NaN
   508.938009882                     NaN
   515.221195189                     NaN
   521.504380496                     NaN
   527.787565803                     NaN
   534.070751110                     NaN
   540.353936417                     NaN
   546.637121725                     NaN
   552.920307032                     NaN
   559.203492339                     NaN
   565.486677646                     NaN
   571.769862953                     NaN
   578.053048261                     NaN
   584.336233568                     NaN
   590.619418875                     NaN
   596.902604182                     NaN
   603.185789489                     NaN
   609.468974796                     NaN
   615.752160104                     NaN
   622.035345411                     NaN
   628.318530718                     NaN
   634.601716025                     NaN
   640.884901332                     NaN
   647.168086639                     NaN
   653.451271947                     NaN
   659.734457254                     NaN
   666.017642561                     NaN
   672.300827868                     NaN
   678.584013175                     NaN
   684.867198483                     NaN
   691.150383790                     NaN
   697.433569097                     NaN
   6.28318530718                     NaN
   12.5663706144                     NaN
   18.8495559215                     NaN
   25.1327412287                     NaN
   31.4159265359                     NaN
   37.6991118431                     NaN
   43.9822971503                     NaN
   50.2654824574                     NaN
   56.5486677646                     NaN
   62.8318530718                     NaN
   69.1150383790                     NaN
   75.3982236862                     NaN
   81.6814089933                     NaN
   87.9645943005                     NaN
   94.2477796077                     NaN
   100.530964915                     NaN
   106.814150222                     NaN
   113.097335529                     NaN
   119.380520836                     NaN
   125.663706144                     NaN
   131.946891451                     NaN
   138.230076758                     NaN
   144.513262065                     NaN
   150.796447372                     NaN
   157.079632679                     NaN
   163.362817987                     NaN
   169.646003294                     NaN
   175.929188601                     NaN
   182.212373908                     NaN
   188.495559215                     NaN
   194.778744523                     NaN
   201.061929830                     NaN
   207.345115137                     NaN
   213.628300444                     NaN
   219.911485751                     NaN
   226.194671058                     NaN
   232.477856366                     NaN
   238.761041673                     NaN
   245.044226980                     NaN
   251.327412287                     NaN
   257.610597594                     NaN
   263.893782902                     NaN
   270.176968209                     NaN
   276.460153516                     NaN
   282.743338823                     NaN
   289.026524130                     NaN
   295.309709437                     NaN
   301.592894745                     NaN
   307.876080052                     NaN
   314.159265359                     NaN
   320.442450666                     NaN
   326.725635973                     NaN
   333.008821281                     NaN
   339.292006588                     NaN
   345.575191895                     NaN
   351.858377202                     NaN
   358.141562509                     NaN
   364.424747816                     NaN
   370.707933124                     NaN
   376.991118431                     NaN
   383.274303738                     NaN
   389.557489045                     NaN
   395.840674352                     NaN
   402.123859659                     NaN
   408.407044967                     NaN
   414.690230274                     NaN
   420.973415581                     NaN
   427.256600888                     NaN
   433.539786195                     NaN
   439.822971503                     NaN
   446.106156810                     NaN
   452.389342117                     NaN
   458.672527424                     NaN
   464.955712731                     NaN
   471.238898038                     NaN
   477.522083346                     NaN
   483.805268653                     NaN
   490.088453960                     NaN
   496.371639267                     NaN
   502.654824574                     NaN
   508.938009882                     NaN
   515.221195189                     NaN
   521.504380496                     NaN
   527.787565803                     NaN
   534.070751110                     NaN
   540.353936417                     NaN
   546.637121725                     NaN
   552.920307032                     NaN
   559.203492339                     NaN
   565.486677646                     NaN
   571.769862953                     NaN
   578.053048261                     NaN
   584.336233568                     NaN
   590.619418875                     NaN
   596.902604182                     NaN
   603.185789489                     NaN
   609.468974796                     NaN
   615.752160104                     NaN
   622.035345411                     NaN
   628.318530718                     NaN
   634.601716025                     NaN
   640.884901332                     NaN
   647.168086639                     NaN
   653.451271947                     NaN
   659.734457254                     NaN
   666.017642561                     NaN
   672.300827868                     NaN
   678.584013175                     NaN
   684.867198483                     NaN
   691.150383790                     NaN
   697.433569097                     NaN
   6.28318530718                     NaN
   12.5663706144                     NaN
   18.8495559215                     NaN
   25.1327412287                     NaN
   31.4159265359                     NaN
   37.6991118431                     NaN
   43.9822971503                     NaN
   50.2654824574                     NaN
   56.5486677646                     NaN
   62.8318530718                     NaN
   69.1150383790                     NaN
   75.3982236862                     NaN
   81.6814089933                     NaN
   87.9645943005                     NaN
   94.2477796077                     NaN
   100.530964915                     NaN
   106.814150222                     NaN
   113.097335529                     NaN
   119.380520836                     NaN
   125.663706144                     NaN
   131.946891451                     NaN
   138.230076758                     NaN
   144.513262065                     NaN
   150.796447372                     NaN
   157.079632679                     NaN
   163.362817987                     NaN
   169.646003294                     NaN
   175.929188601                     NaN
   182.212373908                     NaN
   188.495559215                     NaN
   194.778744523                     NaN
   201.061929830                     NaN
   207.345115137                     NaN
   213.628300444                     NaN
   219.911485751                     NaN
   226.194671058                     NaN
   232.477856366                     NaN
   238.761041673                     NaN
   245.044226980                     NaN
   251.327412287                     NaN
   257.610597594                     NaN
   263.893782902                     NaN
   270.176968209                     NaN
   276.460153516                     NaN
   282.743338823                     NaN
   289.026524130                     NaN
   295.309709437                     NaN
   301.592894745                     NaN
   307.876080052                     NaN
   314.159265359                     NaN
   320.442450666                     NaN
   326.725635973                     NaN
   333.008821281                     NaN
   339.292006588                     NaN
   345.575191895                     NaN
   351.858377202                     NaN
   358.141562509                     NaN
   364.424747816                     NaN
   370.707933124                     NaN
   376.991118431                     NaN
   383.274303738                     NaN
   389.557489045                     NaN
   395.840674352                     NaN
   402.123859659                     NaN
   408.407044967                     NaN
   414.690230274                     NaN
   420.973415581                     NaN
   427.256600888                     NaN
   433.539786195                     NaN
   439.822971503                     NaN
   446.106156810                     NaN
   452.389342117                     NaN
   458.672527424                     NaN
   464.955712731                     NaN
   471.238898038                     NaN
   477.522083346                     NaN
   483.805268653                     NaN
   490.088453960                     NaN
   496.371639267                     NaN
   502.654824574                     NaN
   508.938009882                     NaN
   515.221195189                     NaN
   521.504380496                     NaN
   527.787565803                     NaN
   534.070751110                     NaN
   540.353936417                     NaN
   546.637121725                     NaN
   552.920307032                     NaN
   559.203492339                     NaN
   565.486677646                     NaN
   571.769862953                     NaN
   578.053048261                     NaN
   584.336233568                     NaN
   590.619418875                     NaN
   596.902604182                     NaN
   603.185789489                     NaN
   609.468974796                     NaN
   615.752160104                     NaN
   622.035345411                     NaN
   628.318530718                     NaN
   634.601716025                     NaN
   640.884901332                     NaN
   647.168086639                     NaN
   653.451271947                     NaN
   659.734457254                     NaN
   666.017642561                     NaN
   672.300827868                     NaN
   678.584013175                     NaN
   684.867198483                     NaN
   691.150383790                     NaN
   697.433569097                     NaN
   6.28318530718                     NaN
   12.5663706144                     NaN
   18.8495559215                     NaN
   25.1327412287                     NaN
   31.4159265359                     NaN
   37.6991118431                     NaN
   43.9822971503                     NaN
   50.2654824574                     NaN
   56.5486677646                     NaN
   62.8318530718                     NaN
   69.1150383790                     NaN
   75.3982236862                     NaN
   81.6814089933                     NaN
   87.9645943005                     NaN
   94.2477796077                     NaN
   100.530964915                     NaN
   106.814150222                     NaN
   113.097335529                     NaN
   119.380520836                     NaN
   125.663706144                     NaN
   131.946891451                     NaN
   138.230076758                     NaN
   144.513262065                     NaN
   150.796447372                     NaN
   157.079632679                     NaN
   163.362817987                     NaN
   169.646003294                     NaN
   175.929188601                     NaN
   182.212373908                     NaN
   188.495559215                     NaN
   194.778744523                     NaN
   201.061929830                     NaN
   207.345115137                     NaN
   213.628300444                     NaN
   219.911485751                     NaN
   226.194671058                     NaN
   232.477856366                     NaN
   238.761041673                     NaN
   245.044226980                     NaN
   251.327412287                     NaN
   257.610597594                     NaN
   263.893782902                     NaN
   270.176968209                     NaN
   276.460153516                     NaN
   282.743338823                     NaN
   289.026524130                     NaN
   295.309709437                     NaN
   301.592894745                     NaN
   307.876080052                     NaN
   314.159265359                     NaN
   320.442450666                     NaN
   326.725635973                     NaN
   333.008821281                     NaN
   339.292006588                     NaN
   345.575191895                     NaN
   351.858377202                     NaN
   358.141562509                     NaN
   364.424747816                     NaN
   370.707933124                     NaN
   376.991118431                     NaN
   383.274303738                     NaN
   389.557489045                     NaN
   395.840674352                     NaN
   402.123859659                     NaN
   408.407044967                     NaN
   414.690230274                     NaN
   420.973415581                     NaN
   427.256600888                     NaN
   433.539786195                     NaN
   439.822971503                     NaN
   446.106156810                     NaN
   452.389342117                     NaN
   458.672527424                     NaN
   464.955712731                     NaN
   471.238898038                     NaN
   477.522083346                     NaN
   483.805268653                     NaN
   490.088453960                     NaN
   496.371639267                     NaN
   502.654824574                     NaN
   508.938009882                     NaN
   515.221195189                     NaN
   521.504380496                     NaN
   527.787565803                     NaN
   534.070751110                     NaN
   540.353936417                     NaN
   546.637121725                     NaN
   552.920307032                     NaN
   559.203492339                     NaN
   565.486677646                     NaN
   571.769862953                     NaN
   578.053048261                     NaN
   584.336233568                     NaN
   590.619418875                     NaN
   596.902604182                     NaN
   603.185789489                     NaN
   609.468974796                     NaN
   615.752160104                     NaN
   622.035345411                     NaN
   628.318530718                     NaN
   634.601716025                     NaN
   640.884901332                     NaN
   647.168086639                     NaN
   653.451271947                     NaN
   659.734457254                     NaN
   666.017642561                     NaN
   672.300827868                     NaN
   678.584013175                     NaN
   684.867198483                     NaN
   691.150383790                     NaN
   697.433569097                     NaN
   6.28318530718                     NaN
   12.5663706144                     NaN
   18.8495559215                     NaN
   25.1327412287                     NaN
   31.4159265359                     NaN
   37.6991118431                     NaN
   43.9822971503                     NaN
   50.2654824574                     NaN
   56.5486677646                     NaN
   62.8318530718                     NaN
   69.1150383790                     NaN
   75.3982236862                     NaN
   81.6814089933                     NaN
   87.9645943005                     NaN
   94.2477796077                     NaN
   100.530964915                     NaN
   106.814150222                     NaN
   113.097335529                     NaN
   119.380520836                     NaN
   125.663706144                     NaN
   131.946891451                     NaN
   138.230076758                     NaN
   144.513262065                     NaN
   150.796447372                     NaN
   157.079632679                     NaN
   163.362817987                     NaN
   169.646003294                     NaN
   175.929188601                     NaN
   182.212373908                     NaN
   188.495559215                     NaN
   194.778744523                     NaN
   201.061929830                     NaN
   207.345115137                     NaN
   213.628300444                     NaN
   219.911485751                     NaN
   226.194671058                     NaN
   232.477856366                     NaN
   238.761041673                     NaN
   245.044226980                     NaN
   251.327412287                     NaN
   257.610597594                     NaN
   263.893782902                     NaN
   270.176968209                     NaN
   276.460153516                     NaN
   282.743338823                     NaN
   289.026524130                     NaN
   295.309709437                     NaN
   301.592894745                     NaN
   307.876080052                     NaN
   314.159265359                     NaN
   320.442450666                     NaN
   326.725635973                     NaN
   333.008821281                     NaN
   339.292006588                     NaN
   345.575191895                     NaN
   351.858377202                     NaN
   358.141562509                     NaN
   364.424747816                     NaN
   370.707933124                     NaN
   376.991118431                     NaN
   383.274303738                     NaN
   389.557489045                     NaN
   395.840674352                     NaN
   402.123859659                     NaN
   408.407044967                     NaN
   414.690230274                     NaN
   420.973415581                     NaN
   427.256600888                     NaN
   433.539786195                     NaN
   439.822971503                     NaN
   446.106156810                     NaN
   452.389342117                     NaN
   458.672527424                     NaN
   464.955712731                     NaN
   471.238898038                     NaN
   477.522083346                     NaN
   483.805268653                     NaN
   490.088453960                     NaN
   496.371639267                     NaN
   502.654824574                     NaN
   508.938009882                     NaN
   515.221195189                     NaN
   521.504380496                     NaN
   527.787565803                     NaN
   534.070751110                     NaN
   540.353936417                     NaN
   546.637121725                     NaN
   552.920307032                     NaN
   559.203492339                     NaN
   565.486677646                     NaN
   571.769862953                     NaN
   578.053048261                     NaN
   584.336233568                     NaN
   590.619418875                     NaN
   596.902604182                     NaN
   603.185789489                     NaN
   609.468974796                     NaN
   615.752160104                     NaN
   622.035345411                     NaN
   628.318530718                     NaN
   634.601716025                     NaN
   640.884901332                     NaN
   647.168086639                     NaN
   653.451271947                     NaN
   659.734457254                     NaN
   666.017642561                     NaN
   672.300827868                     NaN
   678.584013175                     NaN
   684.867198483                     NaN
   691.150383790                     NaN
   697.433569097                     NaN
   6.28318530718                     NaN
   12.5663706144                     NaN
   18.8495559215                     NaN
   25.1327412287                     NaN
   31.4159265359                     NaN
   37.6991118431                     NaN
   43.9822971503                     NaN
   50.2654824574                     NaN
   56.5486677646                     NaN
   62.8318530718                     NaN
   69.1150383790                     NaN
   75.3982236862                     NaN
   81.6814089933                     NaN
   87.9645943005                     NaN
   94.2477796077                     NaN
   100.530964915                     NaN
   106.814150222                     NaN
   113.097335529                     NaN
   119.380520836                     NaN
   125.663706144                     NaN
   131.946891451                     NaN
   138.230076758                     NaN
   144.513262065                     NaN
   150.796447372                     NaN
   157.079632679                     NaN
   163.362817987                     NaN
   169.646003294                     NaN
   175.929188601                     NaN
   182.212373908                     NaN
   188.495559215                     NaN
   194.778744523                     NaN
   201.061929830                     NaN
   207.345115137                     NaN
   213.628300444                     NaN
   219.911485751                     NaN
   226.194671058                     NaN
   232.477856366                     NaN
   238.761041673                     NaN
   245.044226980                     NaN
   251.327412287                     NaN
   257.610597594                     NaN
   263.893782902                     NaN
   270.176968209                     NaN
   276.460153516                     NaN
   282.743338823                     NaN
   289.026524130                     NaN
   295.309709437                     NaN
   301.592894745                     NaN
   307.876080052                     NaN
   314.159265359                     NaN
   320.442450666                     NaN
   326.725635973                     NaN
   333.008821281                     NaN
   339.292006588                     NaN
   345.575191895                     NaN
   351.858377202                     NaN
   358.141562509                     NaN
   364.424747816                     NaN
   370.707933124                     NaN
   376.991118431                     NaN
   383.274303738                     NaN
   389.557489045                     NaN
   395.840674352                     NaN
   402.123859659                     NaN
   408.407044967                     NaN
   414.690230274                     NaN
   420.973415581                     NaN
   427.256600888                     NaN
   433.539786195                     NaN
   439.822971503                     NaN
   446.106156810                     NaN
   452.389342117                     NaN
   458.672527424                     NaN
   464.955712731                     NaN
   471.238898038                     NaN
   477.522083346                     NaN
   483.805268653                     NaN
   490.088453960                     NaN
   496.371639267                     NaN
   502.654824574                     NaN
   508.938009882                     NaN
   515.221195189                     NaN
   521.504380496                     NaN
   527.787565803                     NaN
   534.070751110                     NaN
   540.353936417                     NaN
   546.637121725                     NaN
   552.920307032                     NaN
   559.203492339                     NaN
   565.486677646                     NaN
   571.769862953                     NaN
   578.053048261                     NaN
   584.336233568                     NaN
   590.619418875                     NaN
   596.902604182                     NaN
   603.185789489                     NaN
   609.468974796                     NaN
   615.752160104                     NaN
   622.035345411                     NaN
   628.318530718                     NaN
   634.601716025                     NaN
   640.884901332                     NaN
   647.168086639                     NaN
   653.451271947                     NaN
   659.734457254                     NaN
   666.017642561                     NaN
   672.300827868                     NaN
   678.584013175                     NaN
   684.867198483                     NaN
   691.150383790                     NaN
   697.433569097                     NaN
   6.28318530718                     NaN
   12.5663706144                     NaN
   18.8495559215                     NaN
   25.1327412287                     NaN
   31.4159265359                     NaN
   37.6991118431                     NaN
   43.9822971503                     NaN
   50.2654824574                     NaN
   56.5486677646                     NaN
   62.8318530718                     NaN
   69.1150383790                     NaN
   75.3982236862                     NaN
   81.6814089933                     NaN
   87.9645943005                     NaN
   94.2477796077                     NaN
   100.530964915                     NaN
   106.814150222                     NaN
   113.097335529                     NaN
   119.380520836                     NaN
   125.663706144                     NaN
   131.946891451                     NaN
   138.230076758                     NaN
   144.513262065                     NaN
   150.796447372                     NaN
   157.079632679                     NaN
   163.362817987                     NaN
   169.646003294                     NaN
   175.929188601                     NaN
   182.212373908                     NaN
   188.495559215                     NaN
   194.778744523                     NaN
   201.061929830                     NaN
   207.345115137                     NaN
   213.628300444                     NaN
   219.911485751                     NaN
   226.194671058                     NaN
   232.477856366                     NaN
   238.761041673                     NaN
   245.044226980                     NaN
   251.327412287                     NaN
   257.610597594                     NaN
   263.893782902                     NaN
   270.176968209                     NaN
   276.460153516                     NaN
   282.743338823                     NaN
   289.026524130                     NaN
   295.309709437                     NaN
   301.592894745                     NaN
   307.876080052                     NaN
   314.159265359                     NaN
   320.442450666                     NaN
   326.725635973                     NaN
   333.008821281                     NaN
   339.292006588                     NaN
   345.575191895                     NaN
   351.858377202                     NaN
   358.141562509                     NaN
   364.424747816                     NaN
   370.707933124                     NaN
   376.991118431                     NaN
   383.274303738                     NaN
   389.557489045                     NaN
   395.840674352                     NaN
   402.123859659                     NaN
   408.407044967                     NaN
   414.690230274                     NaN
   420.973415581                     NaN
   427.256600888                     NaN
   433.539786195                     NaN
   439.822971503                     NaN
   446.106156810                     NaN
   452.389342117                     NaN
   458.672527424                     NaN
   464.955712731                     NaN
   471.238898038                     NaN
   477.522083346                     NaN
   483.805268653                     NaN
   490.088453960                     NaN
   496.371639267                     NaN
   502.654824574                     NaN
   508.938009882                     NaN
   515.221195189                     NaN
   521.504380496                     NaN
   527.787565803                     NaN
   534.070751110                     NaN
   540.353936417                     NaN
   546.637121725                     NaN
   552.920307032                     NaN
   559.203492339                     NaN
   565.486677646                     NaN
   571.769862953                     NaN
   578.053048261                     NaN
   584.336233568                     NaN
   590.619418875                     NaN
   596.902604182                     NaN
   603.185789489                     NaN
   609.468974796                     NaN
   615.752160104                     NaN
   622.035345411                     NaN
   628.318530718                     NaN
   634.601716025                     NaN
   640.884901332                     NaN
   647.168086639                     NaN
   653.451271947                     NaN
   659.734457254                     NaN
   666.017642561                     NaN
   672.300827868                     NaN
   678.584013175                     NaN
   684.867198483                     NaN
   691.150383790                     NaN
   697.433569097                     NaN
   6.28318530718                     NaN
   12.5663706144                     NaN
   18.8495559215                     NaN
   25.1327412287                     NaN
   31.4159265359                     NaN
   37.6991118431                     NaN
   43.9822971503                     NaN
   50.2654824574                     NaN
   56.5486677646                     NaN
   62.8318530718                     NaN
   69.1150383790                     NaN
   75.3982236862                     NaN
   81.6814089933                     NaN
   87.9645943005                     NaN
   94.2477796077                     NaN
   100.530964915                     NaN
   106.814150222                     NaN
   113.097335529                     NaN
   119.380520836                     NaN
   125.663706144                     NaN
   131.946891451                     NaN
   138.230076758                     NaN
   144.513262065                     NaN
   150.796447372                     NaN
   157.079632679                     NaN
   163.362817987                     NaN
   169.646003294                     NaN
   175.929188601                     NaN
   182.212373908                     NaN
   188.495559215                     NaN
   194.778744523                     NaN
   201.061929830                     NaN
   207.345115137                     NaN
   213.628300444                     NaN
   219.911485751                     NaN
   226.194671058                     NaN
   232.477856366                     NaN
   238.761041673                     NaN
   245.044226980                     NaN
   251.327412287                     NaN
   257.610597594                     NaN
   263.893782902                     NaN
   270.176968209                     NaN
   276.460153516                     NaN
   282.743338823                     NaN
   289.026524130                     NaN
   295.309709437                     NaN
   301.592894745                     NaN
   307.876080052                     NaN
   314.159265359                     NaN
   320.442450666                     NaN
   326.725635973                     NaN
   333.008821281                     NaN
   339.292006588                     NaN
   345.575191895                     NaN
   351.858377202                     NaN
   358.141562509                     NaN
   364.424747816                     NaN
   370.707933124                     NaN
   376.991118431                     NaN
   383.274303738                     NaN
   389.557489045                     NaN
   395.840674352                     NaN
   402.123859659                     NaN
   408.407044967                     NaN
   414.690230274                     NaN
   420.973415581                     NaN
   427.256600888                     NaN
   433.539786195                     NaN
   439.822971503                     NaN
   446.106156810                     NaN
   452.389342117                     NaN
   458.672527424                     NaN
   464.955712731                     NaN
   471.238898038                     NaN
   477.522083346                     NaN
   483.805268653                     NaN
   490.088453960                     NaN
   496.371639267                     NaN
   502.654824574                     NaN
   508.938009882                     NaN
   515.221195189                     NaN
   521.504380496                     NaN
   527.787565803                     NaN
   534.070751110                     NaN
   540.353936417                     NaN
   546.637121725                     NaN
   552.920307032                     NaN
   559.203492339                     NaN
   565.486677646                     NaN
   571.769862953                     NaN
   578.053048261                     NaN
   584.336233568                     NaN
   590.619418875                     NaN
   596.902604182                     NaN
   603.185789489                     NaN
   609.468974796                     NaN
   615.752160104                     NaN
   622.035345411                     NaN
   628.318530718                     NaN
   634.601716025                     NaN
   640.884901332                     NaN
   647.168086639                     NaN
   653.451271947                     NaN
   659.734457254                     NaN
   666.017642561                     NaN
   672.300827868                     NaN
   678.584013175                     NaN
   684.867198483                     NaN
   691.150383790                     NaN
   697.433569097                     NaN
