   0.00000000000      0.200281974390E-02  0.375000000000      0.677711058565E-06   2.68792394482      0.750000000000      0.880951596331E-01  0.880725984413E-01  0.198832241926    
  0.125000000000      0.200080094539E-02  0.383268342948      0.675922181638E-06   2.85803446730      0.766536685896      0.910385895990E-01  0.910164562564E-01  0.201213297093    
  0.250000000000      0.199834877124E-02  0.393311801532      0.674038484697E-06   3.08411110548      0.786623603065      0.947537715780E-01  0.947320957424E-01  0.203825934212    
  0.375000000000      0.199540383518E-02  0.405373567606      0.672120329418E-06   3.33106299112      0.810747135212      0.992902620056E-01  0.992691012114E-01  0.206814204389    
  0.500000000000      0.199189305890E-02  0.419752894027      0.670242373174E-06   3.59230366774      0.839505788053      0.104710379476      0.104689818646      0.210352695905    
  0.625000000000      0.198773300807E-02  0.436791435656      0.668489764937E-06   3.87344037774      0.873582871313      0.111085619076      0.111065769436      0.214640047144    
  0.750000000000      0.198283686914E-02  0.456844694293      0.666944942027E-06   4.16851773765      0.913689388585      0.118489433885      0.118470431829      0.219884828579    
  0.875000000000      0.197712487461E-02  0.480239349578      0.665662824334E-06   4.49302564117      0.960478699155      0.126986875534      0.126968882081      0.226283591962    
   1.00000000000      0.197053621618E-02  0.507224481900      0.664636042504E-06   4.84187428352       1.01444896380      0.136623268425      0.136606469737      0.233994743738    
   1.12500000000      0.196303894908E-02  0.537930981425      0.663756805995E-06   5.22418122357       1.07586196285      0.147415377211      0.147399986201      0.243115618014    
   1.25000000000      0.195463442328E-02  0.572353334373      0.662785984340E-06   5.62794021807       1.14470666875      0.159348227203      0.159334485582      0.253670621588    
   1.37500000000      0.194535483693E-02  0.610359587751      0.661341096846E-06   6.07167763385       1.22071917550      0.172378596470      0.172366776065      0.265614215216    
   1.50000000000      0.193525535506E-02  0.651723631236      0.658912346909E-06   6.52603401335       1.30344726247      0.186443502638      0.186433904668      0.278846223930    
   1.62500000000      0.192440393357E-02  0.696166931099      0.654909627661E-06   6.99847403185       1.39233386220      0.201470547235      0.201463498607      0.293232885257    
   1.75000000000      0.191287171385E-02  0.743397934337      0.648734723222E-06   7.51249772388       1.48679586867      0.217387404479      0.217383251015      0.308627278843    
   1.87500000000      0.190072536301E-02  0.793143472457      0.639864572644E-06   8.02530116378       1.58628694491      0.234129240761      0.234128338340      0.324885893357    
   2.00000000000      0.188802127442E-02  0.845172511525      0.627927114659E-06   8.54271276619       1.69034502305      0.251644218212      0.251646923836      0.341881369477    
   2.12500000000      0.187480082368E-02  0.899315563929      0.612753078523E-06   9.08970923807       1.79863112786      0.269897753726      0.269904419225      0.359513390979    
   2.25000000000      0.186108599126E-02  0.955482595858      0.594394451001E-06   9.65608221859       1.91096519172      0.288875672959      0.288886643714      0.377720279186    
   2.37500000000      0.184687544963E-02   1.01367903062      0.573110473861E-06   10.2520843353       2.02735806125      0.308584900625      0.308600518952      0.396493611047    
   2.50000000000      0.183214238527E-02   1.07401463834      0.549330994301E-06   10.8484427064       2.14802927669      0.329048368275      0.329068974741      0.415897295329    
   2.62500000000      0.181683631943E-02   1.13669604288      0.523608396625E-06   11.4524025543       2.27339208577      0.350289779415      0.350315695701      0.436090567766    
   2.75000000000      0.180089102277E-02   1.20199428815      0.496554735183E-06   12.1070816902       2.40398857629      0.372306037016      0.372337506104      0.457350745027    
   2.87500000000      0.178423838399E-02   1.27018806881      0.468733312360E-06   12.7818593461       2.54037613763      0.395032161110      0.395069223679      0.480086684024    
   3.00000000000      0.176682427949E-02   1.34149881313      0.440471956455E-06   13.5278337166       2.68299762626      0.418313258263      0.418355566737      0.504829988132    
   3.12500000000      0.174861979991E-02   1.41604476103      0.411645423242E-06   14.3416311467       2.83208952205      0.441903101978      0.441949713685      0.532191945363    
   3.25000000000      0.172962273871E-02   1.49383482563      0.381618442233E-06   15.1781626600       2.98766965127      0.465501188131      0.465550419227      0.562783218275    
   3.37500000000      0.170984992351E-02   1.57479988369      0.349586568473E-06   16.0889053884       3.14959976737      0.488820473167      0.488869905677      0.597109504842    
   3.50000000000      0.168932659159E-02   1.65883622678      0.315318756386E-06   16.9813815284       3.31767245355      0.511658722597      0.511705412597      0.635472091583    
   3.62500000000      0.166808036722E-02   1.74583031596      0.279872808865E-06   17.8151497927       3.49166063193      0.533942012340      0.533982856041      0.677905447583    
   3.75000000000      0.164614414804E-02   1.83564713038      0.245666150937E-06   18.6645050185       3.67129426075      0.555723349432      0.555755482887      0.724168298058    
   3.87500000000      0.162356707440E-02   1.92808533895      0.215736517267E-06   19.3476270589       3.85617067790      0.577142394871      0.577163497587      0.773779446491    
   4.00000000000      0.160042861512E-02   2.02281959806      0.192799365731E-06   20.0137179321       4.04563919611      0.598367778112      0.598376221594      0.826075598350    
   4.12500000000      0.157684944339E-02   2.11935598522      0.178926327132E-06   20.5197859720       4.23871197045      0.619542967938      0.619537831881      0.880275185404    
   4.25000000000      0.155299446353E-02   2.21701961940      0.176070986563E-06   20.9183583235       4.43403923879      0.640746088144      0.640727109537      0.935546421715    
   4.37500000000      0.152906638964E-02   2.31498094499      0.186971357280E-06   21.2425642813       4.62996188998      0.661965914822      0.661933440372      0.991081589798    
   4.50000000000      0.150529059062E-02   2.41231770700      0.215759013520E-06   21.3622822907       4.82463541399      0.683095459666      0.683050452364       1.04617179497    
   4.62500000000      0.148189352467E-02   2.50810316316      0.267765451974E-06   21.5592483501       5.01620632632      0.703945742173      0.703889849549       1.10026757144    
   4.75000000000      0.145907924204E-02   2.60150227208      0.348302670881E-06   21.6356527213       5.20300454416      0.724279730938      0.724215368090       1.15300717305    
   4.87500000000      0.143701044665E-02   2.69184928342      0.460660062319E-06   22.1837648628       5.38369856683      0.743860375774      0.743790739779       1.20419816786    
   5.00000000000      0.141579993405E-02   2.77868284594      0.604126286439E-06   22.9966459796       5.55736569188      0.762501331047      0.762430268398       1.25375124650    
