   0.00000000000      0.248393487646E-02  0.375000000000      0.176725454918E-06   1.76518093489      0.750000000000      0.827387143098E-01  0.827399744532E-01  0.209521311237    
  0.125000000000      0.248169786632E-02  0.384162655211      0.176706702184E-06   1.88268819204      0.768325310422      0.878988707596E-01  0.879002409655E-01  0.208363543486    
  0.250000000000      0.247902454235E-02  0.395112428621      0.176684026745E-06   2.01029649710      0.790224857242      0.938861364653E-01  0.938876426280E-01  0.207338649528    
  0.375000000000      0.247588171719E-02  0.407985249927      0.176658680334E-06   2.14644813603      0.815970499853      0.100726904070      0.100728574552      0.206529771305    
  0.500000000000      0.247223603116E-02  0.422917756489      0.176632144190E-06   2.29047607826      0.845835512979      0.108445701484      0.108447567020      0.206024487985    
  0.625000000000      0.246805558050E-02  0.440040624647      0.176605846427E-06   2.44288777410      0.880081249293      0.117063322313      0.117065415694      0.205911886640    
  0.750000000000      0.246331175507E-02  0.459471043189      0.176580759163E-06   2.60690851979      0.918942086379      0.126594849540      0.126597205063      0.206278988585    
  0.875000000000      0.245798109969E-02  0.481305089091      0.176556908927E-06   2.77727040467      0.962610178183      0.137047857665      0.137050510368      0.207206721059    
   1.00000000000      0.245204695666E-02  0.505610999007      0.176532863781E-06   2.95685487874       1.01122199801      0.148421081476      0.148424066213      0.208765851318    
   1.12500000000      0.244550063442E-02  0.532424380273      0.176505283094E-06   3.14371470801       1.06484876055      0.160703775572      0.160707126016      0.211013478685    
   1.25000000000      0.243834189569E-02  0.561746209134      0.176468621086E-06   3.34005151459       1.12349241827      0.173875871770      0.173879619451      0.213990717913    
   1.37500000000      0.243057866100E-02  0.593544043133      0.176415056827E-06   3.54131813919       1.18708808627      0.187908904097      0.187913077556      0.217722061480    
   1.50000000000      0.242222595332E-02  0.627756343131      0.176334683430E-06   3.74573065279       1.25551268626      0.202767550973      0.202772175099      0.222216617059    
   1.62500000000      0.241330422672E-02  0.664299319952      0.176215938266E-06   3.96558569647       1.32859863990      0.218411570348      0.218416665919      0.227471083685    
   1.75000000000      0.240383729367E-02  0.703075425825      0.176046209216E-06   4.17849116651       1.40615085165      0.234797885637      0.234803469045      0.233474071143    
   1.87500000000      0.239385008022E-02  0.743982551252      0.175812522654E-06   4.40518492799       1.48796510250      0.251882608165      0.251888691299      0.240211251788    
   2.00000000000      0.238336640568E-02  0.786923120926      0.175502213457E-06   4.64032992952       1.57384624185      0.269622833325      0.269629423548      0.247670864054    
   2.12500000000      0.237240692805E-02  0.831812509931      0.175103494488E-06   4.88079427838       1.66362501986      0.287978098856      0.287985199030      0.255849212045    
   2.25000000000      0.236098734258E-02  0.878586422172      0.174605876432E-06   5.12610181667       1.75717284434      0.306911428188      0.306919036713      0.264755957272    
   2.37500000000      0.234911688590E-02  0.927207016631      0.174000430565E-06   5.38263494891       1.85441403326      0.326389894310      0.326398005154      0.274419117167    
   2.50000000000      0.233679718849E-02  0.977667606487      0.173279929388E-06   5.65430137830       1.95533521297      0.346384636464      0.346393239175      0.284889730848    
   2.62500000000      0.232402153125E-02   1.02999570331      0.172438934786E-06   5.93536719857       2.05999140663      0.366870259476      0.366879339210      0.296246104626    
   2.75000000000      0.231077458712E-02   1.08425407451      0.171473919271E-06   6.24953270394       2.16850814902      0.387823568155      0.387833105709      0.308597400647    
   2.87500000000      0.229703275194E-02   1.14053938865      0.170383489224E-06   6.57989236974       2.28107877731      0.409221664506      0.409231636389      0.322086087760    
   3.00000000000      0.228276517126E-02   1.19897801058      0.169168718806E-06   6.92737073538       2.39795602116      0.431039585841      0.431049964340      0.336888460401    
   3.12500000000      0.226793553838E-02   1.25971863884      0.167833502995E-06   7.32254775996       2.51943727768      0.453247887459      0.453258640635      0.353212110744    
   3.25000000000      0.225250466347E-02   1.32292178559      0.166384730523E-06   7.73834693447       2.64584357117      0.475810834065      0.475821925587      0.371289025933    
   3.37500000000      0.223643369899E-02   1.38874656738      0.164832027868E-06   8.14976540530       2.77749313476      0.498686065963      0.498697454655      0.391363046764    
   3.50000000000      0.221968777162E-02   1.45733582982      0.163186910892E-06   8.62950283033       2.91467165964      0.521826615302      0.521838254345      0.413670960176    
   3.62500000000      0.220223964391E-02   1.52880114684      0.161461434798E-06   9.07055137603       3.05760229368      0.545185841934      0.545197677809      0.438417627098    
   3.75000000000      0.218407294748E-02   1.60320957230      0.159666781672E-06   9.49888221991       3.20641914460      0.568725212063      0.568737183452      0.465747176784    
   3.87500000000      0.216518452270E-02   1.68057404928      0.157812471486E-06   9.93153833590       3.36114809856      0.592423999881      0.592436036938      0.495714012462    
   4.00000000000      0.214558548668E-02   1.76084902850      0.155906804508E-06   10.3156459165       3.52169805700      0.616289257088      0.616301281585      0.528258489827    
   4.12500000000      0.212530083005E-02   1.84393211562      0.153958682855E-06   10.6668955226       3.68786423124      0.640364088309      0.640376015056      0.563192012254    
   4.25000000000      0.210436759733E-02   1.92967152521      0.151980360963E-06   10.9668601329       3.85934305042      0.664732505758      0.664744245551      0.600194773903    
   4.37500000000      0.208283201531E-02   2.01787784920      0.149990376130E-06   11.2401924443       4.03575569840      0.689519685593      0.689531149644      0.638827013963    
   4.50000000000      0.206074627782E-02   2.10833723740      0.148016160626E-06   11.4313888760       4.21667447479      0.714886866517      0.714897972028      0.678552398852    
   4.62500000000      0.203816602327E-02   2.20082174134      0.146096349505E-06   11.5568243834       4.40164348269      0.741020131128      0.741030807490      0.718770802725    
   4.75000000000      0.201514972807E-02   2.29509180786      0.144282855945E-06   11.6504897288       4.59018361572      0.768112113325      0.768122308304      0.758857386230    
   4.87500000000      0.199176107089E-02   2.39088659795      0.142641884245E-06   11.6364557896       4.78177319590      0.796335998984      0.796345684176      0.798204914789    
   5.00000000000      0.196807459697E-02   2.48790078404      0.141251590508E-06   11.5744311559       4.97580156808      0.825812774110      0.825821948907      0.836266061023    
