   0.00000000000      0.583318432602E-02  0.375000000000     -0.158145396914E-06   2.40103064412      0.750000000000      0.120878184205      0.120749561064      0.133372254731    
  0.125000000000      0.583250014661E-02  0.386182597891     -0.158130806503E-06   2.49297518582      0.772365195782      0.124887774033      0.124761842209      0.136532981649    
  0.250000000000      0.583159216397E-02  0.401028090901     -0.158124304118E-06   2.62049307414      0.802056181802      0.130125579437      0.130003804521      0.140898706944    
  0.375000000000      0.583040100292E-02  0.420503890664     -0.158128805334E-06   2.79763958176      0.841007781329      0.136941759437      0.136825559039      0.146736572189    
  0.500000000000      0.582884947473E-02  0.445868217005     -0.158147152849E-06   3.04610570225      0.891736434009      0.145802942680      0.145693596984      0.154371677341    
  0.625000000000      0.582684457168E-02  0.478638783656     -0.158180528148E-06   3.39838248314      0.957277567313      0.157284377189      0.157182918111      0.164171488356    
  0.750000000000      0.582428666857E-02  0.520440225112     -0.158226558214E-06   3.89267608157       1.04088045022      0.172014024594      0.171921129223      0.176505071295    
  0.875000000000      0.582108546039E-02  0.572735095204     -0.158278279432E-06   4.52526994091       1.14547019041      0.190567744247      0.190483667726      0.191683683230    
   1.00000000000      0.581717654497E-02  0.636542683404     -0.158324480915E-06   5.23770890566       1.27308536681      0.213355417715      0.213279983374      0.209907282314    
   1.12500000000      0.581253048391E-02  0.712282160218     -0.158350282474E-06   5.95243001426       1.42456432044      0.240553828531      0.240486460975      0.231241870711    
   1.25000000000      0.580715090361E-02  0.799789333452     -0.158336729870E-06   6.64787293432       1.59957866690      0.272109125405      0.272048888264      0.255631319782    
   1.37500000000      0.580106487262E-02  0.898446584294     -0.158259963424E-06   7.30373564250       1.79689316859      0.307787179838      0.307732767547      0.282926636909    
   1.50000000000      0.579431127076E-02   1.00733123448     -0.158091622466E-06   7.91746532957       2.01466246895      0.347234798903      0.347184427750      0.312912007823    
   1.62500000000      0.578693141961E-02   1.12531859681     -0.157801750922E-06   8.54050010480       2.25063719361      0.390025884933      0.389977038593      0.345315673282    
   1.75000000000      0.577896428071E-02   1.25112090660     -0.157364563328E-06   9.30181044333       2.50224181319      0.435683814834      0.435632835597      0.379804256166    
   1.87500000000      0.577044750638E-02   1.38327859414     -0.156766732994E-06   10.1404223060       2.76655718827      0.483684850587      0.483626435871      0.415967307679    
   2.00000000000      0.576142478815E-02   1.52014620630     -0.156017531791E-06   11.0630909046       3.04029241260      0.533457504704      0.533384256752      0.453304444842    
   2.12500000000      0.575195802382E-02   1.65992919304     -0.155159950707E-06   12.0054699274       3.31985838607      0.584398757226      0.584300998306      0.491229437505    
   2.25000000000      0.574213954114E-02   1.80081462214     -0.154280288808E-06   12.8987696795       3.60162924428      0.635923285773      0.635789322195      0.529102014172    
   2.37500000000      0.573209654004E-02   1.94118671436     -0.153506795554E-06   13.7095429149       3.88237342872      0.687540397350      0.687357240956      0.566289076055    
   2.50000000000      0.572198023690E-02   2.07984676615     -0.152974929145E-06   14.4057289870       4.15969353231      0.738924229315      0.738678512188      0.602244024651    
   2.62500000000      0.571193870030E-02   2.21612618503     -0.152735998776E-06   15.0056621388       4.43225237006      0.789934153497      0.789612779848      0.636579251686    
   2.75000000000      0.570208322447E-02   2.34983853253     -0.152628994883E-06   15.5133144264       4.69967706506      0.840572659740      0.840162823647      0.669103049143    
   2.87500000000      0.569246444140E-02   2.48112080798     -0.152201059216E-06   15.9377227463       4.96224161597      0.890911039717      0.890399678044      0.699810090222    
   3.00000000000      0.568306810277E-02   2.61026820638     -0.150770517078E-06   17.3988938683       5.22053641277      0.941023881711      0.940397260929      0.728847063744    
