   0.00000000000      0.316628698882E-02  0.375000000000      0.234343098948E-18   2.00000000000      0.750000000000      0.625000000000E-01  0.625000000000E-01  0.250000000000    
  0.312500000000E-01  0.316626381028E-02  0.375010548810     -0.147684930324E-18   1.99984718199      0.750021097621      0.625088480433E-01  0.625088480433E-01  0.249992852724    
  0.625000000000E-01  0.316619427529E-02  0.375042194960     -0.235281586579E-18   1.99938880301      0.750084389920      0.625353894528E-01  0.625353894528E-01  0.249971416054    
  0.937500000000E-01  0.316607838569E-02  0.375094937603      0.256042749507E-18   1.99862508812      0.750189875207      0.625796160694E-01  0.625796160694E-01  0.249935705465    
  0.125000000000      0.316591614460E-02  0.375168775325      0.505222240328E-18   1.99755641218      0.750337550650      0.626415143042E-01  0.626415143042E-01  0.249885746717    
  0.156250000000      0.316570755641E-02  0.375263706131      0.828018337637E-18   1.99618329952      0.750527412263      0.627210651524E-01  0.627210651524E-01  0.249821575827    
  0.187500000000      0.316545262678E-02  0.375379727438      0.683222074627E-18   1.99450642345      0.750759454875      0.628182442132E-01  0.628182442132E-01  0.249743239011    
  0.218750000000      0.316515136273E-02  0.375516836052      0.347958600808E-18   1.99252660564      0.751033672104      0.629330217145E-01  0.629330217145E-01  0.249650792623    
  0.250000000000      0.316480377266E-02  0.375675028158      0.458873009295E-18   1.99024481540      0.751350056316      0.630653625441E-01  0.630653625441E-01  0.249544303070    
  0.281250000000      0.316440986636E-02  0.375854299290      0.133682339338E-17   1.98766216875      0.751708598579      0.632152262855E-01  0.632152262855E-01  0.249423846719    
  0.312500000000      0.316396965514E-02  0.376054644307      0.162404912147E-18   1.98477992739      0.752109288613      0.633825672597E-01  0.633825672597E-01  0.249289509787    
  0.343750000000      0.316348315184E-02  0.376276057366      0.217687223915E-19   1.98159949764      0.752552114731      0.635673345717E-01  0.635673345717E-01  0.249141388222    
  0.375000000000      0.316295037091E-02  0.376518531887      0.463365629276E-18   1.97812242904      0.753037063773      0.637694721629E-01  0.637694721629E-01  0.248979587561    
  0.406250000000      0.316237132850E-02  0.376782060519     -0.335529068269E-18   1.97435041302      0.753564121039      0.639889188676E-01  0.639889188676E-01  0.248804222784    
  0.437500000000      0.316174604255E-02  0.377066635103     -0.158363631758E-18   1.97028528137      0.754133270206      0.642256084759E-01  0.642256084759E-01  0.248615418151    
  0.468750000000      0.316107453286E-02  0.377372246627      0.488406347288E-18   1.96592900451      0.754744493254      0.644794697998E-01  0.644794697998E-01  0.248413307027    
  0.500000000000      0.316035682118E-02  0.377698885184      0.195799155283E-18   1.96128368979      0.755397770368      0.647504267455E-01  0.647504267455E-01  0.248198031693    
  0.531250000000      0.315959293137E-02  0.378046539927      0.830675458416E-18   1.95635157957      0.756093079854      0.650383983896E-01  0.650383983896E-01  0.247969743148    
  0.562500000000      0.315878288942E-02  0.378415199017      0.146734856841E-17   1.95113504919      0.756830398035      0.653432990595E-01  0.653432990595E-01  0.247728600898    
  0.593750000000      0.315792672365E-02  0.378804849574      0.602677298818E-18   1.94563660486      0.757609699148      0.656650384191E-01  0.656650384191E-01  0.247474772736    
  0.625000000000      0.315702446476E-02  0.379215477620     -0.183719189717E-18   1.93985888142      0.758430955240      0.660035215575E-01  0.660035215575E-01  0.247208434505    
  0.656250000000      0.315607614599E-02  0.379647068027     -0.788742600311E-18   1.93380464001      0.759294136054      0.663586490825E-01  0.663586490825E-01  0.246929769862    
  0.687500000000      0.315508180326E-02  0.380099604455     -0.779279927462E-18   1.92747676561      0.760199208910      0.667303172174E-01  0.667303172174E-01  0.246638970020    
  0.718750000000      0.315404147524E-02  0.380573069296     -0.565231138687E-18   1.92087826453      0.761146138592      0.671184179019E-01  0.671184179019E-01  0.246336233492    
  0.750000000000      0.315295520355E-02  0.381067443611     -0.679583006425E-18   1.91401226170      0.762134887221      0.675228388961E-01  0.675228388961E-01  0.246021765818    
  0.781250000000      0.315182303287E-02  0.381582707065     -0.534199993539E-18   1.90688199804      0.763165414130      0.679434638880E-01  0.679434638880E-01  0.245695779289    
  0.812500000000      0.315064501109E-02  0.382118837869      0.299182372490E-18   1.89949082754      0.764237675737      0.683801726036E-01  0.683801726036E-01  0.245358492661    
  0.843750000000      0.314942118942E-02  0.382675812707     -0.890258914103E-21   1.89184221443      0.765351625413      0.688328409207E-01  0.688328409207E-01  0.245010130865    
  0.875000000000      0.314815162260E-02  0.383253606676      0.112484908638E-17   1.88393973015      0.766507213352      0.693013409847E-01  0.693013409847E-01  0.244650924706    
  0.906250000000      0.314683636897E-02  0.383852193216      0.103736197143E-17   1.87578705033      0.767704386432      0.697855413269E-01  0.697855413269E-01  0.244281110562    
  0.937500000000      0.314547549069E-02  0.384471544043      0.128012200610E-17   1.86738795159      0.768943088085      0.702853069856E-01  0.702853069856E-01  0.243900930072    
  0.968750000000      0.314406905384E-02  0.385111629081      0.155603676357E-17   1.85874630843      0.770223258161      0.708004996285E-01  0.708004996285E-01  0.243510629824    
   1.00000000000      0.314261712859E-02  0.385772416393      0.111219704943E-17   1.84986608988      0.771544832786      0.713309776778E-01  0.713309776778E-01  0.243110461037    
   1.03125000000      0.314111978936E-02  0.386453872115      0.109110593945E-17   1.84075135625      0.772907744229      0.718765964363E-01  0.718765964363E-01  0.242700679242    
   1.06250000000      0.313957711494E-02  0.387155960383      0.119005654385E-17   1.83140625568      0.774311920766      0.724372082152E-01  0.724372082152E-01  0.242281543953    
   1.09375000000      0.313798918867E-02  0.387878643271      0.119940434123E-17   1.82183502077      0.775757286542      0.730126624630E-01  0.730126624630E-01  0.241853318345    
   1.12500000000      0.313635609858E-02  0.388621880719      0.109306514935E-17   1.81204196509      0.777243761438      0.736028058958E-01  0.736028058958E-01  0.241416268927    
   1.15625000000      0.313467793751E-02  0.389385630467      0.192307625014E-17   1.80203147965      0.778771260934      0.742074826279E-01  0.742074826279E-01  0.240970665211    
   1.18750000000      0.313295480331E-02  0.390169847990      0.165311192729E-17   1.79180802936      0.780339695979      0.748265343033E-01  0.748265343033E-01  0.240516779383    
   1.21875000000      0.313118679892E-02  0.390974486432      0.102613155305E-17   1.78137614943      0.781948972863      0.754598002276E-01  0.754598002276E-01  0.240054885976    
   1.25000000000      0.312937403256E-02  0.391799496542      0.169266775949E-17   1.77074044181      0.783598993084      0.761071175004E-01  0.761071175004E-01  0.239585261541    
   1.28125000000      0.312751661786E-02  0.392644826613      0.194635222152E-17   1.75990557149      0.785289653226      0.767683211471E-01  0.767683211471E-01  0.239108184319    
   1.31250000000      0.312561467395E-02  0.393510422418      0.258171719051E-17   1.74887626288      0.787020844836      0.774432442507E-01  0.774432442507E-01  0.238623933917    
   1.34375000000      0.312366832565E-02  0.394396227153      0.166232909068E-17   1.73765729615      0.788792454306      0.781317180839E-01  0.781317180839E-01  0.238132790985    
   1.37500000000      0.312167770358E-02  0.395302181378      0.203792149012E-17   1.72625350352      0.790604362756      0.788335722401E-01  0.788335722401E-01  0.237635036898    
   1.40625000000      0.311964294424E-02  0.396228222961      0.222240702301E-17   1.71466976563      0.792456445922      0.795486347633E-01  0.795486347633E-01  0.237130953434    
   1.43750000000      0.311756419019E-02  0.397174287026      0.181724348336E-17   1.70291100780      0.794348574052      0.802767322782E-01  0.802767322782E-01  0.236620822470    
   1.46875000000      0.311544159013E-02  0.398140305900      0.216866453922E-17   1.69098219638      0.796280611800      0.810176901179E-01  0.810176901179E-01  0.236104925664    
   1.50000000000      0.311327529900E-02  0.399126209064      0.192136737858E-17   1.67888833508      0.798252418127      0.817713324520E-01  0.817713324520E-01  0.235583544160    
   1.53125000000      0.311106547810E-02  0.400131923107      0.129258209347E-17   1.66663446130      0.800263846214      0.825374824114E-01  0.825374824114E-01  0.235056958284    
   1.56250000000      0.310881229519E-02  0.401157371683      0.109977867562E-17   1.65422564247      0.802314743365      0.833159622135E-01  0.833159622135E-01  0.234525447256    
   1.59375000000      0.310651592458E-02  0.402202475467      0.179374491120E-17   1.64166697246      0.804404950933      0.841065932841E-01  0.841065932841E-01  0.233989288898    
   1.62500000000      0.310417654717E-02  0.403267152119      0.141062788209E-17   1.62896356794      0.806534304238      0.849091963788E-01  0.849091963788E-01  0.233448759361    
   1.65625000000      0.310179435059E-02  0.404351316249      0.128371264215E-17   1.61612056482      0.808702632497      0.857235917013E-01  0.857235917013E-01  0.232904132846    
   1.68750000000      0.309936952926E-02  0.405454879381      0.138455245163E-17   1.60314311471      0.810909758762      0.865495990205E-01  0.865495990205E-01  0.232355681340    
   1.71875000000      0.309690228440E-02  0.406577749929      0.124436733025E-17   1.59003638141      0.813155499858      0.873870377853E-01  0.873870377853E-01  0.231803674359    
   1.75000000000      0.309439282416E-02  0.407719833166      0.166348711247E-17   1.57680553741      0.815439666332      0.882357272363E-01  0.882357272363E-01  0.231248378694    
   1.78125000000      0.309184136363E-02  0.408881031204      0.144302471065E-17   1.56345576049      0.817762062409      0.890954865165E-01  0.890954865165E-01  0.230690058172    
   1.81250000000      0.308924812487E-02  0.410061242975      0.956186203056E-18   1.54999223031      0.820122485950      0.899661347779E-01  0.899661347779E-01  0.230128973419    
   1.84375000000      0.308661333700E-02  0.411260364211      0.135478627602E-17   1.53642012511      0.822520728422      0.908474912870E-01  0.908474912870E-01  0.229565381637    
   1.87500000000      0.308393723616E-02  0.412478287437      0.200355256950E-17   1.52274461834      0.824956574874      0.917393755266E-01  0.917393755266E-01  0.228999536384    
   1.90625000000      0.308122006559E-02  0.413714901957      0.131695212542E-17   1.50897087552      0.827429803914      0.926416072955E-01  0.926416072955E-01  0.228431687366    
   1.93750000000      0.307846207558E-02  0.414970093852      0.152301171243E-17   1.49510405100      0.829940187705      0.935540068046E-01  0.935540068046E-01  0.227862080243    
   1.96875000000      0.307566352355E-02  0.416243745976      0.893006682122E-18   1.48114928483      0.832487491953      0.944763947714E-01  0.944763947714E-01  0.227290956434    
   2.00000000000      0.307282467398E-02  0.417535737958      0.700079738939E-18   1.46711169976      0.835071475915      0.954085925101E-01  0.954085925101E-01  0.226718552937    
   2.03125000000      0.306994579844E-02  0.418845946205      0.684665161562E-18   1.45299639817      0.837691892410      0.963504220201E-01  0.963504220201E-01  0.226145102165    
   2.06250000000      0.306702717554E-02  0.420174243916      0.651098669924E-18   1.43880845917      0.840348487832      0.973017060702E-01  0.973017060702E-01  0.225570831775    
   2.09375000000      0.306406909093E-02  0.421520501088      0.417752072336E-18   1.42455293576      0.843041002177      0.982622682809E-01  0.982622682809E-01  0.224995964526    
   2.12500000000      0.306107183726E-02  0.422884584538      0.812632020901E-18   1.41023485199      0.845769169075      0.992319332030E-01  0.992319332030E-01  0.224420718132    
   2.15625000000      0.305803571411E-02  0.424266357915      0.120943232025E-18   1.39585920027      0.848532715831      0.100210526393      0.100210526393      0.223845305129    
   2.18750000000      0.305496102799E-02  0.425665681732      0.183288810238E-18   1.38143093870      0.851331363464      0.101197874486      0.101197874486      0.223269932759    
   2.21875000000      0.305184809224E-02  0.427082413383      0.133788413794E-18   1.36695498847      0.854164826766      0.102193805266      0.102193805266      0.222694802852    
   2.25000000000      0.304869722696E-02  0.428516407180     -0.721077218666E-19   1.35768097562      0.857032814360      0.103198147728      0.103198147728      0.222120111724    
   2.28125000000      0.304550875898E-02  0.429967514383      0.128606951166E-18   1.35424437926      0.859935028766      0.104210732148      0.104210732148      0.221546050087    
   2.31250000000      0.304228302175E-02  0.431435583237      0.349582367585E-18   1.35232777250      0.862871166475      0.105231390138      0.105231390138      0.220972802962    
   2.34375000000      0.303902035525E-02  0.432920459014      0.121989334170E-18   1.35115867466      0.865840918028      0.106259954704      0.106259954704      0.220400549607    
   2.37500000000      0.303572110590E-02  0.434421984051     -0.313381213890E-19   1.35158548979      0.868843968102      0.107296260300      0.107296260300      0.219829463451    
   2.40625000000      0.303238562647E-02  0.435939997803      0.110341599386E-18   1.35225202390      0.871879995606      0.108340142882      0.108340142882      0.219259712040    
   2.43750000000      0.302901427594E-02  0.437474336887     -0.242694984666E-18   1.35362687152      0.874948673775      0.109391439949      0.109391439949      0.218691456989    
   2.46875000000      0.302560741943E-02  0.439024835139     -0.169823820302E-18   1.35601738740      0.878049670278      0.110449990596      0.110449990596      0.218124853946    
   2.50000000000      0.302216542804E-02  0.440591323665     -0.706755422805E-19   1.35833967730      0.881182647329      0.111515635550      0.111515635550      0.217560052565    
   2.53125000000      0.301868867874E-02  0.442173630901     -0.469919799334E-18   1.36074976979      0.884347261803      0.112588217210      0.112588217210      0.216997196481    
   2.56250000000      0.301517755423E-02  0.443771582677      0.297502943608E-18   1.36465820126      0.887543165355      0.113667579686      0.113667579686      0.216436423305    
   2.59375000000      0.301163244281E-02  0.445385002276      0.352583663892E-18   1.36848544577      0.890770004552      0.114753568830      0.114753568830      0.215877864616    
   2.62500000000      0.300805373821E-02  0.447013710502      0.192061303012E-19   1.37222880504      0.894027421003      0.115846032266      0.115846032266      0.215321645969    
   2.65625000000      0.300444183947E-02  0.448657525748      0.344948130453E-18   1.37588567101      0.897315051496      0.116944819420      0.116944819420      0.214767886909    
   2.68750000000      0.300079715078E-02  0.450316264071     -0.744829836471E-19   1.38041587072      0.900632528141      0.118049781542      0.118049781542      0.214216700986    
   2.71875000000      0.299712008127E-02  0.451989739257     -0.398305646466E-18   1.38552085002      0.903979478514      0.119160771734      0.119160771734      0.213668195790    
   2.75000000000      0.299341104494E-02  0.453677762906     -0.303994597264E-18   1.39053002772      0.907355525812      0.120277644963      0.120277644963      0.213122472981    
   2.78125000000      0.298967046038E-02  0.455380144501     -0.402272168874E-18   1.39544069941      0.910760289002      0.121400258083      0.121400258083      0.212579628334    
   2.81250000000      0.298589875068E-02  0.457096691493     -0.412775232404E-18   1.40025025091      0.914193382985      0.122528469852      0.122528469852      0.212039751788    
   2.84375000000      0.298209634322E-02  0.458827209377     -0.116350533684E-17   1.40534137090      0.917654418753      0.123662140938      0.123662140938      0.211502927500    
   2.87500000000      0.297826366948E-02  0.460571501778     -0.906760272750E-18   1.41340839598      0.921143003557      0.124801133936      0.124801133936      0.210969233907    
   2.90625000000      0.297440116488E-02  0.462329370537     -0.178263314281E-17   1.42341575499      0.924658741074      0.125945313372      0.125945313372      0.210438743793    
   2.93750000000      0.297050926858E-02  0.464100615790     -0.163650924528E-17   1.43337022012      0.928201231579      0.127094545712      0.127094545712      0.209911524366    
   2.96875000000      0.296658842326E-02  0.465885036058     -0.113374222935E-17   1.44326975965      0.931770072117      0.128248699364      0.128248699364      0.209387637330    
   3.00000000000      0.296263907498E-02  0.467682428339     -0.109381656398E-17   1.45311235132      0.935364856679      0.129407644682      0.129407644682      0.208867138975    
   3.03125000000      0.295866167297E-02  0.469492588190     -0.111909682086E-17   1.46289598329      0.938985176381      0.130571253963      0.130571253963      0.208350080264    
   3.06250000000      0.295465666938E-02  0.471315309821     -0.128553678175E-17   1.47261865505      0.942630619642      0.131739401449      0.131739401449      0.207836506924    
   3.09375000000      0.295062451917E-02  0.473150386183     -0.102555330597E-17   1.48227837831      0.946300772365      0.132911963318      0.132911963318      0.207326459547    
   3.12500000000      0.294656567984E-02  0.474997609061     -0.153068343612E-17   1.49216215175      0.949995218122      0.134088817685      0.134088817685      0.206819973690    
   3.15625000000      0.294248061125E-02  0.476856769167     -0.174099702512E-17   1.50299374084      0.953713538334      0.135269844592      0.135269844592      0.206317079983    
   3.18750000000      0.293836977542E-02  0.478727656228     -0.603484547112E-18   1.51377715263      0.957455312455      0.136454925996      0.136454925996      0.205817804235    
   3.21875000000      0.293423363634E-02  0.480610059081     -0.116994870562E-17   1.52451027578      0.961220118162      0.137643945766      0.137643945766      0.205322167550    
   3.25000000000      0.293007265973E-02  0.482503765766     -0.138108252354E-17   1.53519100533      0.965007531532      0.138836789663      0.138836789663      0.204830186440    
   3.28125000000      0.292588731289E-02  0.484408563617     -0.167678684086E-17   1.54581724357      0.968817127234      0.140033345335      0.140033345335      0.204341872946    
   3.31250000000      0.292167806444E-02  0.486324239355     -0.157416122041E-17   1.55638690093      0.972648478710      0.141233502298      0.141233502298      0.203857234759    
   3.34375000000      0.291744538416E-02  0.488250579180     -0.165180399140E-17   1.56689789682      0.976501158360      0.142437151919      0.142437151919      0.203376275341    
   3.37500000000      0.291318974277E-02  0.490187368865     -0.129910756378E-17   1.57734816048      0.980374737730      0.143644187405      0.143644187405      0.202898994055    
   3.40625000000      0.290891161171E-02  0.492134393843     -0.157514043127E-17   1.58773563184      0.984268787687      0.144854503778      0.144854503778      0.202425386288    
   3.43750000000      0.290461146299E-02  0.494091439304     -0.174750697591E-17   1.59805826231      0.988182878609      0.146067997860      0.146067997860      0.201955443583    
   3.46875000000      0.290028976895E-02  0.496058290281     -0.180327886853E-17   1.60831401560      0.992116580561      0.147284568255      0.147284568255      0.201489153770    
   3.50000000000      0.289594700207E-02  0.498034731739     -0.151960725148E-17   1.61850086854      0.996069463478      0.148504115322      0.148504115322      0.201026501094    
   3.53125000000      0.289158363479E-02  0.500020548669     -0.119527716348E-17   1.62861681184       1.00004109734      0.149726541158      0.149726541158      0.200567466354    
   3.56250000000      0.288720013930E-02  0.502015526172     -0.823920876371E-18   1.63940035338       1.00403105234      0.150951749571      0.150951749571      0.200112027029    
   3.59375000000      0.288279698736E-02  0.504019449545     -0.120750364608E-17   1.65079590545       1.00803889909      0.152179646063      0.152179646063      0.199660157420    
   3.62500000000      0.287837465009E-02  0.506032104372     -0.144414996166E-17   1.66213550281       1.01206420874      0.153410137797      0.153410137797      0.199211828777    
   3.65625000000      0.287393359783E-02  0.508053276601     -0.138076587360E-17   1.67341698241       1.01610655320      0.154643133580      0.154643133580      0.198767009440    
   3.68750000000      0.286947429991E-02  0.510082752635     -0.639731003986E-18   1.68463818907       1.02016550527      0.155878543833      0.155878543833      0.198325664968    
   3.71875000000      0.286499722447E-02  0.512120319410     -0.108362644271E-17   1.69579697619       1.02424063882      0.157116280566      0.157116280566      0.197887758278    
   3.75000000000      0.286050283834E-02  0.514165764476     -0.319369203278E-18   1.70689120659       1.02833152895      0.158356257349      0.158356257349      0.197453249778    
   3.78125000000      0.285599160679E-02  0.516218876077     -0.606661732115E-18   1.71791875324       1.03243775215      0.159598389290      0.159598389290      0.197022097497    
   3.81250000000      0.285146399342E-02  0.518279443229     -0.603718413845E-18   1.72887750005       1.03655888646      0.160842593004      0.160842593004      0.196594257222    
   3.84375000000      0.284692045996E-02  0.520347255793     -0.341963607895E-18   1.73976534254       1.04069451159      0.162088786582      0.162088786582      0.196169682629    
   3.87500000000      0.284236146609E-02  0.522422104555     -0.699773041305E-18   1.75058018867       1.04484420911      0.163336889571      0.163336889571      0.195748325414    
   3.90625000000      0.283778746935E-02  0.524503781293     -0.266837506024E-18   1.76131995948       1.04900756259      0.164586822936      0.164586822936      0.195330135421    
   3.93750000000      0.283319892492E-02  0.526592078851     -0.370647325905E-18   1.77198258984       1.05318415770      0.165838509039      0.165838509039      0.194915060773    
   3.96875000000      0.282859628546E-02  0.528686791206      0.131384093828E-19   1.78256602914       1.05737358241      0.167091871603      0.167091871603      0.194503048000    
   4.00000000000      0.282398000104E-02  0.530787713538     -0.305878274094E-18   1.79409756372       1.06157542708      0.168346835689      0.168346835689      0.194094042160    
   4.03125000000      0.281935051891E-02  0.532894642294      0.348303211386E-18   1.80571974081       1.06578928459      0.169603327662      0.169603327662      0.193687986969    
   4.06250000000      0.281470828342E-02  0.535007375248      0.609100744204E-18   1.81729289622       1.07001475050      0.170861275164      0.170861275164      0.193284824920    
   4.09375000000      0.281005373584E-02  0.537125711569      0.514761754896E-18   1.82881530984       1.07425142314      0.172120607082      0.172120607082      0.192884497405    
   4.12500000000      0.280538731427E-02  0.539249451873      0.643087390062E-18   1.84028527232       1.07849890375      0.173381253521      0.173381253521      0.192486944831    
   4.15625000000      0.280070945350E-02  0.541378398287      0.221633623576E-19   1.85170108560       1.08275679657      0.174643145773      0.174643145773      0.192092106741    
   4.18750000000      0.279602058487E-02  0.543512354498     -0.157564297756E-18   1.86306106347       1.08702470900      0.175906216287      0.175906216287      0.191699921925    
   4.21875000000      0.279132113618E-02  0.545651125812     -0.118593688678E-18   1.87436353212       1.09130225162      0.177170398639      0.177170398639      0.191310328534    
   4.25000000000      0.278661153156E-02  0.547794519202      0.148008735319E-18   1.88560683060       1.09558903840      0.178435627506      0.178435627506      0.190923264190    
   4.28125000000      0.278189219138E-02  0.549942343354      0.842650173836E-18   1.89678931139       1.09988468671      0.179701838630      0.179701838630      0.190538666094    
   4.31250000000      0.277716353213E-02  0.552094408721      0.106982923782E-17   1.90790934087       1.10418881744      0.180968968796      0.180968968796      0.190156471128    
   4.34375000000      0.277242596632E-02  0.554250527561      0.701549238333E-18   1.91896529982       1.10850105512      0.182236955798      0.182236955798      0.189776615966    
   4.37500000000      0.276767990240E-02  0.556410513985      0.125307563142E-17   1.93142233683       1.11282102797      0.183505738410      0.183505738410      0.189399037165    
   4.40625000000      0.276292574467E-02  0.558574183993      0.734044410238E-18   1.94384223365       1.11714836799      0.184775256362      0.184775256362      0.189023671270    
   4.43750000000      0.275816389318E-02  0.560741355514      0.116332183999E-17   1.95621054998       1.12148271103      0.186045450304      0.186045450304      0.188650454905    
   4.46875000000      0.275339474367E-02  0.562911848445      0.804458100106E-18   1.96852547124       1.12582369689      0.187316261787      0.187316261787      0.188279324871    
   4.50000000000      0.274861868749E-02  0.565085484680      0.111254010888E-17   1.98078519242       1.13017096936      0.188587633226      0.188587633226      0.187910218229    
   4.53125000000      0.274383611152E-02  0.567262088146      0.161090138993E-17   1.99298791868       1.13452417629      0.189859507876      0.189859507876      0.187543072393    
   4.56250000000      0.273904739809E-02  0.569441484832      0.202131857283E-17   2.00513186579       1.13888296966      0.191131829809      0.191131829809      0.187177825214    
   4.59375000000      0.273425292498E-02  0.571623502818      0.197519327915E-17   2.01721526073       1.14324700564      0.192404543879      0.192404543879      0.186814415060    
   4.62500000000      0.272945306529E-02  0.573807972297      0.151359037885E-17   2.02923634221       1.14761594459      0.193677595700      0.193677595700      0.186452780897    
   4.65625000000      0.272464818741E-02  0.575994725604      0.145978044972E-17   2.04119336112       1.15198945121      0.194950931620      0.194950931620      0.186092862364    
   4.68750000000      0.271983865502E-02  0.578183597235      0.993540353335E-18   2.05308458108       1.15636719447      0.196224498692      0.196224498692      0.185734599851    
   4.71875000000      0.271502482697E-02  0.580374423867      0.981511088852E-18   2.06490827895       1.16074884773      0.197498244652      0.197498244652      0.185377934563    
   4.75000000000      0.271020705730E-02  0.582567044378      0.916539977262E-18   2.07666274528       1.16513408876      0.198772117891      0.198772117891      0.185022808596    
   4.78125000000      0.270538569515E-02  0.584761299861      0.105905939549E-17   2.08834628482       1.16952259972      0.200046067432      0.200046067432      0.184669164996    
   4.81250000000      0.270056108480E-02  0.586957033638      0.789264402065E-18   2.09995721699       1.17391406728      0.201320042905      0.201320042905      0.184316947829    
   4.84375000000      0.269573356558E-02  0.589154091277      0.399258676561E-18   2.11149387635       1.17830818255      0.202593994522      0.202593994522      0.183966102232    
   4.87500000000      0.269090347186E-02  0.591352320595      0.830635292496E-18   2.12295461305       1.18270464119      0.203867873058      0.203867873058      0.183616574479    
   4.90625000000      0.268607113306E-02  0.593551571674      0.785346480970E-18   2.13433779330       1.18710314335      0.205141629822      0.205141629822      0.183268312031    
   4.93750000000      0.268123687361E-02  0.595751696864      0.868017318238E-18   2.14564179979       1.19150339373      0.206415216638      0.206415216638      0.182921263588    
   4.96875000000      0.267640101293E-02  0.597952550790      0.132650013055E-17   2.15686503217       1.19590510158      0.207688585824      0.207688585824      0.182575379142    
   5.00000000000      0.267156386545E-02  0.600153990356      0.174676556318E-17   2.16800590739       1.20030798071      0.208961690169      0.208961690169      0.182230610018    
