   0.00000000000      0.316628698882E-02  0.375000000000      0.234343098948E-18   2.00000000000      0.750000000000      0.625000000000E-01  0.625000000000E-01  0.250000000000    
  0.156250000000E-01  0.316628119418E-02  0.375002637207      0.113003118955E-17   1.99996179433      0.750005274414      0.625022120534E-01  0.625022120534E-01  0.249998213100    
  0.312500000000E-01  0.316626381028E-02  0.375010548810     -0.737748022662E-19   1.99984718199      0.750021097621      0.625088480434E-01  0.625088480434E-01  0.249992852724    
  0.468750000000E-01  0.316623483726E-02  0.375023734757      0.583998592108E-19   1.99965617707      0.750047469515      0.625199074599E-01  0.625199074599E-01  0.249983919838    
  0.625000000000E-01  0.316619427529E-02  0.375042194960      0.235600064410E-18   1.99938880301      0.750084389920      0.625353894528E-01  0.625353894528E-01  0.249971416054    
  0.781250000000E-01  0.316614212465E-02  0.375065929295      0.528227180094E-18   1.99904509264      0.750131858590      0.625552928324E-01  0.625552928324E-01  0.249955343630    
  0.937500000000E-01  0.316607838569E-02  0.375094937603      0.492545291487E-18   1.99862508812      0.750189875207      0.625796160694E-01  0.625796160694E-01  0.249935705465    
  0.109375000000      0.316600305884E-02  0.375129219690     -0.504322087589E-19   1.99812884101      0.750258439381      0.626083572956E-01  0.626083572956E-01  0.249912505099    
  0.125000000000      0.316591614460E-02  0.375168775325      0.207472824436E-18   1.99755641218      0.750337550650      0.626415143042E-01  0.626415143042E-01  0.249885746717    
  0.140625000000      0.316581764357E-02  0.375213604240      0.339352057753E-18   1.99690787184      0.750427208481      0.626790845506E-01  0.626790845506E-01  0.249855435139    
  0.156250000000      0.316570755641E-02  0.375263706132     -0.428945879189E-19   1.99618329952      0.750527412263      0.627210651526E-01  0.627210651526E-01  0.249821575826    
  0.171875000000      0.316558588386E-02  0.375319080657      0.222470100577E-18   1.99538278402      0.750638161314      0.627674528916E-01  0.627674528916E-01  0.249784174874    
  0.187500000000      0.316545262678E-02  0.375379727438     -0.143972143585E-18   1.99450642345      0.750759454875      0.628182442134E-01  0.628182442134E-01  0.249743239011    
  0.203125000000      0.316530778607E-02  0.375445646055     -0.367733595398E-18   1.99355432513      0.750891292110      0.628734352287E-01  0.628734352287E-01  0.249698775598    
  0.218750000000      0.316515136273E-02  0.375516836052      0.176806233961E-19   1.99252660564      0.751033672105      0.629330217147E-01  0.629330217147E-01  0.249650792623    
  0.234375000000      0.316498335787E-02  0.375593296933      0.863266047381E-20   1.99142339075      0.751186593865      0.629969991157E-01  0.629969991157E-01  0.249599298701    
  0.250000000000      0.316480377265E-02  0.375675028158      0.488152107283E-18   1.99024481540      0.751350056317      0.630653625444E-01  0.630653625444E-01  0.249544303070    
  0.265625000000      0.316461260836E-02  0.375762029151      0.547576644556E-19   1.98899102367      0.751524058302      0.631381067832E-01  0.631381067832E-01  0.249485815585    
  0.281250000000      0.316440986636E-02  0.375854299290      0.611128987128E-18   1.98766216874      0.751708598580      0.632152262858E-01  0.632152262858E-01  0.249423846718    
  0.296875000000      0.316419554810E-02  0.375951837911     -0.210379796038E-19   1.98625841288      0.751903675823      0.632967151782E-01  0.632967151782E-01  0.249358407555    
  0.312500000000      0.316396965514E-02  0.376054644307      0.134656957390E-18   1.98477992739      0.752109288614      0.633825672601E-01  0.633825672601E-01  0.249289509787    
  0.328125000000      0.316373218913E-02  0.376162717725      0.492294416492E-19   1.98322689256      0.752325435450      0.634727760072E-01  0.634727760072E-01  0.249217165711    
  0.343750000000      0.316348315184E-02  0.376276057366      0.632915225848E-18   1.98159949763      0.752552114732      0.635673345722E-01  0.635673345722E-01  0.249141388222    
  0.359375000000      0.316322254511E-02  0.376394662385      0.117822285818E-17   1.97989794078      0.752789324770      0.636662357868E-01  0.636662357868E-01  0.249062190811    
  0.375000000000      0.316295037091E-02  0.376518531887      0.171365929575E-17   1.97812242903      0.753037063775      0.637694721635E-01  0.637694721635E-01  0.248979587560    
  0.390625000000      0.316266663131E-02  0.376647664930      0.223774328877E-17   1.97627317824      0.753295329861      0.638770358974E-01  0.638770358974E-01  0.248893593136    
  0.406250000000      0.316237132850E-02  0.376782060520      0.123935019043E-17   1.97435041302      0.753564121040      0.639889188684E-01  0.639889188684E-01  0.248804222784    
  0.421875000000      0.316206446478E-02  0.376921717611      0.159533215017E-17   1.97235436672      0.753843435222      0.641051126430E-01  0.641051126430E-01  0.248711492325    
  0.437500000000      0.316174604255E-02  0.377066635104      0.110966864502E-17   1.97028528136      0.754133270208      0.642256084767E-01  0.642256084767E-01  0.248615418151    
  0.453125000000      0.316141606436E-02  0.377216811846      0.131817943844E-17   1.96814340756      0.754433623692      0.643503973160E-01  0.643503973160E-01  0.248516017214    
  0.468750000000      0.316107453285E-02  0.377372246628      0.650150075124E-18   1.96592900450      0.754744493256      0.644794698007E-01  0.644794698007E-01  0.248413307026    
  0.484375000000      0.316072145082E-02  0.377532938183      0.108004212620E-17   1.96364233987      0.755065876365      0.646128162664E-01  0.646128162664E-01  0.248307305650    
  0.500000000000      0.316035682118E-02  0.377698885185     -0.483240243372E-20   1.96128368978      0.755397770370      0.647504267466E-01  0.647504267466E-01  0.248198031692    
  0.515625000000      0.315998064697E-02  0.377870086250      0.640134678777E-18   1.95885333875      0.755740172499      0.648922909756E-01  0.648922909756E-01  0.248085504298    
  0.531250000000      0.315959293136E-02  0.378046539928      0.406999518401E-18   1.95635157957      0.756093079857      0.650383983908E-01  0.650383983908E-01  0.247969743147    
  0.546875000000      0.315919367769E-02  0.378228244710     -0.563920626469E-19   1.95377871330      0.756456489420      0.651887381353E-01  0.651887381353E-01  0.247850768440    
  0.562500000000      0.315878288942E-02  0.378415199019     -0.365487000780E-18   1.95113504919      0.756830398038      0.653432990609E-01  0.653432990609E-01  0.247728600897    
  0.578125000000      0.315836057015E-02  0.378607401211     -0.744422266485E-18   1.94842090457      0.757214802422      0.655020697304E-01  0.655020697304E-01  0.247603261750    
  0.593750000000      0.315792672364E-02  0.378804849576     -0.528207891701E-19   1.94563660485      0.757609699151      0.656650384207E-01  0.656650384207E-01  0.247474772734    
  0.609375000000      0.315748135382E-02  0.379007542331      0.314599256036E-18   1.94278248338      0.758015084661      0.658321931257E-01  0.658321931257E-01  0.247343156079    
  0.625000000000      0.315702446475E-02  0.379215477622      0.990020603884E-19   1.93985888141      0.758430955244      0.660035215593E-01  0.660035215593E-01  0.247208434504    
  0.640625000000      0.315655606067E-02  0.379428653523     -0.916367367685E-19   1.93686614801      0.758857307045      0.661790111579E-01  0.661790111579E-01  0.247070631207    
  0.656250000000      0.315607614599E-02  0.379647068029     -0.458837186696E-18   1.93380464000      0.759294136058      0.663586490844E-01  0.663586490844E-01  0.246929769860    
  0.671875000000      0.315558472526E-02  0.379870719061     -0.313008008424E-18   1.93067472184      0.759741438121      0.665424222302E-01  0.665424222302E-01  0.246785874600    
  0.687500000000      0.315508180325E-02  0.380099604457     -0.438524622048E-18   1.92747676560      0.760199208915      0.667303172194E-01  0.667303172194E-01  0.246638970019    
  0.703125000000      0.315456738487E-02  0.380333721978     -0.115515973392E-18   1.92421115083      0.760667443956      0.669223204114E-01  0.669223204114E-01  0.246489081156    
  0.718750000000      0.315404147523E-02  0.380573069299      0.419699909958E-18   1.92087826451      0.761146138597      0.671184179041E-01  0.671184179041E-01  0.246336233490    
  0.734375000000      0.315350407962E-02  0.380817644009      0.100503526561E-17   1.91747850095      0.761635288019      0.673185955380E-01  0.673185955380E-01  0.246180452933    
  0.750000000000      0.315295520354E-02  0.381067443613      0.539535713884E-18   1.91401226169      0.762134887227      0.675228388986E-01  0.675228388986E-01  0.246021765816    
  0.765625000000      0.315239485266E-02  0.381322465525      0.701319137704E-19   1.91047995545      0.762644931051      0.677311333205E-01  0.677311333205E-01  0.245860198884    
  0.781250000000      0.315182303286E-02  0.381582707068     -0.386291562754E-18   1.90688199802      0.763165414136      0.679434638906E-01  0.679434638906E-01  0.245695779287    
  0.796875000000      0.315123975024E-02  0.381848165472     -0.688789842869E-19   1.90321881216      0.763696330944      0.681598154519E-01  0.681598154519E-01  0.245528534568    
  0.812500000000      0.315064501108E-02  0.382118837872     -0.297599151305E-18   1.89949082752      0.764237675744      0.683801726065E-01  0.683801726065E-01  0.245358492659    
  0.828125000000      0.315003882189E-02  0.382394721305     -0.175398302897E-18   1.89569848056      0.764789442611      0.686045197198E-01  0.686045197198E-01  0.245185681866    
  0.843750000000      0.314942118941E-02  0.382675812710      0.532704165779E-18   1.89184221441      0.765351625421      0.688328409238E-01  0.688328409238E-01  0.245010130863    
  0.859375000000      0.314879212058E-02  0.382962108924     -0.209701614698E-18   1.88792247885      0.765924217848      0.690651201211E-01  0.690651201211E-01  0.244831868682    
  0.875000000000      0.314815162258E-02  0.383253606680     -0.574081991093E-18   1.88393973013      0.766507213359      0.693013409880E-01  0.693013409880E-01  0.244650924704    
  0.890625000000      0.314749970283E-02  0.383550302605     -0.659592499870E-20   1.87989443095      0.767100605210      0.695414869792E-01  0.695414869792E-01  0.244467328647    
  0.906250000000      0.314683636896E-02  0.383852193220     -0.421738350992E-18   1.87578705030      0.767704386440      0.697855413305E-01  0.697855413305E-01  0.244281110559    
  0.921875000000      0.314616162886E-02  0.384159274935     -0.443578427124E-18   1.87161806340      0.768318549869      0.700334870636E-01  0.700334870636E-01  0.244092300808    
  0.937500000000      0.314547549067E-02  0.384471544047     -0.275608655862E-18   1.86738795157      0.768943088094      0.702853069894E-01  0.702853069894E-01  0.243900930069    
  0.953125000000      0.314477796278E-02  0.384788996742     -0.164486260461E-18   1.86309720215      0.769577993483      0.705409837119E-01  0.705409837119E-01  0.243707029318    
  0.968750000000      0.314406905382E-02  0.385111629085     -0.535902001230E-18   1.85874630840      0.770223258171      0.708004996325E-01  0.708004996325E-01  0.243510629820    
  0.984375000000      0.314334877270E-02  0.385439437028     -0.340867615646E-18   1.85433576939      0.770878874056      0.710638369535E-01  0.710638369535E-01  0.243311763121    
   1.00000000000      0.314261712857E-02  0.385772416398     -0.664605232747E-18   1.84986608986      0.771544832796      0.713309776821E-01  0.713309776821E-01  0.243110461034    
   1.01562500000      0.314187413089E-02  0.386110562902     -0.287384422567E-18   1.84533778019      0.772221125803      0.716019036348E-01  0.716019036348E-01  0.242906755632    
   1.03125000000      0.314111978934E-02  0.386453872120     -0.469481802129E-18   1.84075135622      0.772907744240      0.718765964409E-01  0.718765964409E-01  0.242700679238    
   1.04687500000      0.314035411393E-02  0.386802339507     -0.249494661995E-18   1.83610733920      0.773604679015      0.721550375468E-01  0.721550375468E-01  0.242492264414    
   1.06250000000      0.313957711492E-02  0.387155960389     -0.799099037776E-19   1.83140625565      0.774311920778      0.724372082200E-01  0.724372082200E-01  0.242281543949    
   1.07812500000      0.313878880288E-02  0.387514729959     -0.118638475946E-19   1.82664863725      0.775029459918      0.727230895532E-01  0.727230895532E-01  0.242068550852    
   1.09375000000      0.313798918865E-02  0.387878643278     -0.891518777624E-19   1.82183502074      0.775757286555      0.730126624682E-01  0.730126624682E-01  0.241853318341    
   1.10937500000      0.313717828340E-02  0.388247695271     -0.497352282589E-18   1.81696594783      0.776495390541      0.733059077200E-01  0.733059077200E-01  0.241635879830    
   1.12500000000      0.313635609856E-02  0.388621880726     -0.388100878141E-18   1.81204196506      0.777243761451      0.736028059013E-01  0.736028059013E-01  0.241416268923    
   1.14062500000      0.313552264590E-02  0.389001194291     -0.728584938662E-18   1.80706362369      0.778002388582      0.739033374460E-01  0.739033374460E-01  0.241194519399    
   1.15625000000      0.313467793749E-02  0.389385630474     -0.432114879104E-18   1.80203147962      0.778771260948      0.742074826337E-01  0.742074826337E-01  0.240970665207    
   1.17187500000      0.313382198572E-02  0.389775183637     -0.550472482663E-18   1.79694609323      0.779550367274      0.745152215937E-01  0.745152215937E-01  0.240744740449    
   1.18750000000      0.313295480328E-02  0.390169847997      0.240655955696E-18   1.79180802932      0.780339695994      0.748265343093E-01  0.748265343093E-01  0.240516779378    
   1.20312500000      0.313207640322E-02  0.390569617625      0.663912632697E-18   1.78661785696      0.781139235249      0.751414006217E-01  0.751414006217E-01  0.240286816381    
   1.21875000000      0.313118679889E-02  0.390974486439      0.215072090745E-18   1.78137614940      0.781948972879      0.754598002340E-01  0.754598002340E-01  0.240054885971    
   1.23437500000      0.313028600399E-02  0.391384448210     -0.214418863035E-18   1.77608348392      0.782768896420      0.757817127159E-01  0.757817127159E-01  0.239821022778    
   1.25000000000      0.312937403254E-02  0.391799496550      0.138033169456E-19   1.77074044178      0.783598993101      0.761071175072E-01  0.761071175072E-01  0.239585261536    
   1.26562500000      0.312845089891E-02  0.392219624920      0.685850290788E-18   1.76534760803      0.784439249841      0.764359939223E-01  0.764359939223E-01  0.239347637076    
   1.28125000000      0.312751661783E-02  0.392644826622      0.320440916193E-18   1.75990557145      0.785289653243      0.767683211541E-01  0.767683211541E-01  0.239108184313    
   1.29687500000      0.312657120436E-02  0.393075094797     -0.156260171843E-18   1.75441492444      0.786150189594      0.771040782785E-01  0.771040782785E-01  0.238866938240    
   1.31250000000      0.312561467392E-02  0.393510422427      0.792971883357E-18   1.74887626284      0.787020844855      0.774432442581E-01  0.774432442581E-01  0.238623933911    
   1.32812500000      0.312464704229E-02  0.393950802331      0.368405416686E-18   1.74329018590      0.787901604663      0.777857979463E-01  0.777857979463E-01  0.238379206439    
   1.34375000000      0.312366832562E-02  0.394396227163      0.435014261340E-18   1.73765729611      0.788792454326      0.781317180917E-01  0.781317180917E-01  0.238132790979    
   1.35937500000      0.312267854042E-02  0.394846689409      0.162125066026E-17   1.73197819908      0.789693378818      0.784809833420E-01  0.784809833420E-01  0.237884722725    
   1.37500000000      0.312167770355E-02  0.395302181388      0.888869707432E-18   1.72625350348      0.790604362776      0.788335722482E-01  0.788335722482E-01  0.237635036892    
   1.39062500000      0.312066583227E-02  0.395762695250      0.185159336535E-17   1.72048382086      0.791525390500      0.791894632683E-01  0.791894632683E-01  0.237383768713    
   1.40625000000      0.311964294421E-02  0.396228222972      0.161665715826E-17   1.71466976559      0.792456445944      0.795486347718E-01  0.795486347718E-01  0.237130953428    
   1.42187500000      0.311860905737E-02  0.396698756358      0.168479952271E-17   1.70881195468      0.793397512716      0.799110650434E-01  0.799110650434E-01  0.236876626271    
   1.43750000000      0.311756419016E-02  0.397174287037      0.186571816117E-17   1.70291100775      0.794348574075      0.802767322870E-01  0.802767322870E-01  0.236620822463    
   1.45312500000      0.311650836134E-02  0.397654806464      0.193433518906E-17   1.69696754684      0.795309612927      0.806456146301E-01  0.806456146301E-01  0.236363577204    
   1.46875000000      0.311544159009E-02  0.398140305912      0.257148873919E-17   1.69098219633      0.796280611824      0.810176901272E-01  0.810176901272E-01  0.236104925658    
   1.48437500000      0.311436389598E-02  0.398630776478      0.232240699111E-17   1.68495558283      0.797261552955      0.813929367640E-01  0.813929367640E-01  0.235844902950    
   1.50000000000      0.311327529896E-02  0.399126209076      0.214079113764E-17   1.67888833503      0.798252418153      0.817713324616E-01  0.817713324616E-01  0.235583544153    
   1.51562500000      0.311217581940E-02  0.399626594441      0.203884490255E-17   1.67278108364      0.799253188881      0.821528550798E-01  0.821528550798E-01  0.235320884281    
   1.53125000000      0.311106547806E-02  0.400131923120      0.269200686813E-17   1.66663446125      0.800263846240      0.825374824214E-01  0.825374824214E-01  0.235056958277    
   1.54687500000      0.310994429612E-02  0.400642185479      0.246276280760E-17   1.66044910217      0.801284370959      0.829251922361E-01  0.829251922361E-01  0.234791801007    
   1.56250000000      0.310881229515E-02  0.401157371697      0.311589285993E-17   1.65422564242      0.802314743393      0.833159622239E-01  0.833159622239E-01  0.234525447249    
   1.57812500000      0.310766949716E-02  0.401677471763      0.370707122139E-17   1.64796471951      0.803354943526      0.837097700393E-01  0.837097700393E-01  0.234257931684    
   1.59375000000      0.310651592453E-02  0.402202475481      0.331606356765E-17   1.64166697241      0.804404950962      0.841065932949E-01  0.841065932949E-01  0.233989288891    
   1.60937500000      0.310535160011E-02  0.402732372464      0.362541877009E-17   1.63533304137      0.805464744928      0.845064095652E-01  0.845064095652E-01  0.233719553334    
   1.62500000000      0.310417654712E-02  0.403267152134      0.358693689165E-17   1.62896356788      0.806534304268      0.849091963900E-01  0.849091963900E-01  0.233448759354    
   1.64062500000      0.310299078924E-02  0.403806803722      0.370926390038E-17   1.62255919450      0.807613607443      0.853149312786E-01  0.853149312786E-01  0.233176941165    
   1.65625000000      0.310179435055E-02  0.404351316265      0.292541228560E-17   1.61612056477      0.808702632529      0.857235917129E-01  0.857235917129E-01  0.232904132839    
   1.67187500000      0.310058725556E-02  0.404900678607      0.298371967562E-17   1.60964832309      0.809801357213      0.861351551514E-01  0.861351551514E-01  0.232630368304    
   1.68750000000      0.309936952921E-02  0.405454879398      0.345930677423E-17   1.60314311466      0.810909758795      0.865495990326E-01  0.865495990326E-01  0.232355681333    
   1.70312500000      0.309814119687E-02  0.406013907092      0.334533287809E-17   1.59660558529      0.812027814183      0.869669007784E-01  0.869669007784E-01  0.232080105535    
   1.71875000000      0.309690228435E-02  0.406577749946      0.350056786769E-17   1.59003638136      0.813155499893      0.873870377978E-01  0.873870377978E-01  0.231803674351    
   1.73437500000      0.309565281788E-02  0.407146396023      0.307494171945E-17   1.58343614967      0.814292792045      0.878099874903E-01  0.878099874903E-01  0.231526421042    
   1.75000000000      0.309439282411E-02  0.407719833184      0.325157390307E-17   1.57680553735      0.815439666368      0.882357272493E-01  0.882357272493E-01  0.231248378686    
   1.76562500000      0.309312233017E-02  0.408298049095      0.372202845300E-17   1.57014519178      0.816596098191      0.886642344654E-01  0.886642344654E-01  0.230969580165    
   1.78125000000      0.309184136358E-02  0.408881031223      0.354847227567E-17   1.56345576043      0.817762062446      0.890954865299E-01  0.890954865299E-01  0.230690058163    
   1.79687500000      0.309054995232E-02  0.409468766834      0.322038189234E-17   1.55673789079      0.818937533667      0.895294608379E-01  0.895294608379E-01  0.230409845158    
   1.81250000000      0.308924812482E-02  0.410061242994      0.319094605002E-17   1.54999223025      0.820122485988      0.899661347917E-01  0.899661347917E-01  0.230128973411    
   1.82812500000      0.308793590993E-02  0.410658446571      0.420761985448E-17   1.54321942603      0.821316893143      0.904054858041E-01  0.904054858041E-01  0.229847474963    
   1.84375000000      0.308661333695E-02  0.411260364231      0.406332686699E-17   1.53642012505      0.822520728462      0.908474913013E-01  0.908474913013E-01  0.229565381629    
   1.85937500000      0.308528043561E-02  0.411866982439      0.426567779565E-17   1.52959497379      0.823733964877      0.912921287262E-01  0.912921287262E-01  0.229282724986    
   1.87500000000      0.308393723611E-02  0.412478287458      0.417419780038E-17   1.52274461828      0.824956574915      0.917393755414E-01  0.917393755414E-01  0.228999536375    
   1.89062500000      0.308258376906E-02  0.413094265351      0.396275022855E-17   1.51586970393      0.826188530702      0.921892092325E-01  0.921892092325E-01  0.228715846886    
   1.90625000000      0.308122006553E-02  0.413714901979      0.385198285790E-17   1.50897087546      0.827429803958      0.926416073107E-01  0.926416073107E-01  0.228431687357    
   1.92187500000      0.307984615703E-02  0.414340183001      0.367354945473E-17   1.50204877679      0.828680366002      0.930965473161E-01  0.930965473161E-01  0.228147088369    
   1.93750000000      0.307846207552E-02  0.414970093875      0.440265480100E-17   1.49510405093      0.829940187750      0.935540068203E-01  0.935540068203E-01  0.227862080234    
   1.95312500000      0.307706785340E-02  0.415604619856      0.427478671395E-17   1.48813733994      0.831209239713      0.940139634296E-01  0.940139634296E-01  0.227576692997    
   1.96875000000      0.307566352349E-02  0.416243746000      0.472242811489E-17   1.48114928477      0.832487491999      0.944763947876E-01  0.944763947876E-01  0.227290956425    
   1.98437500000      0.307424911909E-02  0.416887457158      0.401268869112E-17   1.47414052519      0.833774914315      0.949412785778E-01  0.949412785778E-01  0.227004900002    
   2.00000000000      0.307282467392E-02  0.417535737982      0.457635267264E-17   1.46711169969      0.835071475964      0.954085925268E-01  0.954085925268E-01  0.226718552928    
   2.01562500000      0.307139022215E-02  0.418188572923      0.446033288482E-17   1.46006344544      0.836377145846      0.958783144066E-01  0.958783144066E-01  0.226431944110    
   2.03125000000      0.306994579838E-02  0.418845946230      0.390652197083E-17   1.45299639810      0.837691892460      0.963504220372E-01  0.963504220372E-01  0.226145102156    
   2.04687500000      0.306849143766E-02  0.419507841953      0.473906271371E-17   1.44591119182      0.839015683907      0.968248932896E-01  0.968248932896E-01  0.225858055374    
   2.06250000000      0.306702717548E-02  0.420174243942      0.393819438882E-17   1.43880845910      0.840348487883      0.973017060878E-01  0.973017060878E-01  0.225570831766    
   2.07812500000      0.306555304776E-02  0.420845135845      0.459842593366E-17   1.43168883073      0.841690271691      0.977808384117E-01  0.977808384117E-01  0.225283459022    
   2.09375000000      0.306406909087E-02  0.421520501115      0.490451794717E-17   1.42455293569      0.843041002230      0.982622682991E-01  0.982622682991E-01  0.224995964517    
   2.10937500000      0.306257534160E-02  0.422200323004      0.476584300320E-17   1.41740140105      0.844400646007      0.987459738486E-01  0.987459738486E-01  0.224708375306    
   2.12500000000      0.306107183719E-02  0.422884584565      0.443655168784E-17   1.41023485192      0.845769169131      0.992319332217E-01  0.992319332217E-01  0.224420718122    
   2.14062500000      0.305955861531E-02  0.423573268658      0.483033185687E-17   1.40305391134      0.847146537317      0.997201246449E-01  0.997201246449E-01  0.224133019369    
   2.15625000000      0.305803571404E-02  0.424266357944      0.469647562600E-17   1.39585920020      0.848532715888      0.100210526412      0.100210526412      0.223845305119    
   2.17187500000      0.305650317193E-02  0.424963834888      0.510745044063E-17   1.38865133717      0.849927669776      0.100703116888      0.100703116888      0.223557601113    
   2.18750000000      0.305496102792E-02  0.425665681761      0.512201542111E-17   1.38143093863      0.851331363523      0.101197874506      0.101197874506      0.223269932749    
   2.20312500000      0.305340932140E-02  0.426371880642      0.520734882587E-17   1.37419861853      0.852743761283      0.101694777777      0.101694777777      0.222982325087    
   2.21875000000      0.305184809216E-02  0.427082413413      0.533851341788E-17   1.36695498840      0.854164826827      0.102193805286      0.102193805286      0.222694802842    
   2.23437500000      0.305027738044E-02  0.427797261769      0.536763088833E-17   1.36040075041      0.855594523538      0.102694935695      0.102694935695      0.222407390378    
   2.25000000000      0.304869722688E-02  0.428516407211      0.517878458471E-17   1.35768097577      0.857032814423      0.103198147749      0.103198147749      0.222120111714    
   2.26562500000      0.304710767255E-02  0.429239831052      0.477349826120E-17   1.35578541679      0.858479662104      0.103703420271      0.103703420271      0.221832990511    
   2.28125000000      0.304550875891E-02  0.429967514415      0.534080346943E-17   1.35424437949      0.859935028831      0.104210732169      0.104210732169      0.221546050077    
   2.29687500000      0.304390052785E-02  0.430699438238      0.501641675773E-17   1.35289536681      0.861398876476      0.104720062439      0.104720062439      0.221259313361    
   2.31250000000      0.304228302168E-02  0.431435583271      0.489456096429E-17   1.35232777282      0.862871166542      0.105231390160      0.105231390160      0.220972802952    
   2.32812500000      0.304065628308E-02  0.432175930080      0.448120896286E-17   1.35174891512      0.864351860160      0.105744694502      0.105744694502      0.220686541076    
   2.34375000000      0.303902035517E-02  0.432920459048      0.457721014307E-17   1.35115867498      0.865840918096      0.106259954726      0.106259954726      0.220400549596    
   2.35937500000      0.303737528145E-02  0.433669150377      0.424548094041E-17   1.35123162402      0.867338300753      0.106777150184      0.106777150184      0.220114850009    
   2.37500000000      0.303572110582E-02  0.434421984086      0.416494227136E-17   1.35158549017      0.868843968172      0.107296260323      0.107296260323      0.219829463441    
   2.39062500000      0.303405787257E-02  0.435178940019      0.381594253178E-17   1.35192569795      0.870357880038      0.107817264684      0.107817264684      0.219544410651    
   2.40625000000      0.303238562638E-02  0.435939997839      0.416265645551E-17   1.35225202429      0.871879995678      0.108340142905      0.108340142905      0.219259712029    
   2.42187500000      0.303070441233E-02  0.436705137036      0.360326717568E-17   1.35256425006      0.873410274072      0.108864874723      0.108864874723      0.218975387591    
   2.43750000000      0.302901427585E-02  0.437474336924      0.407755357329E-17   1.35362687194      0.874948673849      0.109391439973      0.109391439973      0.218691456978    
   2.45312500000      0.302731526279E-02  0.438247576648      0.425227109436E-17   1.35483050875      0.876495153295      0.109919818593      0.109919818593      0.218407939462    
   2.46875000000      0.302560741934E-02  0.439024835177      0.429667840203E-17   1.35601738783      0.878049670354      0.110449990621      0.110449990621      0.218124853936    
   2.48437500000      0.302389079208E-02  0.439806091317      0.434559235807E-17   1.35718720918      0.879612182634      0.110981936199      0.110981936199      0.217842218919    
   2.50000000000      0.302216542795E-02  0.440591323704      0.431003496078E-17   1.35833967774      0.881182647408      0.111515635575      0.111515635575      0.217560052555    
   2.51562500000      0.302043137425E-02  0.441380510809      0.371526995150E-17   1.35947450344      0.882761021618      0.112051069100      0.112051069100      0.217278372608    
   2.53125000000      0.301868867865E-02  0.442173630942      0.452780681663E-17   1.36074977024      0.884347261883      0.112588217235      0.112588217235      0.216997196471    
   2.54687500000      0.301693738916E-02  0.442970662249      0.452735975872E-17   1.36271396220      0.885941324497      0.113127060547      0.113127060547      0.216716541154    
   2.56250000000      0.301517755414E-02  0.443771582719      0.470726843651E-17   1.36465820171      0.887543165437      0.113667579712      0.113667579712      0.216436423294    
   2.57812500000      0.301340922231E-02  0.444576370183      0.439725703547E-17   1.36658214309      0.889152740366      0.114209755516      0.114209755516      0.216156859151    
   2.59375000000      0.301163244271E-02  0.445385002318      0.447102744640E-17   1.36848544622      0.890770004637      0.114753568857      0.114753568857      0.215877864605    
   2.60937500000      0.300984726474E-02  0.446197456648      0.462124927997E-17   1.37036777664      0.892394913296      0.115299000742      0.115299000742      0.215599455165    
   2.62500000000      0.300805373811E-02  0.447013710545      0.446396825892E-17   1.37222880550      0.894027421090      0.115846032293      0.115846032293      0.215321645959    
   2.64062500000      0.300625191287E-02  0.447833741234      0.486817911974E-17   1.37406820962      0.895667482468      0.116394644745      0.116394644745      0.215044451743    
   2.65625000000      0.300444183938E-02  0.448657525793      0.520137426259E-17   1.37588567147      0.897315051585      0.116944819447      0.116944819447      0.214767886898    
   2.67187500000      0.300262356831E-02  0.449485041156      0.537326359804E-17   1.37782832575      0.898970082312      0.117496537862      0.117496537862      0.214491965431    
   2.68750000000      0.300079715068E-02  0.450316264116      0.605220242185E-17   1.38041587117      0.900632528232      0.118049781570      0.118049781570      0.214216700976    
   2.70312500000      0.299896263776E-02  0.451151171327      0.604857304597E-17   1.38298016347      0.902302342653      0.118604532266      0.118604532266      0.213942106794    
   2.71875000000      0.299712008117E-02  0.451989739304      0.613487844020E-17   1.38552085048      0.903979478608      0.119160771762      0.119160771762      0.213668195779    
   2.73437500000      0.299526953280E-02  0.452831944430      0.671535615719E-17   1.38803758567      0.905663888859      0.119718481988      0.119718481988      0.213394980453    
   2.75000000000      0.299341104483E-02  0.453677762954      0.666831833331E-17   1.39053002818      0.907355525907      0.120277644992      0.120277644992      0.213122472970    
   2.76562500000      0.299154466974E-02  0.454527170996      0.638153897515E-17   1.39299784277      0.909054341992      0.120838242938      0.120838242938      0.212850685119    
   2.78125000000      0.298967046027E-02  0.455380144550      0.648514386538E-17   1.39544069987      0.910760289100      0.121400258113      0.121400258113      0.212579628324    
   2.79687500000      0.298778846945E-02  0.456236659483      0.720812853135E-17   1.39785827551      0.912473318967      0.121963672920      0.121963672920      0.212309313644    
   2.81250000000      0.298589875057E-02  0.457096691542      0.706538565459E-17   1.40025025137      0.914193383085      0.122528469882      0.122528469882      0.212039751778    
   2.82812500000      0.298400135719E-02  0.457960216354      0.633821522990E-17   1.40261631473      0.915920432708      0.123094631644      0.123094631644      0.211770953066    
   2.84375000000      0.298209634311E-02  0.458827209427      0.713625900476E-17   1.40534137138      0.917654418855      0.123662140969      0.123662140969      0.211502927490    
   2.85937500000      0.298018376240E-02  0.459697646158      0.679544356586E-17   1.40838551909      0.919395292317      0.124230980741      0.124230980741      0.211235684676    
   2.87500000000      0.297826366937E-02  0.460571501831      0.672663726355E-17   1.41340839653      0.921143003661      0.124801133967      0.124801133967      0.210969233897    
   2.89062500000      0.297633611857E-02  0.461448751618      0.670636233955E-17   1.41841856045      0.922897503237      0.125372583772      0.125372583772      0.210703584075    
   2.90625000000      0.297440116477E-02  0.462329370590      0.675535904870E-17   1.42341575555      0.924658741180      0.125945313404      0.125945313404      0.210438743783    
   2.92187500000      0.297245886299E-02  0.463213333711      0.707563193154E-17   1.42839972705      0.926426667422      0.126519306231      0.126519306231      0.210174721249    
   2.93750000000      0.297050926846E-02  0.464100615844      0.698199190043E-17   1.43337022069      0.928201231688      0.127094545744      0.127094545744      0.209911524355    
   2.95312500000      0.296855243663E-02  0.464991191755      0.678763556701E-17   1.43832698278      0.929982383509      0.127671015555      0.127671015555      0.209649160644    
   2.96875000000      0.296658842314E-02  0.465885036114      0.651737481355E-17   1.44326976022      0.931770072227      0.128248699397      0.128248699397      0.209387637319    
   2.98437500000      0.296461728387E-02  0.466782123498      0.595793328697E-17   1.44819830053      0.933564246996      0.128827581125      0.128827581125      0.209126961248    
   3.00000000000      0.296263907487E-02  0.467682428396      0.632441938221E-17   1.45311235189      0.935364856792      0.129407644715      0.129407644715      0.208867138965    
   3.01562500000      0.296065385238E-02  0.468585925207      0.655571397175E-17   1.45801166314      0.937171850414      0.129988874266      0.129988874266      0.208608176674    
   3.03125000000      0.295866167285E-02  0.469492588248      0.666658686082E-17   1.46289598386      0.938985176496      0.130571253997      0.130571253997      0.208350080254    
   3.04687500000      0.295666259288E-02  0.470402391753      0.623294533756E-17   1.46776506433      0.940804783506      0.131154768249      0.131154768249      0.208092855256    
   3.06250000000      0.295465666926E-02  0.471315309879      0.631392924156E-17   1.47261865562      0.942630619759      0.131739401483      0.131739401483      0.207836506914    
   3.07812500000      0.295264395895E-02  0.472231316706      0.606438292750E-17   1.47745650958      0.944462633413      0.132325138283      0.132325138283      0.207581040141    
   3.09375000000      0.295062451905E-02  0.473150386242      0.658673190979E-17   1.48227837888      0.946300772484      0.132911963353      0.132911963353      0.207326459537    
   3.10937500000      0.294859840684E-02  0.474072492424      0.641854940796E-17   1.48708401705      0.948144984848      0.133499861517      0.133499861517      0.207072769390    
   3.12500000000      0.294656567972E-02  0.474997609122      0.640020400847E-17   1.49216215231      0.949995218243      0.134088817721      0.134088817721      0.206819973680    
   3.14062500000      0.294452639525E-02  0.475925710142      0.689962184860E-17   1.49758383684      0.951851420283      0.134678817029      0.134678817029      0.206568076083    
   3.15625000000      0.294248061112E-02  0.476856769228      0.665119210568E-17   1.50299374141      0.953713538457      0.135269844628      0.135269844628      0.206317079973    
   3.17187500000      0.294042838516E-02  0.477790760068      0.719492747912E-17   1.50839160157      0.955581520136      0.135861885821      0.135861885821      0.206066988426    
   3.18750000000      0.293836977529E-02  0.478727656290      0.698080187716E-17   1.51377715320      0.957455312581      0.136454926033      0.136454926033      0.205817804225    
   3.20312500000      0.293630483959E-02  0.479667431473      0.647249252766E-17   1.51915013258      0.959334862947      0.137048950806      0.137048950806      0.205569529862    
   3.21875000000      0.293423363621E-02  0.480610059145      0.604948605069E-17   1.52451027635      0.961220118289      0.137643945802      0.137643945802      0.205322167540    
   3.23437500000      0.293215622343E-02  0.481555512785      0.604493414850E-17   1.52985732162      0.963111025570      0.138239896801      0.138239896801      0.205075719182    
   3.25000000000      0.293007265960E-02  0.482503765831      0.589270253847E-17   1.53519100591      0.965007531662      0.138836789700      0.138836789700      0.204830186430    
   3.26562500000      0.292798300320E-02  0.483454791678      0.655925285965E-17   1.54051106724      0.966909583355      0.139434610514      0.139434610514      0.204585570650    
   3.28125000000      0.292588731276E-02  0.484408563683      0.601041014519E-17   1.54581724415      0.968817127366      0.140033345373      0.140033345373      0.204341872937    
   3.29687500000      0.292378564690E-02  0.485365055168      0.674643316724E-17   1.55110927570      0.970730110336      0.140632980526      0.140632980526      0.204099094116    
   3.31250000000      0.292167806431E-02  0.486324239422      0.627519635972E-17   1.55638690151      0.972648478844      0.141233502336      0.141233502336      0.203857234750    
   3.32812500000      0.291956462375E-02  0.487286089704      0.591872264441E-17   1.56164986181      0.974572179409      0.141834897282      0.141834897282      0.203616295140    
   3.34375000000      0.291744538403E-02  0.488250579248      0.605589968508E-17   1.56689789741      0.976501158497      0.142437151958      0.142437151958      0.203376275332    
   3.35937500000      0.291532040402E-02  0.489217681262      0.644955769042E-17   1.57213074978      0.978435362524      0.143040253071      0.143040253071      0.203137175119    
   3.37500000000      0.291318974263E-02  0.490187368934      0.617550573438E-17   1.57734816107      0.980374737868      0.143644187444      0.143644187444      0.202898994046    
   3.39062500000      0.291105345882E-02  0.491159615433      0.640707045207E-17   1.58254987410      0.982319230866      0.144248942010      0.144248942010      0.202661731413    
   3.40625000000      0.290891161157E-02  0.492134393914      0.636182985683E-17   1.58773563243      0.984268787827      0.144854503817      0.144854503817      0.202425386279    
   3.42187500000      0.290676425990E-02  0.493111677517      0.618093979101E-17   1.59290518033      0.986223355034      0.145460860024      0.145460860024      0.202189957469    
   3.43750000000      0.290461146285E-02  0.494091439376      0.605745492171E-17   1.59805826289      0.988182878751      0.146067997901      0.146067997901      0.201955443575    
   3.45312500000      0.290245327947E-02  0.495073652614      0.570975495919E-17   1.60319462595      0.990147305228      0.146675904828      0.146675904828      0.201721842959    
   3.46875000000      0.290028976881E-02  0.496058290353      0.604770202656E-17   1.60831401618      0.992116580706      0.147284568296      0.147284568296      0.201489153761    
   3.48437500000      0.289812098994E-02  0.497045325712      0.657776473068E-17   1.61341618112      0.994090651424      0.147893975905      0.147893975905      0.201257373902    
   3.50000000000      0.289594700193E-02  0.498034731812      0.600833113752E-17   1.61850086913      0.996069463624      0.148504115363      0.148504115363      0.201026501086    
   3.51562500000      0.289376786382E-02  0.499026481779      0.644847373425E-17   1.62356782950      0.998052963557      0.149114974487      0.149114974487      0.200796532805    
   3.53125000000      0.289158363465E-02  0.500020548743      0.657752077482E-17   1.62861681243       1.00004109749      0.149726541199      0.149726541199      0.200567466345    
   3.54687500000      0.288939437343E-02  0.501016905848      0.714215801565E-17   1.63368227281       1.00203381170      0.150338803529      0.150338803529      0.200339298789    
   3.56250000000      0.288720013916E-02  0.502015526247      0.666347432554E-17   1.63940035396       1.00403105249      0.150951749613      0.150951749613      0.200112027021    
   3.57812500000      0.288500099078E-02  0.503016383109      0.680706956279E-17   1.64510498886       1.00603276622      0.151565367690      0.151565367690      0.199885647729    
   3.59375000000      0.288279698721E-02  0.504019449621      0.723413563564E-17   1.65079590604       1.00803889924      0.152179646105      0.152179646105      0.199660157412    
   3.60937500000      0.288058818733E-02  0.505024698991      0.683847315197E-17   1.65647283442       1.01004939798      0.152794573305      0.152794573305      0.199435552382    
   3.62500000000      0.287837464995E-02  0.506032104449      0.710617668201E-17   1.66213550340       1.01206420890      0.153410137840      0.153410137840      0.199211828769    
   3.64062500000      0.287615643383E-02  0.507041639250      0.725090670625E-17   1.66778364281       1.01408327850      0.154026328362      0.154026328362      0.198988982526    
   3.65625000000      0.287393359768E-02  0.508053276679      0.723534378271E-17   1.67341698300       1.01610655336      0.154643133623      0.154643133623      0.198767009432    
   3.67187500000      0.287170620014E-02  0.509066990050      0.701848350098E-17   1.67903525482       1.01813398010      0.155260542478      0.155260542478      0.198545905095    
   3.68750000000      0.286947429975E-02  0.510082752714      0.759230715455E-17   1.68463818966       1.02016550543      0.155878543877      0.155878543877      0.198325664960    
   3.70312500000      0.286723795502E-02  0.511100538052      0.824912613317E-17   1.69022551946       1.02220107610      0.156497126871      0.156497126871      0.198106284310    
   3.71875000000      0.286499722432E-02  0.512120319490      0.742870319970E-17   1.69579697678       1.02424063898      0.157116280609      0.157116280609      0.197887758271    
   3.73437500000      0.286275216597E-02  0.513142070489      0.727128866830E-17   1.70135229475       1.02628414098      0.157735994336      0.157735994336      0.197670081816    
   3.75000000000      0.286050283818E-02  0.514165764557      0.711920779258E-17   1.70689120718       1.02833152911      0.158356257393      0.158356257393      0.197453249770    
   3.76562500000      0.285824929907E-02  0.515191375246      0.638353378450E-17   1.71241344850       1.03038275049      0.158977059216      0.158977059216      0.197237256814    
   3.78125000000      0.285599160664E-02  0.516218876159      0.651987723143E-17   1.71791875383       1.03243775232      0.159598389335      0.159598389335      0.197022097489    
   3.79687500000      0.285372981878E-02  0.517248240946      0.676889706042E-17   1.72340685903       1.03449648189      0.160220237374      0.160220237374      0.196807766198    
   3.81250000000      0.285146399327E-02  0.518279443311      0.695066161497E-17   1.72887750064       1.03655888662      0.160842593048      0.160842593048      0.196594257214    
   3.82812500000      0.284919418776E-02  0.519312457016      0.652851162578E-17   1.73433041597       1.03862491403      0.161465446167      0.161465446167      0.196381564682    
   3.84375000000      0.284692045980E-02  0.520347255877      0.669444587424E-17   1.73976534313       1.04069451175      0.162088786627      0.162088786627      0.196169682622    
   3.85937500000      0.284464286677E-02  0.521383813771      0.615933693311E-17   1.74518202099       1.04276762754      0.162712604418      0.162712604418      0.195958604935    
   3.87500000000      0.284236146593E-02  0.522422104639      0.645786363517E-17   1.75058018926       1.04484420928      0.163336889616      0.163336889616      0.195748325407    
   3.89062500000      0.284007631442E-02  0.523462102485      0.573204995360E-17   1.75595958848       1.04692420497      0.163961632387      0.163961632387      0.195538837711    
   3.90625000000      0.283778746919E-02  0.524503781378      0.585967512082E-17   1.76131996007       1.04900756276      0.164586822982      0.164586822982      0.195330135414    
   3.92187500000      0.283549498708E-02  0.525547115459      0.586615308366E-17   1.76666104632       1.05109423092      0.165212451740      0.165212451740      0.195122211978    
   3.93750000000      0.283319892475E-02  0.526592078937      0.517708705487E-17   1.77198259043       1.05318415787      0.165838509085      0.165838509085      0.194915060767    
   3.95312500000      0.283089933871E-02  0.527638646095      0.547303451558E-17   1.77728433654       1.05527729219      0.166464985524      0.166464985524      0.194708675046    
   3.96875000000      0.282859628530E-02  0.528686791293      0.495177950558E-17   1.78256602972       1.05737358259      0.167091871650      0.167091871650      0.194503047993    
   3.98437500000      0.282628982069E-02  0.529736488965      0.549678327695E-17   1.78826863288       1.05947297793      0.167719158135      0.167719158135      0.194298172694    
   4.00000000000      0.282398000087E-02  0.530787713626      0.484040766212E-17   1.79409756420       1.06157542725      0.168346835736      0.168346835736      0.194094042154    
   4.01562500000      0.282166688168E-02  0.531840439872      0.477416447268E-17   1.79991467254       1.06368087974      0.168974895289      0.168974895289      0.193890649294    
   4.03125000000      0.281935051874E-02  0.532894642382      0.437536375506E-17   1.80571974129       1.06578928476      0.169603327709      0.169603327709      0.193687986963    
   4.04687500000      0.281703096751E-02  0.533950295920      0.487732701531E-17   1.81151255446       1.06790059184      0.170232123993      0.170232123993      0.193486047934    
   4.06250000000      0.281470828325E-02  0.535007375337      0.469200600174E-17   1.81729289670       1.07001475067      0.170861275211      0.170861275211      0.193284824914    
   4.07812500000      0.281238252101E-02  0.536065855573      0.499603823976E-17   1.82306055332       1.07213171115      0.171490772515      0.171490772515      0.193084310543    
   4.09375000000      0.281005373567E-02  0.537125711658      0.474295492770E-17   1.82881531031       1.07425142332      0.172120607130      0.172120607130      0.192884497399    
   4.10937500000      0.280772198188E-02  0.538186918716      0.470548816910E-17   1.83455695434       1.07637383743      0.172750770356      0.172750770356      0.192685378004    
   4.12500000000      0.280538731410E-02  0.539249451963      0.434295961736E-17   1.84028527279       1.07849890393      0.173381253569      0.173381253569      0.192486944825    
   4.14062500000      0.280304978657E-02  0.540313286714      0.411910253180E-17   1.84600005375       1.08062657343      0.174012048217      0.174012048217      0.192289190279    
   4.15625000000      0.280070945332E-02  0.541378398378      0.434835728100E-17   1.85170108606       1.08275679676      0.174643145821      0.174643145821      0.192092106735    
   4.17187500000      0.279836636817E-02  0.542444762466      0.421261040213E-17   1.85738815933       1.08488952493      0.175274537973      0.175274537973      0.191895686520    
   4.18750000000      0.279602058469E-02  0.543512354590      0.429306003429E-17   1.86306106393       1.08702470918      0.175906216335      0.175906216335      0.191699921920    
   4.20312500000      0.279367215626E-02  0.544581150464      0.455252593490E-17   1.86871959103       1.08916230093      0.176538172640      0.176538172640      0.191504805184    
   4.21875000000      0.279132113600E-02  0.545651125905      0.449536915834E-17   1.87436353258       1.09130225181      0.177170398688      0.177170398688      0.191310328529    
   4.23437500000      0.278896757682E-02  0.546722256838      0.431852754314E-17   1.87999268138       1.09344451368      0.177802886348      0.177802886348      0.191116484143    
   4.25000000000      0.278661153139E-02  0.547794519295      0.442381836627E-17   1.88560683106       1.09558903859      0.178435627555      0.178435627555      0.190923264185    
   4.26562500000      0.278425305212E-02  0.548867889414      0.443211643504E-17   1.89120577610       1.09773577883      0.179068614310      0.179068614310      0.190730660795    
   4.28125000000      0.278189219121E-02  0.549942343448      0.414505553165E-17   1.89678931185       1.09988468690      0.179701838679      0.179701838679      0.190538666089    
   4.29687500000      0.277952900059E-02  0.551017857756      0.421872236304E-17   1.90235723454       1.10203571551      0.180335292794      0.180335292794      0.190347272169    
   4.31250000000      0.277716353195E-02  0.552094408815      0.388547315048E-17   1.90790934132       1.10418881763      0.180968968846      0.180968968846      0.190156471124    
   4.32812500000      0.277479583674E-02  0.553171973213      0.323812979794E-17   1.91344543024       1.10634394643      0.181602859091      0.181602859091      0.189966255031    
   4.34375000000      0.277242596614E-02  0.554250527656      0.303744414726E-17   1.91896530026       1.10850105531      0.182236955847      0.182236955847      0.189776615961    
   4.35937500000      0.277005397108E-02  0.555330048965      0.307327429200E-17   1.92519361575       1.11066009793      0.182871251491      0.182871251491      0.189587545983    
   4.37500000000      0.276767990222E-02  0.556410514081      0.348623446364E-17   1.93142233730       1.11282102816      0.183505738460      0.183505738460      0.189399037161    
   4.39062500000      0.276530380997E-02  0.557491900062      0.368097816060E-17   1.93763861950       1.11498380012      0.184140409249      0.184140409249      0.189211081564    
   4.40625000000      0.276292574449E-02  0.558574184089      0.347780482745E-17   1.94384223412       1.11714836818      0.184775256412      0.184775256412      0.189023671265    
   4.42187500000      0.276054575563E-02  0.559657343464      0.317629535839E-17   1.95003295347       1.11931468693      0.185410272558      0.185410272558      0.188836798347    
   4.43750000000      0.275816389300E-02  0.560741355611      0.300195110817E-17   1.95621055044       1.12148271122      0.186045450355      0.186045450355      0.188650454901    
   4.45312500000      0.275578020593E-02  0.561826198079      0.320008420619E-17   1.96237479850       1.12365239616      0.186680782523      0.186680782523      0.188464633034    
   4.46875000000      0.275339474349E-02  0.562911848542      0.279294813102E-17   1.96852547170       1.12582369708      0.187316261838      0.187316261838      0.188279324867    
   4.48437500000      0.275100755445E-02  0.563998284799      0.241618898717E-17   1.97466234472       1.12799656960      0.187951881128      0.187951881128      0.188094522543    
   4.50000000000      0.274861868731E-02  0.565085484777      0.191007450970E-17   1.98078519288       1.13017096955      0.188587633276      0.188587633276      0.187910218225    
   4.51562500000      0.274622819029E-02  0.566173426531      0.180440135937E-17   1.98689379214       1.13234685306      0.189223511215      0.189223511215      0.187726404102    
   4.53125000000      0.274383611133E-02  0.567262088244      0.141705584933E-17   1.99298791913       1.13452417649      0.189859507927      0.189859507927      0.187543072390    
   4.54687500000      0.274144249808E-02  0.568351448230      0.171488130602E-17   1.99906735116       1.13670289646      0.190495616448      0.190495616448      0.187360215333    
   4.56250000000      0.273904739791E-02  0.569441484931      0.167947272999E-17   2.00513186624       1.13888296986      0.191131829860      0.191131829860      0.187177825211    
   4.57812500000      0.273665085788E-02  0.570532176925      0.136673596070E-17   2.01118124309       1.14106435385      0.191768141295      0.191768141295      0.186995894335    
   4.59375000000      0.273425292479E-02  0.571623502917      0.595440153830E-18   2.01721526118       1.14324700583      0.192404543930      0.192404543930      0.186814415057    
   4.60937500000      0.273185364513E-02  0.572715441750      0.570579045784E-18   2.02323370071       1.14543088350      0.193041030992      0.193041030992      0.186633379766    
   4.62500000000      0.272945306510E-02  0.573807972397      0.551883289786E-18   2.02923634266       1.14761594479      0.193677595752      0.193677595752      0.186452780894    
   4.64062500000      0.272705123059E-02  0.574901073967      0.498509926891E-18   2.03522296876       1.14980214793      0.194314231524      0.194314231524      0.186272610918    
   4.65625000000      0.272464818723E-02  0.575994725704      0.131161037770E-18   2.04119336156       1.15198945141      0.194950931671      0.194950931671      0.186092862362    
   4.67187500000      0.272224398030E-02  0.577088906988      0.277658712092E-18   2.04714730442       1.15417781398      0.195587689596      0.195587689596      0.185913527797    
   4.68750000000      0.271983865483E-02  0.578183597336     -0.116291276021E-18   2.05308458152       1.15636719467      0.196224498744      0.196224498744      0.185734599848    
   4.70312500000      0.271743225552E-02  0.579278776399      0.131003336015E-18   2.05900497788       1.15855755280      0.196861352603      0.196861352603      0.185556071192    
   4.71875000000      0.271502482678E-02  0.580374423968      0.295588964821E-19   2.06490827938       1.16074884794      0.197498244704      0.197498244704      0.185377934561    
   4.73437500000      0.271261641271E-02  0.581470519973     -0.339102205411E-18   2.07079427278       1.16294103995      0.198135168614      0.198135168614      0.185200182745    
   4.75000000000      0.271020705710E-02  0.582567044479      0.252971329872E-18   2.07666274571       1.16513408896      0.198772117943      0.198772117943      0.185022808594    
   4.76562500000      0.270779680346E-02  0.583663977694     -0.120305400712E-18   2.08251348671       1.16732795539      0.199409086338      0.199409086338      0.184845805019    
   4.78125000000      0.270538569496E-02  0.584761299962      0.951720656666E-19   2.08834628525       1.16952259992      0.200046067484      0.200046067484      0.184669164994    
   4.79687500000      0.270297377449E-02  0.585858991769     -0.696005927644E-19   2.09416093170       1.17171798354      0.200683055104      0.200683055104      0.184492881561    
   4.81250000000      0.270056108461E-02  0.586957033740     -0.185402664814E-18   2.09995721742       1.17391406748      0.201320042957      0.201320042957      0.184316947827    
   4.82812500000      0.269814766759E-02  0.588055406641     -0.524080517170E-18   2.10573493468       1.17611081328      0.201957024837      0.201957024837      0.184141356967    
   4.84375000000      0.269573356538E-02  0.589154091379     -0.772744290506E-18   2.11149387677       1.17830818276      0.202593994574      0.202593994574      0.183966102230    
   4.85937500000      0.269331881963E-02  0.590253069001     -0.696783415636E-18   2.11723383794       1.18050613800      0.203230946033      0.203230946033      0.183791176936    
   4.87500000000      0.269090347166E-02  0.591352320697     -0.136509370802E-17   2.12295461346       1.18270464139      0.203867873110      0.203867873110      0.183616574478    
   4.89062500000      0.268848756251E-02  0.592451827798     -0.174592830663E-17   2.12865599962       1.18490365560      0.204504769736      0.204504769736      0.183442288326    
   4.90625000000      0.268607113287E-02  0.593551571777     -0.179275034576E-17   2.13433779370       1.18710314355      0.205141629874      0.205141629874      0.183268312030    
   4.92187500000      0.268365422314E-02  0.594651534247     -0.190242369669E-17   2.13999979409       1.18930306849      0.205778447517      0.205778447517      0.183094639214    
   4.93750000000      0.268123687342E-02  0.595751696967     -0.228766683867E-17   2.14564180020       1.19150339393      0.206415216690      0.206415216690      0.182921263587    
   4.95312500000      0.267881912346E-02  0.596852041836     -0.253431879528E-17   2.15126361250       1.19370408367      0.207051931448      0.207051931448      0.182748178939    
   4.96875000000      0.267640101274E-02  0.597952550894     -0.293126294391E-17   2.15686503257       1.19590510179      0.207688585876      0.207688585876      0.182575379141    
   4.98437500000      0.267398258039E-02  0.599053206326     -0.327752582124E-17   2.16244586307       1.19810641265      0.208325174087      0.208325174087      0.182402858153    
   5.00000000000      0.267156386525E-02  0.600153990460     -0.300952526633E-17   2.16800590779       1.20030798092      0.208961690221      0.208961690221      0.182230610017    
