   0.00000000000      0.261638527322E-02  0.375000000000      0.274244193516E-05   2.97518983840      0.750000000000      0.104124601718      0.103028189901      0.167847208381    
  0.312500000000E-01  0.261593894195E-02  0.376828172711      0.274012253703E-05   3.06093485560      0.753656345422      0.106549234981      0.103671500408      0.166607437322    
  0.625000000000E-01  0.261544327173E-02  0.378858437788      0.273762964100E-05   3.14702193332      0.757716875575      0.109081767986      0.104341073269      0.165435596532    
  0.937500000000E-01  0.261489705278E-02  0.381095750501      0.273497050590E-05   3.24078365992      0.762191501002      0.111724609553      0.105037573538      0.164333567410    
  0.125000000000      0.261429906163E-02  0.383545122099      0.273215525636E-05   3.33408147805      0.767090244198      0.114480122375      0.105761721704      0.163303278020    
  0.156250000000      0.261364806621E-02  0.386211599194      0.272919681618E-05   3.43290278500      0.772423198389      0.117350607536      0.106514291394      0.162346700265    
  0.187500000000      0.261294283140E-02  0.389100240793      0.272611078998E-05   3.53397317754      0.778200481585      0.120338288172      0.107296106872      0.161465845748    
  0.218750000000      0.261218212526E-02  0.392216092967      0.272291528862E-05   3.63902610592      0.784432185934      0.123445292443      0.108108040378      0.160662760146    
  0.250000000000      0.261136472573E-02  0.395564161238      0.271963069464E-05   3.74490336224      0.791128322477      0.126673636044      0.108951009272      0.159939515922    
  0.281250000000      0.261048942793E-02  0.399149380813      0.271627936523E-05   3.85794925229      0.798298761626      0.130025204548      0.109825973011      0.159298203253    
  0.312500000000      0.260955505187E-02  0.402976584897      0.271288527180E-05   3.96622229356      0.805953169793      0.133501735920      0.110733929940      0.158740919037    
  0.343750000000      0.260856045060E-02  0.407050471410      0.270947357752E-05   4.08595438573      0.814100942819      0.137104803563      0.111675913900      0.158269753947    
  0.375000000000      0.260750451861E-02  0.411375568502      0.270607015593E-05   4.20405561946      0.822751137004      0.140835800328      0.112652990639      0.157886777535    
  0.406250000000      0.260638620043E-02  0.415956199370      0.270270105717E-05   4.31676147154      0.831912398739      0.144695923892      0.113666254028      0.157594021450    
  0.437500000000      0.260520449926E-02  0.420796446952      0.269939193028E-05   4.44294031616      0.841592893903      0.148686163939      0.114716822061      0.157393460951    
  0.468750000000      0.260395848542E-02  0.425900119154      0.269616741356E-05   4.56694390277      0.851800238309      0.152807291543      0.115805832640      0.157286994972    
  0.500000000000      0.260264730458E-02  0.431270715314      0.269305050736E-05   4.68480721482      0.862541430628      0.157059851104      0.116934439126      0.157276425083    
  0.531250000000      0.260127018547E-02  0.436911394632      0.269006194605E-05   4.80957901382      0.873822789264      0.161444155156      0.118103805672      0.157363433804    
  0.562500000000      0.259982644686E-02  0.442824947337      0.268721958815E-05   4.95414861805      0.885649894674      0.165960282228      0.119315102321      0.157549562787    
  0.593750000000      0.259831550383E-02  0.449013769296      0.268453784472E-05   5.09370365563      0.898027538593      0.170608077917      0.120569499903      0.157836191477    
  0.625000000000      0.259673687292E-02  0.455479840759      0.268202716656E-05   5.22748626132      0.910959681519      0.175387159147      0.121868164738      0.158224516875    
  0.656250000000      0.259509017618E-02  0.462224709830      0.267969361071E-05   5.35476275683      0.924449419660      0.180296921552      0.123212253198      0.158715535080    
  0.687500000000      0.259337514392E-02  0.469249481160      0.267753850472E-05   5.47621445061      0.938498962319      0.185336549740      0.124602906169      0.159310025250    
  0.718750000000      0.259159161611E-02  0.476554810220      0.267555822545E-05   5.61682633507      0.953109620440      0.190505030157      0.126041243471      0.160008536592    
  0.750000000000      0.258973954237E-02  0.484140903364      0.267374410512E-05   5.76253015287      0.968281806729      0.195801166117      0.127528358325      0.160811378922    
  0.781250000000      0.258781898054E-02  0.492007523728      0.267208247344E-05   5.91425872735      0.984015047456      0.201223594559      0.129065311938      0.161718617230    
  0.812500000000      0.258583009380E-02  0.500154002842      0.267055483972E-05   6.05900364979       1.00030800568      0.206770803973      0.130653128287      0.162730070582    
  0.843750000000      0.258377314657E-02  0.508579257700      0.266913821339E-05   6.19584704844       1.01715851540      0.212441152969      0.132292789203      0.163845315528    
  0.875000000000      0.258164849907E-02  0.517281812834      0.266780555615E-05   6.32388447937       1.03456362567      0.218232888923      0.133985229818      0.165063694093    
  0.906250000000      0.257945660085E-02  0.526259826874      0.266652635336E-05   6.45247226299       1.05251965375      0.224144166165      0.135731334463      0.166384326245    
  0.937500000000      0.257719798339E-02  0.535511122924      0.266526728770E-05   6.59974045049       1.07102224585      0.230173063227      0.137531933061      0.167806126637    
  0.968750000000      0.257487325188E-02  0.545033222040      0.266399299381E-05   6.73878363638       1.09006644408      0.236317598689      0.139387798054      0.169327825297    
   1.00000000000      0.257248307654E-02  0.554823379046      0.266266686943E-05   6.88613893564       1.10964675809      0.242575745287      0.141299641896      0.170947991863    
   1.03125000000      0.257002818345E-02  0.564878619921      0.266125191658E-05   7.02896078137       1.12975723984      0.248945441961      0.143268115101      0.172665062859    
   1.06250000000      0.256750934522E-02  0.575195779988      0.265971158507E-05   7.17075909649       1.15039155998      0.255424603651      0.145293804823      0.174477371515    
   1.09375000000      0.256492737169E-02  0.585771542205      0.265801059141E-05   7.33921399759       1.17154308441      0.262011128708      0.147377233941      0.176383179556    
   1.12500000000      0.256228310067E-02  0.596602474885      0.265611568727E-05   7.49687218151       1.19320494977      0.268702903863      0.149518860586      0.178380710436    
   1.15625000000      0.255957738902E-02  0.607685068282      0.265399635444E-05   7.64234551247       1.21537013656      0.275497806784      0.151719078037      0.180468183460    
   1.18750000000      0.255681110415E-02  0.619015769543      0.265162540660E-05   7.77427372401       1.23803153909      0.282393706291      0.153978214933      0.182643848319    
   1.21875000000      0.255398511593E-02  0.630591015618      0.264897948266E-05   7.94429390884       1.26118203124      0.289388460384      0.156296535699      0.184906019535    
   1.25000000000      0.255110028927E-02  0.642407263821      0.264603942080E-05   8.11106187879       1.28481452764      0.296479912263      0.158674241131      0.187253110428    
   1.28125000000      0.254815747729E-02  0.654461019819      0.264279050789E-05   8.26430717501       1.30892203964      0.303665884559      0.161111469060      0.189683666201    
   1.31250000000      0.254515751512E-02  0.666748862900      0.263922260379E-05   8.40254320197       1.33349772580      0.310944172039      0.163608295046      0.192196395816    
   1.34375000000      0.254210121442E-02  0.679267468464      0.263533014540E-05   8.55243543390       1.35853493693      0.318312533043      0.166164733050      0.194790202371    
   1.37500000000      0.253898935859E-02  0.692013627743      0.263111204018E-05   8.73410339003       1.38402725549      0.325768679944      0.168780736083      0.197464211715    
   1.40625000000      0.253582269858E-02  0.704984264800      0.262657146342E-05   8.90097741758       1.40996852960      0.333310268911      0.171456196807      0.200217799082    
   1.43750000000      0.253260194942E-02  0.718176450944      0.262171557782E-05   9.05140923610       1.43635290189      0.340934889256      0.174190948143      0.203050613545    
   1.46875000000      0.252932778723E-02  0.731587416689      0.261655519759E-05   9.18383000665       1.46317483338      0.348640052633      0.176984763925      0.205962600130    
   1.50000000000      0.252600084692E-02  0.745214561468      0.261110442214E-05   9.34895916081       1.49042912294      0.356423182344      0.179837359699      0.208954019425    
   1.53125000000      0.252262172029E-02  0.759055461293      0.260538026741E-05   9.53489800564       1.51811092259      0.364281602952      0.182748393770      0.212025464571    
   1.56250000000      0.251919095460E-02  0.773107874587      0.259940232425E-05   9.70303601107       1.54621574917      0.372212530422      0.185717468656      0.215177875509    
   1.59375000000      0.251570905153E-02  0.787369746423      0.259319247482E-05   9.86234965721       1.57473949285      0.380213062908      0.188744133118      0.218412550397    
   1.62500000000      0.251217646651E-02  0.801839211375      0.258677469817E-05   10.0328130427       1.60367842275      0.388280172307      0.191827884948      0.221731154120    
   1.65625000000      0.250859360829E-02  0.816514595200      0.258017499580E-05   10.1874926334       1.63302919040      0.396410696638      0.194968174743      0.225135723818    
   1.68750000000      0.250496083878E-02  0.831394415535      0.257342146656E-05   10.3603382697       1.66278883107      0.404601333243      0.198164410869      0.228628671423    
   1.71875000000      0.250127847305E-02  0.846477381778      0.256654455741E-05   10.5858807234       1.69295476356      0.412848632781      0.201415965837      0.232212783160    
   1.75000000000      0.249754677958E-02  0.861762394270      0.255957751298E-05   10.7966761648       1.72352478854      0.421148993932      0.204722184296      0.235891216043    
   1.78125000000      0.249376598057E-02  0.877248542889      0.255255704038E-05   10.9911661624       1.75449708578      0.429498658690      0.208082392814      0.239667491386    
   1.81250000000      0.248993625240E-02  0.892935105103      0.254552419891E-05   11.1678608033       1.78587021021      0.437893708109      0.211495911591      0.243545485403    
   1.84375000000      0.248605772629E-02  0.908821543508      0.253852551351E-05   11.3253529696       1.81764308702      0.446330058347      0.214962068184      0.247529416976    
   1.87500000000      0.248213048896E-02  0.924907502842      0.253161429916E-05   11.4623306163       1.84981500568      0.454803456874      0.218480213255      0.251623832713    
   1.90625000000      0.247815458355E-02  0.941192806433      0.252485216774E-05   11.6354409323       1.88238561287      0.463309478715      0.222049738293      0.255833589425    
   1.93750000000      0.247413001060E-02  0.957677452006      0.251831067170E-05   11.8568159286       1.91535490401      0.471843522676      0.225670095135      0.260163834195    
   1.96875000000      0.247005672928E-02  0.974361606783      0.251207301865E-05   12.0583833889       1.94872321357      0.480400807522      0.229340817067      0.264619982195    
   2.00000000000      0.246593465878E-02  0.991245601775      0.250623576927E-05   12.2381936585       1.98249120355      0.488976368203      0.233061541120      0.269207692452    
   2.03125000000      0.246176367990E-02   1.00832992517      0.250091040834E-05   12.3944157820       2.01665985035      0.497565052271      0.236832031169      0.273932841734    
   2.06250000000      0.245754363694E-02   1.02561521477      0.249622465636E-05   12.5490986770       2.05123042953      0.506161516737      0.240652201270      0.278801496760    
   2.09375000000      0.245327433977E-02   1.04310224930      0.249232336959E-05   12.7722309070       2.08620449859      0.514760225714      0.244522138676      0.283819884906    
   2.12500000000      0.244895556622E-02   1.06079193869      0.248936886064E-05   12.9992180736       2.12158387739      0.523355449240      0.248442125870      0.288994363583    
   2.15625000000      0.244458706478E-02   1.07868531316      0.248754046376E-05   13.2091041973       2.15737062632      0.531941263734      0.252412660967      0.294331388459    
   2.18750000000      0.244016855753E-02   1.09678351106      0.248703316979E-05   13.4000988547       2.19356702212      0.540511554552      0.256434475834      0.299837480676    
   2.21875000000      0.243569974338E-02   1.11508776560      0.248805516978E-05   13.5738076250       2.23017553120      0.549060021073      0.260508551295      0.305519193234    
   2.25000000000      0.243118030165E-02   1.13359939029      0.249082417387E-05   13.7255305240       2.26719878058      0.557580184692      0.264636128885      0.311383076713    
   2.28125000000      0.242660989589E-02   1.15231976320      0.249556241638E-05   13.8570293650       2.30463952640      0.566065399982      0.268818718698      0.317435644521    
   2.31250000000      0.242198817802E-02   1.17125031001      0.250249031788E-05   14.0112238517       2.34250062003      0.574508869125      0.273058102973      0.323683337915    
   2.34375000000      0.241731479277E-02   1.19039248589      0.251181885035E-05   14.2100884788       2.38078497178      0.582903659588      0.277356335226      0.330132491077    
   2.37500000000      0.241258938238E-02   1.20974775618      0.252374073905E-05   14.4668591774       2.41949551236      0.591242724779      0.281715734815      0.336789296585    
   2.40625000000      0.240781159157E-02   1.22931757606      0.253842072976E-05   14.7067249469       2.45863515211      0.599518927311      0.286138877007      0.343659771738    
   2.43750000000      0.240298107277E-02   1.24910336919      0.255598524622E-05   14.9308469508       2.49820673838      0.607725064313      0.290628578666      0.350749726211    
   2.46875000000      0.239809749148E-02   1.26910650558      0.257651185249E-05   15.1350715596       2.53821301116      0.615853894165      0.295187879783      0.358064731630    
   2.50000000000      0.239316053188E-02   1.28932827883      0.260001901006E-05   15.3139919183       2.57865655765      0.623898164002      0.299820021112      0.365610093713    
   2.53125000000      0.238816990239E-02   1.30976988316      0.262645667053E-05   15.4639918545       2.61953976633      0.631850637382      0.304528418153      0.373390827627    
   2.56250000000      0.238312534127E-02   1.33043239062      0.265569826579E-05   15.6423757721       2.66086478124      0.639704121679      0.309316631714      0.381411637227    
   2.59375000000      0.237802662203E-02   1.35131672890      0.268753464138E-05   15.8149468544       2.70263345780      0.647451494930      0.314188335185      0.389676898787    
   2.62500000000      0.237287355848E-02   1.37242366053      0.272167042304E-05   15.9567698176       2.74484732105      0.655085732221      0.319147278593      0.398190649713    
   2.65625000000      0.236766600939E-02   1.39375376393      0.275772321272E-05   16.1004509056       2.78750752786      0.662599931938      0.324197249409      0.406956582582    
   2.68750000000      0.236240388244E-02   1.41530741722      0.279522588053E-05   16.3826835263       2.83061483443      0.669987342613      0.329342029981      0.415978044622    
   2.71875000000      0.235708713735E-02   1.43708478532      0.283363206336E-05   16.6354434338       2.87416957065      0.677241391343      0.334585351476      0.425258042505    
   2.75000000000      0.235171578802E-02   1.45908581118      0.287232480819E-05   16.8614590469       2.91817162236      0.684355715016      0.339930844170      0.434799251995    
   2.78125000000      0.234628990362E-02   1.48131021148      0.291062812162E-05   17.0613754795       2.96262042296      0.691324195708      0.345381984070      0.444604031702    
   2.81250000000      0.234080960833E-02   1.50375747744      0.294782102061E-05   17.2346272553       3.00751495488      0.698141001610      0.350942035977      0.454674439851    
   2.84375000000      0.233527507997E-02   1.52642688073      0.298315353491E-05   17.3795295692       3.05285376145      0.704800634700      0.356613993364      0.465012252662    
   2.87500000000      0.232968654720E-02   1.54931748455      0.301586400145E-05   17.5399108130       3.09863496910      0.711297986108      0.362400515752      0.475618982688    
   2.90625000000      0.232404428576E-02   1.57242815949      0.304519692159E-05   17.7291248815       3.14485631899      0.717628399653      0.368303864639      0.486495895203    
   2.93750000000      0.231834861348E-02   1.59575760361      0.307042063041E-05   17.9166917199       3.19151520721      0.723787743567      0.374325839424      0.497644020615    
   2.96875000000      0.231259988461E-02   1.61930436575      0.309084405211E-05   18.1293453015       3.23860873150      0.729772489774      0.380467715157      0.509064160818    
   3.00000000000      0.230679848358E-02   1.64306687122      0.310583188560E-05   18.3112367263       3.28613374244      0.735579799506      0.386730184297      0.520756887416    
   3.03125000000      0.230094481850E-02   1.66704344829      0.311481767286E-05   18.4893770444       3.33408689657      0.741207613453      0.393113304910      0.532722529923    
   3.06250000000      0.229503931478E-02   1.69123235433      0.311731434140E-05   18.6319770450       3.38246470865      0.746654744127      0.399616457917      0.544961152283    
   3.09375000000      0.228908240920E-02   1.71563180016      0.311292197000E-05   18.9122041045       3.43126360031      0.751920967745      0.406238316003      0.557472516409    
   3.12500000000      0.228307454473E-02   1.74023997128      0.310133269441E-05   19.2075490187       3.48047994255      0.757007112669      0.412976826700      0.570256031909    
   3.15625000000      0.227701616632E-02   1.76505504492      0.308233283336E-05   19.4517048986       3.53011008983      0.761915141388      0.419829211842      0.583310691687    
   3.18750000000      0.227090771806E-02   1.79007520200      0.305580246740E-05   19.7536976950       3.58015040399      0.766648223078      0.426791985182      0.596634993736    
   3.21875000000      0.226474964154E-02   1.81529863346      0.302171283172E-05   20.0049685536       3.63059726693      0.771210794013      0.433860989385      0.610226850066    
   3.25000000000      0.225854237583E-02   1.84072354080      0.298012198431E-05   20.1983885515       3.68144708159      0.775608603450      0.441031452930      0.624083484417    
   3.28125000000      0.225228635865E-02   1.86634813081      0.293116927491E-05   20.4592803740       3.73269626162      0.779848743061      0.448298066711      0.638201321039    
   3.31250000000      0.224598202896E-02   1.89217060528      0.287506916589E-05   20.6903215924       3.78434121055      0.783939658456      0.455655079349      0.652575867471    
   3.34375000000      0.223962983058E-02   1.91818914612      0.281210494293E-05   21.0822484560       3.83637829224      0.787891141869      0.463096409432      0.667201594818    
   3.37500000000      0.223323021658E-02   1.94440189723      0.274262280148E-05   21.4582660368       3.88880379446      0.791714305583      0.470615772190      0.682071819456    
   3.40625000000      0.222678365432E-02   1.97080694401      0.266702671090E-05   21.7756351137       3.94161388801      0.795421536093      0.478206817421      0.697178590492    
   3.43750000000      0.222029063070E-02   1.99740229184      0.258577434631E-05   22.0267995034       3.99480458368      0.799026429420      0.485863274972      0.712512587449    
   3.46875000000      0.221375165735E-02   2.02418584469      0.249937424889E-05   22.2345095557       4.04837168938      0.802543708295      0.493579103643      0.728063032750    
   3.50000000000      0.220716727565E-02   2.05115538470      0.240838423638E-05   22.5633290030       4.10231076940      0.805989122183      0.501348639117      0.743817623398    
   3.53125000000      0.220053806122E-02   2.07830855374      0.231341094966E-05   22.8347397956       4.15661710748      0.809379331294      0.509166736443      0.759762486005    
   3.56250000000      0.219386462781E-02   2.10564283735      0.221511029672E-05   23.0435143676       4.21128567470      0.812731775883      0.517028902628      0.775882158839    
   3.59375000000      0.218714763064E-02   2.13315555129      0.211418845524E-05   23.3517214538       4.26631110259      0.816064532197      0.524931415132      0.792159603963    
   3.62500000000      0.218038776898E-02   2.16084383078      0.201140302595E-05   23.7161832725       4.32168766155      0.819396156555      0.532871422410      0.808576251811    
   3.65625000000      0.217358578832E-02   2.18870462186      0.190756390052E-05   24.0256115545       4.37740924372      0.822745519089      0.540847023114      0.825112079659    
   3.68750000000      0.216674248198E-02   2.21673467456      0.180353342120E-05   24.2617808593       4.43346934912      0.826131628791      0.548857321189      0.841745724579    
   3.71875000000      0.215985869266E-02   2.24493053679      0.170022546728E-05   24.4195356345       4.48986107358      0.829573451614      0.556902454763      0.858454630410    
   3.75000000000      0.215293531385E-02   2.27328854834      0.159860319994E-05   24.6367829408       4.54657709668      0.833089723515      0.564983597478      0.875215227348    
   3.78125000000      0.214597329156E-02   2.30180483394      0.149967532613E-05   24.9546297866       4.60360966788      0.836698760488      0.573102931741      0.892003141714    
   3.81250000000      0.213897362639E-02   2.33047529456      0.140449089440E-05   25.2220877653       4.66095058913      0.840418267832      0.581263594180      0.908793432552    
   3.84375000000      0.213193737623E-02   2.35929559630      0.131413279966E-05   25.4993384752       4.71859119261      0.844265151036      0.589469594446      0.925560850822    
   3.87500000000      0.212486565970E-02   2.38826115633      0.122971033950E-05   25.6967319915       4.77652231267      0.848255330854      0.597725709310      0.942280116171    
   3.90625000000      0.211775966031E-02   2.41736712569      0.115235131982E-05   25.9720413702       4.83473425139      0.852403565243      0.606037354787      0.958926205663    
   3.93750000000      0.211062063147E-02   2.44660836896      0.108319434078E-05   26.1779145960       4.89321673793      0.856723280924      0.614410439733      0.975474648308    
   3.96875000000      0.210344990216E-02   2.47597944118      0.102338199124E-05   26.4556558809       4.95195888236      0.861226417277      0.622851204949      0.991901818954    
   4.00000000000      0.209624888308E-02   2.50547456261      0.974055728119E-06   26.6683247294       5.01094912522      0.865923285279      0.631366052368       1.00818522496    
   4.03125000000      0.208901907318E-02   2.53508759229      0.936353201180E-06   26.8105590486       5.07017518458      0.870822443956      0.639961369183       1.02430377915    
   4.06250000000      0.208176206613E-02   2.56481200150      0.911408692247E-06   27.0913123192       5.12962400301      0.875930596677      0.648643352032       1.04023805279    
   4.09375000000      0.207447955650E-02   2.59464084847      0.900357163015E-06   27.3180952476       5.18928169694      0.881252509272      0.657417836306       1.05597050289    
   4.12500000000      0.206717334521E-02   2.62456675574      0.904342148159E-06   27.4833143633       5.24913351149      0.886790951656      0.666290135464       1.07148566862    
   4.15625000000      0.205984534394E-02   2.65458189187      0.924527399617E-06   27.5840352845       5.30916378375      0.892546664241      0.675264894865       1.08677033277    
   4.18750000000      0.205249757817E-02   2.68467795871      0.962111803332E-06   27.7147647772       5.36935591742      0.898518349966      0.684345964007       1.10181364474    
   4.21875000000      0.204513218850E-02   2.71484618574      0.101834667785E-05   27.9682989851       5.42969237147      0.904702692338      0.693536290309       1.11660720309    
   4.25000000000      0.203775143002E-02   2.74507733244      0.109455415554E-05   28.1574561440       5.49015466488      0.911094399327      0.702837836642       1.13114509647    
   4.28125000000      0.203035766960E-02   2.77536169939      0.119214497233E-05   28.2792351337       5.55072339877      0.917686272470      0.712251523812       1.14542390310    
   4.31250000000      0.202295338117E-02   2.80568914812      0.131263367648E-05   28.3311406319       5.61137829625      0.924469299979      0.721777198130       1.15944265001    
   4.34375000000      0.201554113878E-02   2.83604912965      0.145764903223E-05   28.3112383149       5.67209825929      0.931432772170      0.731413623231       1.17320273424    
   4.37500000000      0.200812360795E-02   2.86643072048      0.162893725683E-05   28.3164647820       5.73286144095      0.938564417119      0.741158494397       1.18670780896    
   4.40625000000      0.200070353539E-02   2.89682266510      0.182835570589E-05   28.4312709128       5.79364533020      0.945850554076      0.751008472990       1.19996363803    
   4.43750000000      0.199328373750E-02   2.92721342310      0.205785473353E-05   28.4741639321       5.85442684620      0.953276262011      0.760959238168       1.21297792292    
   4.46875000000      0.198586708814E-02   2.95759121915      0.231944572791E-05   28.4436058386       5.91518243830      0.960825560529      0.771005552930       1.22576010569    
   4.50000000000      0.197845650606E-02   2.98794409400      0.261515378943E-05   28.3387237824       5.97588818801      0.968481600423      0.781141341650       1.23832115193    
   4.53125000000      0.197105494251E-02   3.01825995470      0.294695420487E-05   28.6177705331       6.03651990939      0.976226861211      0.791359776662       1.25067331682    
   4.56250000000      0.196366536945E-02   3.04852662239      0.331669277931E-05   29.2348965192       6.09705324478      0.984043353085      0.801653371908       1.26282989740    
   4.59375000000      0.195629076867E-02   3.07873187653      0.372599119197E-05   29.7422935160       6.15746375306      0.991912820819      0.812014082276       1.27480497344    
   4.62500000000      0.194893412219E-02   3.10886349428      0.417613977048E-05   30.1381626801       6.21772698855      0.999816947201      0.822433407711       1.28661313936    
   4.65625000000      0.194159840408E-02   3.13890928444      0.466798132376E-05   31.2955271029       6.27781856889       1.00773755357      0.832902501580       1.29826922929    
   4.68750000000      0.193428657372E-02   3.16885711564      0.520179081211E-05   32.0267755808       6.33771423127       1.01565679502      0.843412282937       1.30978803768    
   4.71875000000      0.192700157058E-02   3.19869493849      0.577715654749E-05   32.2061212175       6.39738987698       1.02355734765      0.853953552256       1.32118403858    
   4.75000000000      0.191974631012E-02   3.22841080257      0.639286923151E-05   31.8155521584       6.45682160515       1.03142258554      0.864517109908       1.33247110713    
   4.78125000000      0.191252368083E-02   3.25799286879      0.704682542843E-05   31.9328892487       6.51598573758       1.03923674457      0.875093876108       1.34366224811    
   4.81250000000      0.190533654185E-02   3.28742941874      0.773595206029E-05   32.0226230293       6.57485883747       1.04698507084      0.885675010339       1.35476933755    
   4.84375000000      0.189818772081E-02   3.31670886267      0.845615824787E-05   32.3545067864       6.63341772534       1.05465395114      0.896252027394       1.36580288413    
   4.87500000000      0.189108001169E-02   3.34581974800      0.920232033742E-05   32.5316220591       6.69163949601       1.06223102314      0.906816906254       1.37677181861    
   4.90625000000      0.188401617201E-02   3.37475077004      0.996830523802E-05   33.1475418305       6.74950154008       1.06970526333      0.917362187139       1.38768331957    
   4.93750000000      0.187699891930E-02   3.40349078650      0.107470361850E-04   33.7291812135       6.80698157299       1.07706705096      0.927881051413       1.39854268412    
   4.96875000000      0.187003092652E-02   3.43202883675      0.115306036493E-04   33.7483160822       6.86405767349       1.08430820661      0.938367378619       1.40935325151    
   5.00000000000      0.186311481632E-02   3.46035416624      0.123104222518E-04   33.9402884288       6.92070833248       1.09142200477      0.948815774982       1.42011638649    
