   0.00000000000      0.316628698882E-02  0.375000000000     -0.855754175497E-19   2.00000000000      0.750000000000      0.625000000000E-01  0.625000000000E-01  0.250000000000    
  0.625000000000E-01  0.316627808642E-02  0.375145855206      0.598006506571E-19   1.99813433750      0.750291710411      0.626026243228E-01  0.626026243228E-01  0.249940606560    
  0.125000000000      0.316625135140E-02  0.375583880345      0.327575628462E-18   1.99255186119      0.751167760689      0.629103818385E-01  0.629103818385E-01  0.249763116668    
  0.187500000000      0.316620669981E-02  0.376315450641     -0.112870979771E-17   1.98329586324      0.752630901282      0.634229303813E-01  0.634229303813E-01  0.249469589879    
  0.250000000000      0.316614399243E-02  0.377342847368     -0.794968091619E-18   1.97043770245      0.754685694736      0.641397135701E-01  0.641397135701E-01  0.249063420228    
  0.312500000000      0.316606303567E-02  0.378669242044     -0.674852944434E-18   1.95407563527      0.757338484088      0.650599812140E-01  0.650599812140E-01  0.248549279616    
  0.375000000000      0.316596358293E-02  0.380298674979     -0.723129967732E-18   1.93433322453      0.760597349959      0.661828170237E-01  0.661828170237E-01  0.247933040932    
  0.437500000000      0.316584533620E-02  0.382236028797     -0.597794986922E-18   1.91135736908      0.764472057594      0.675071728138E-01  0.675071728138E-01  0.247221683169    
  0.500000000000      0.316570794791E-02  0.384486997656      0.438762733216E-18   1.88531600682      0.768973995313      0.690319082009E-01  0.690319082009E-01  0.246423181254    
  0.562500000000      0.316555102310E-02  0.387058052990      0.388697126734E-18   1.85639555055      0.774116105981      0.707558346641E-01  0.707558346641E-01  0.245546383662    
  0.625000000000      0.316537412156E-02  0.389956406573      0.356815477582E-18   1.82479812166      0.779912813147      0.726777627313E-01  0.726777627313E-01  0.244600881111    
  0.687500000000      0.316517676032E-02  0.393189971721      0.441282734913E-18   1.79073864879      0.786379943442      0.747965509991E-01  0.747965509991E-01  0.243596869723    
  0.750000000000      0.316495841599E-02  0.396767323341      0.814214284558E-18   1.75444189871      0.793534646683      0.771111556749E-01  0.771111556749E-01  0.242545011992    
  0.812500000000      0.316471852729E-02  0.400697657457      0.302382425230E-18   1.71613950574      0.801395314914      0.796206793541E-01  0.796206793541E-01  0.241456298749    
  0.875000000000      0.316445649750E-02  0.404990750655     -0.708491897972E-19   1.67606706050      0.809981501310      0.823244178078E-01  0.823244178078E-01  0.240341915039    
  0.937500000000      0.316417169692E-02  0.409656919777      0.327340180396E-18   1.63446131453      0.819313839555      0.852219036433E-01  0.852219036433E-01  0.239213112491    
   1.00000000000      0.316386346532E-02  0.414706981974      0.520902647208E-18   1.59155754993      0.829413963947      0.883129458251E-01  0.883129458251E-01  0.238081090324    
   1.06250000000      0.316353111435E-02  0.420152215073      0.334555710001E-18   1.54758715371      0.840304430146      0.915976641824E-01  0.915976641824E-01  0.236956886708    
   1.12500000000      0.316317392996E-02  0.426004318089      0.126181258964E-17   1.50277543074      0.852008636179      0.950765181921E-01  0.950765181921E-01  0.235851281705    
   1.18750000000      0.316279117480E-02  0.432275371542      0.627054225382E-18   1.45733967720      0.864550743085      0.987503294978E-01  0.987503294978E-01  0.234774712547    
   1.25000000000      0.316238209072E-02  0.438977797228      0.123892855031E-17   1.41148753030      0.877955594456      0.102620297814      0.102620297814      0.233737201600    
   1.31250000000      0.316194590123E-02  0.446124317043      0.130966642958E-17   1.36775320055      0.892248634086      0.106688010053      0.106688010053      0.232748296937    
   1.37500000000      0.316148181411E-02  0.453727910546      0.140024635116E-17   1.33796999231      0.907455821092      0.110955442707      0.110955442707      0.231817025133    
   1.43750000000      0.316098902412E-02  0.461801771068      0.119149092637E-17   1.34142269903      0.923603542136      0.115424957726      0.115424957726      0.230951855617    
   1.50000000000      0.316046671571E-02  0.470359260390      0.776097880162E-18   1.38316287661      0.940718520780      0.120099292318      0.120099292318      0.230160675753    
   1.56250000000      0.315991406590E-02  0.479413862305      0.308062921550E-18   1.42703975657      0.958827724609      0.124981543306      0.124981543306      0.229450775692    
   1.62500000000      0.315933024713E-02  0.488979135719      0.200235919360E-18   1.47470924809      0.977958271437      0.130075146846      0.130075146846      0.228828842027    
   1.68750000000      0.315871443006E-02  0.499068668333      0.657984525123E-18   1.52402417430      0.998137336666      0.135383854517      0.135383854517      0.228300959300    
   1.75000000000      0.315806578633E-02  0.509696032370      0.581742222796E-18   1.57846313304       1.01939206474      0.140911706928      0.140911706928      0.227872618513    
   1.81250000000      0.315738349097E-02  0.520874744195      0.765987512782E-18   1.63306712875       1.04174948839      0.146663006135      0.146663006135      0.227548731926    
   1.87500000000      0.315666672449E-02  0.532618230082      0.780513745569E-18   1.69380868774       1.06523646016      0.152642288267      0.152642288267      0.227333653547    
   1.93750000000      0.315591467450E-02  0.544939800637      0.924455367113E-18   1.75424162752       1.08987960127      0.158854297861      0.158854297861      0.227231204916    
   2.00000000000      0.315512653650E-02  0.557852636651      0.109514088258E-17   1.82147262526       1.11570527330      0.165303965384      0.165303965384      0.227244705883    
   2.06250000000      0.315430151392E-02  0.571369789219      0.138039023546E-17   1.88821397265       1.14273957844      0.171996389497      0.171996389497      0.227377010224    
   2.12500000000      0.315343881704E-02  0.585504196970      0.106417188883E-17   1.96324890959       1.17100839394      0.178936825474      0.178936825474      0.227630546023    
   2.18750000000      0.315253766076E-02  0.600268723123      0.447841036690E-18   2.03908340772       1.20053744625      0.186130681173      0.186130681173      0.228007360777    
   2.25000000000      0.315159726094E-02  0.615676214792      0.438240807833E-18   2.12364311824       1.23135242958      0.193583521764      0.193583521764      0.228509171264    
   2.31250000000      0.315061682934E-02  0.631739586680      0.833960233779E-18   2.20746406699       1.26347917336      0.201301084254      0.201301084254      0.229137418171    
   2.37500000000      0.314959556688E-02  0.648471930849      0.100449872356E-18   2.29674541875       1.29694386170      0.209289302648      0.209289302648      0.229893325553    
   2.43750000000      0.314853265526E-02  0.665886653813     -0.563300388709E-18   2.38856882812       1.33177330763      0.217554344303      0.217554344303      0.230777965207    
   2.50000000000      0.314742724696E-02  0.683997641740     -0.187972174118E-18   2.49138454513       1.36799528348      0.226102657798      0.226102657798      0.231792326144    
   2.56250000000      0.314627845331E-02  0.702819454124     -0.585314406132E-18   2.59884739812       1.40563890825      0.234941032320      0.234941032320      0.232937389484    
   2.62500000000      0.314508533102E-02  0.722367545869     -0.985913167300E-18   2.69979994200       1.44473509174      0.244076668262      0.244076668262      0.234214209345    
   2.68750000000      0.314384686686E-02  0.742658517439     -0.894482139978E-18   2.81720690829       1.48531703488      0.253517258424      0.253517258424      0.235624000590    
   2.75000000000      0.314256196075E-02  0.763710392505     -0.128697174023E-17   2.94075553086       1.52742078501      0.263271078877      0.263271078877      0.237168234752    
   2.81250000000      0.314122940715E-02  0.785542922384     -0.163282426989E-17   3.07604618906       1.57108584477      0.273347088199      0.273347088199      0.238848745987    
   2.87500000000      0.313984787489E-02  0.808177916621     -0.141815402973E-17   3.20447750181       1.61635583324      0.283755033533      0.283755033533      0.240667849555    
   2.93750000000      0.313841588541E-02  0.831639599182     -0.121167865849E-17   3.34925656821       1.66327919836      0.294505561542      0.294505561542      0.242628476098    
   3.00000000000      0.313693178951E-02  0.855954990027     -0.106421095952E-17   3.51119635631       1.71190998005      0.305610332101      0.305610332101      0.244734325825    
