   0.00000000000      0.917073504390E-02  0.375000000000     -0.320786354487E-07   1.67424066449      0.750000000000      0.967438849848E-01  0.965937151979E-01  0.181662399817    
  0.125000000000      0.916148016499E-02  0.379211990684     -0.322415240063E-07   1.72818405181      0.758423981367      0.981451345856E-01  0.979950742261E-01  0.183071781872    
  0.250000000000      0.915019519574E-02  0.384347897186     -0.323966187646E-07   1.77765674293      0.768695794373      0.999242884991E-01  0.997749713781E-01  0.184648637309    
  0.375000000000      0.913691161461E-02  0.390393393266     -0.325383439295E-07   1.82217455060      0.780786786532      0.102079608659      0.101931676812      0.186382107796    
  0.500000000000      0.912166732493E-02  0.397331228642     -0.326593264614E-07   1.86134047435      0.794662457285      0.104608208915      0.104462308964      0.188260710764    
  0.625000000000      0.910450608967E-02  0.405141486277     -0.327503379223E-07   1.89484571992      0.810282972553      0.107505997725      0.107362777069      0.190272711484    
  0.750000000000      0.908547710514E-02  0.413801776390     -0.328002859158E-07   1.92246768307      0.827603552779      0.110767604664      0.110627707552      0.192406464174    
  0.875000000000      0.906463469086E-02  0.423287377640     -0.327962628924E-07   1.94406529444      0.846574755281      0.114386300139      0.114250363688      0.194650713814    
   1.00000000000      0.904203803100E-02  0.433571354790     -0.327236568554E-07   1.95957229841      0.867142709580      0.118353922685      0.118222572895      0.196994859210    
   1.12500000000      0.901775087739E-02  0.444624693882     -0.325663253845E-07   1.96899897175      0.889249387763      0.122660830798      0.122534678629      0.199429184455    
   1.25000000000      0.899184111996E-02  0.456416497688     -0.323068322293E-07   1.97247408552      0.912832995376      0.127295895609      0.127175533156      0.201945068924    
   1.37500000000      0.896438015001E-02  0.468914275494     -0.319267429529E-07   1.97509688544      0.937828550988      0.132246546811      0.132132543626      0.204535185057    
   1.50000000000      0.893544197907E-02  0.482084344044     -0.314069727342E-07   2.01919605333      0.964168688088      0.137498877750      0.137391777343      0.207193688950    
   1.62500000000      0.890510212456E-02  0.495892334655     -0.307281756179E-07   2.07169120364      0.991784669310      0.143037807863      0.142938124424      0.209916402368    
   1.75000000000      0.887343632067E-02  0.510303779895     -0.298711597783E-07   2.12823333053       1.02060755979      0.148847293230      0.148755508615      0.212700978049    
   1.87500000000      0.884051914979E-02  0.525284736405     -0.288173096226E-07   2.18729644717       1.05056947281      0.154910570351      0.154827131391      0.215547034663    
   2.00000000000      0.880642270952E-02  0.540802391569     -0.275489924341E-07   2.24764699144       1.08160478314      0.161210415299      0.161135731507      0.218456244763    
   2.12500000000      0.877121542981E-02  0.556825601872     -0.260499266015E-07   2.30851977905       1.11365120374      0.167729400429      0.167663842182      0.221432359260    
   2.25000000000      0.873496113670E-02  0.573325319019     -0.243054895780E-07   2.36930634326       1.14665063804      0.174450133349      0.174394030643      0.224481155027    
   2.37500000000      0.869771842875E-02  0.590274873795     -0.223029468013E-07   2.42951642006       1.18054974759      0.181355467142      0.181309109002      0.227610297651    
   2.50000000000      0.865954039597E-02  0.607650103999     -0.200315871542E-07   2.48890141244       1.21530020800      0.188428675735      0.188392310353      0.230829117911    
   2.62500000000      0.862047467637E-02  0.625429328740     -0.174827551617E-07   2.54723687448       1.25085865748      0.195653592940      0.195627428589      0.234148307211    
   2.75000000000      0.858056381601E-02  0.643593184605     -0.146497745807E-07   2.60427331135       1.28718636921      0.203014717409      0.202998924142      0.237579543055    
   2.87500000000      0.853984587800E-02  0.662124348502     -0.115277615724E-07   2.65996104790       1.32424869700      0.210497288136      0.210492000237      0.241135060130    
   3.00000000000      0.849835523470E-02  0.681007177117     -0.811332882018E-08   2.71417549699       1.36201435423      0.218087336269      0.218092655368      0.244827185480    
   3.12500000000      0.845612347441E-02  0.700227294269     -0.440418447326E-08   2.76794857336       1.40045458854      0.225771718985      0.225787717719      0.248667857564    
   3.25000000000      0.841318035713E-02  0.719771155922     -0.398632904498E-09   2.82912796600       1.43954231184      0.233538140431      0.233564866460      0.252668149031    
   3.37500000000      0.836955476180E-02  0.739625619044      0.390501223537E-08   2.89777293739       1.47925123809      0.241375163467      0.241412643653      0.256837811925    
   3.50000000000      0.832527557796E-02  0.759777535817      0.850908712667E-08   2.97189227577       1.51955507163      0.249272214604      0.249320459096      0.261184862117    
   3.62500000000      0.828037250573E-02  0.780213389523      0.134172877566E-07   3.05062259607       1.56042677905      0.257219583203      0.257278589199      0.265715217121    
   3.75000000000      0.823487673995E-02  0.800918983158      0.186354025117E-07   3.13294519805       1.60183796632      0.265208414946      0.265278169870      0.270432398342    
   3.87500000000      0.818882152519E-02  0.821879186867      0.241720322292E-07   3.21896816994       1.64375837373      0.273230698819      0.273311182700      0.275337305348    
   4.00000000000      0.814224257787E-02  0.843077745776      0.300392560371E-07   3.30953843660       1.68615549155      0.281279246437      0.281370433283      0.280428066056    
   4.12500000000      0.809517838105E-02  0.864497145877      0.362531965732E-07   3.40719857094       1.72899429175      0.289347662378      0.289449520410      0.285699963090    
   4.25000000000      0.804767036344E-02  0.886118532514      0.428344351922E-07   3.50715598870       1.77223706503      0.297430304366      0.297542795008      0.291145433140    
   4.37500000000      0.799976298018E-02  0.907921673670      0.498082284481E-07   3.60832382405       1.81584334734      0.305522232419      0.305645308032      0.296754133219    
   4.50000000000      0.795150371490E-02  0.929884958983      0.572044803790E-07   3.71063425909       1.85976991797      0.313619146544      0.313752746936      0.302513065502    
   4.62500000000      0.790294302423E-02  0.951985425063      0.650574324705E-07   3.81362509519       1.90397085013      0.321717313076      0.321861360901      0.308406751086    
   4.75000000000      0.785413424355E-02  0.974198798343      0.734050434548E-07   3.91738215684       1.94839759669      0.329813480238      0.329967875449      0.314417442656    
   4.87500000000      0.780513347017E-02  0.996499548292      0.822880449586E-07   4.02178887358       1.99299909658      0.337904784056      0.338069397647      0.320525366589    
   5.00000000000      0.775599943424E-02   1.01886094614      0.917486746658E-07   4.12649625787       2.03772189229      0.345988646203      0.346163313495      0.326708986445    
