   0.00000000000      0.316628698882E-02  0.375000000000      0.180107624830E-18   2.00000000000      0.750000000000      0.625000000000E-01  0.625000000000E-01  0.250000000000    
  0.312500000000E-01  0.316626381028E-02  0.375010548810      0.365444932978E-18   1.99984718199      0.750021097621      0.625088480433E-01  0.625088480433E-01  0.249992852724    
  0.625000000000E-01  0.316619427529E-02  0.375042194960     -0.100323597951E-18   1.99938880301      0.750084389920      0.625353894528E-01  0.625353894528E-01  0.249971416054    
  0.937500000000E-01  0.316607838569E-02  0.375094937603      0.621099508142E-19   1.99862508812      0.750189875207      0.625796160694E-01  0.625796160694E-01  0.249935705465    
  0.125000000000      0.316591614460E-02  0.375168775325      0.157274303961E-18   1.99755641218      0.750337550650      0.626415143042E-01  0.626415143042E-01  0.249885746717    
  0.156250000000      0.316570755641E-02  0.375263706131      0.116925872131E-18   1.99618329952      0.750527412263      0.627210651524E-01  0.627210651524E-01  0.249821575827    
  0.187500000000      0.316545262678E-02  0.375379727438      0.408647296319E-18   1.99450642345      0.750759454875      0.628182442132E-01  0.628182442132E-01  0.249743239011    
  0.218750000000      0.316515136273E-02  0.375516836052     -0.866180031520E-20   1.99252660564      0.751033672104      0.629330217145E-01  0.629330217145E-01  0.249650792623    
  0.250000000000      0.316480377266E-02  0.375675028158      0.887598486485E-19   1.99024481540      0.751350056316      0.630653625441E-01  0.630653625441E-01  0.249544303070    
  0.281250000000      0.316440986636E-02  0.375854299290      0.217594835316E-19   1.98766216875      0.751708598579      0.632152262855E-01  0.632152262855E-01  0.249423846719    
  0.312500000000      0.316396965514E-02  0.376054644307     -0.536816976887E-18   1.98477992739      0.752109288613      0.633825672597E-01  0.633825672597E-01  0.249289509787    
  0.343750000000      0.316348315184E-02  0.376276057366      0.320260387345E-19   1.98159949764      0.752552114731      0.635673345717E-01  0.635673345717E-01  0.249141388222    
  0.375000000000      0.316295037091E-02  0.376518531887      0.137356435133E-18   1.97812242904      0.753037063773      0.637694721629E-01  0.637694721629E-01  0.248979587561    
  0.406250000000      0.316237132850E-02  0.376782060519      0.433061714970E-18   1.97435041302      0.753564121039      0.639889188676E-01  0.639889188676E-01  0.248804222784    
  0.437500000000      0.316174604255E-02  0.377066635103      0.404538943899E-18   1.97028528137      0.754133270206      0.642256084759E-01  0.642256084759E-01  0.248615418151    
  0.468750000000      0.316107453286E-02  0.377372246627      0.436625372792E-19   1.96592900451      0.754744493254      0.644794697998E-01  0.644794697998E-01  0.248413307027    
  0.500000000000      0.316035682118E-02  0.377698885184      0.144016852771E-18   1.96128368979      0.755397770368      0.647504267455E-01  0.647504267455E-01  0.248198031693    
  0.531250000000      0.315959293137E-02  0.378046539927      0.821646255084E-18   1.95635157957      0.756093079854      0.650383983896E-01  0.650383983896E-01  0.247969743148    
  0.562500000000      0.315878288942E-02  0.378415199017      0.215297913829E-18   1.95113504919      0.756830398035      0.653432990595E-01  0.653432990595E-01  0.247728600898    
  0.593750000000      0.315792672365E-02  0.378804849574      0.336069103336E-18   1.94563660486      0.757609699148      0.656650384191E-01  0.656650384191E-01  0.247474772736    
  0.625000000000      0.315702446476E-02  0.379215477620      0.602002178718E-19   1.93985888142      0.758430955240      0.660035215575E-01  0.660035215575E-01  0.247208434505    
  0.656250000000      0.315607614599E-02  0.379647068027      0.660300127298E-19   1.93380464001      0.759294136054      0.663586490825E-01  0.663586490825E-01  0.246929769862    
  0.687500000000      0.315508180326E-02  0.380099604455      0.578043630865E-18   1.92747676561      0.760199208910      0.667303172174E-01  0.667303172174E-01  0.246638970020    
  0.718750000000      0.315404147524E-02  0.380573069296      0.316100840415E-19   1.92087826453      0.761146138592      0.671184179019E-01  0.671184179019E-01  0.246336233492    
  0.750000000000      0.315295520355E-02  0.381067443611      0.524625894730E-20   1.91401226170      0.762134887221      0.675228388961E-01  0.675228388961E-01  0.246021765818    
  0.781250000000      0.315182303287E-02  0.381582707065      0.273574374592E-18   1.90688199804      0.763165414130      0.679434638880E-01  0.679434638880E-01  0.245695779289    
  0.812500000000      0.315064501109E-02  0.382118837869      0.270525884747E-18   1.89949082754      0.764237675737      0.683801726036E-01  0.683801726036E-01  0.245358492661    
  0.843750000000      0.314942118942E-02  0.382675812707      0.327324240450E-18   1.89184221443      0.765351625413      0.688328409207E-01  0.688328409207E-01  0.245010130865    
  0.875000000000      0.314815162260E-02  0.383253606676      0.999168610169E-18   1.88393973015      0.766507213352      0.693013409847E-01  0.693013409847E-01  0.244650924706    
  0.906250000000      0.314683636897E-02  0.383852193216      0.108968014720E-17   1.87578705033      0.767704386432      0.697855413269E-01  0.697855413269E-01  0.244281110562    
  0.937500000000      0.314547549069E-02  0.384471544043      0.106182857354E-17   1.86738795159      0.768943088085      0.702853069856E-01  0.702853069856E-01  0.243900930072    
  0.968750000000      0.314406905384E-02  0.385111629081      0.110446251156E-17   1.85874630843      0.770223258161      0.708004996285E-01  0.708004996285E-01  0.243510629824    
   1.00000000000      0.314261712859E-02  0.385772416393      0.727594990743E-18   1.84986608988      0.771544832786      0.713309776778E-01  0.713309776778E-01  0.243110461037    
   1.03125000000      0.314111978936E-02  0.386453872115      0.103196018174E-17   1.84075135625      0.772907744229      0.718765964363E-01  0.718765964363E-01  0.242700679242    
   1.06250000000      0.313957711494E-02  0.387155960383      0.112039064470E-17   1.83140625568      0.774311920766      0.724372082152E-01  0.724372082152E-01  0.242281543953    
   1.09375000000      0.313798918867E-02  0.387878643271      0.935822360710E-18   1.82183502077      0.775757286542      0.730126624630E-01  0.730126624630E-01  0.241853318345    
   1.12500000000      0.313635609858E-02  0.388621880719      0.125810908586E-17   1.81204196509      0.777243761438      0.736028058958E-01  0.736028058958E-01  0.241416268927    
   1.15625000000      0.313467793751E-02  0.389385630467      0.107124413929E-17   1.80203147965      0.778771260934      0.742074826279E-01  0.742074826279E-01  0.240970665211    
   1.18750000000      0.313295480331E-02  0.390169847990      0.640607989593E-18   1.79180802936      0.780339695979      0.748265343033E-01  0.748265343033E-01  0.240516779383    
   1.21875000000      0.313118679892E-02  0.390974486432      0.916053669506E-18   1.78137614943      0.781948972863      0.754598002276E-01  0.754598002276E-01  0.240054885976    
   1.25000000000      0.312937403256E-02  0.391799496542      0.812541781401E-18   1.77074044181      0.783598993084      0.761071175004E-01  0.761071175004E-01  0.239585261541    
   1.28125000000      0.312751661786E-02  0.392644826613      0.524296322263E-18   1.75990557149      0.785289653226      0.767683211471E-01  0.767683211471E-01  0.239108184319    
   1.31250000000      0.312561467395E-02  0.393510422418      0.808318881106E-19   1.74887626288      0.787020844836      0.774432442507E-01  0.774432442507E-01  0.238623933917    
   1.34375000000      0.312366832565E-02  0.394396227153      0.850024846055E-19   1.73765729615      0.788792454306      0.781317180839E-01  0.781317180839E-01  0.238132790985    
   1.37500000000      0.312167770358E-02  0.395302181378      0.716417194002E-18   1.72625350352      0.790604362756      0.788335722401E-01  0.788335722401E-01  0.237635036898    
   1.40625000000      0.311964294424E-02  0.396228222961      0.594352987219E-18   1.71466976563      0.792456445922      0.795486347633E-01  0.795486347633E-01  0.237130953434    
   1.43750000000      0.311756419019E-02  0.397174287026      0.844181089769E-18   1.70291100780      0.794348574052      0.802767322782E-01  0.802767322782E-01  0.236620822470    
   1.46875000000      0.311544159013E-02  0.398140305900      0.630868211670E-18   1.69098219638      0.796280611800      0.810176901179E-01  0.810176901179E-01  0.236104925664    
   1.50000000000      0.311327529900E-02  0.399126209064      0.413528944669E-18   1.67888833508      0.798252418127      0.817713324520E-01  0.817713324520E-01  0.235583544160    
   1.53125000000      0.311106547810E-02  0.400131923107      0.371398066056E-18   1.66663446130      0.800263846214      0.825374824114E-01  0.825374824114E-01  0.235056958284    
   1.56250000000      0.310881229519E-02  0.401157371683      0.295240441720E-18   1.65422564247      0.802314743365      0.833159622135E-01  0.833159622135E-01  0.234525447256    
   1.59375000000      0.310651592458E-02  0.402202475467      0.127963006597E-18   1.64166697246      0.804404950933      0.841065932841E-01  0.841065932841E-01  0.233989288898    
   1.62500000000      0.310417654717E-02  0.403267152119      0.181296236674E-18   1.62896356794      0.806534304238      0.849091963788E-01  0.849091963788E-01  0.233448759361    
   1.65625000000      0.310179435059E-02  0.404351316249      0.445528874956E-18   1.61612056482      0.808702632497      0.857235917013E-01  0.857235917013E-01  0.232904132846    
   1.68750000000      0.309936952926E-02  0.405454879381      0.106500944116E-18   1.60314311471      0.810909758762      0.865495990205E-01  0.865495990205E-01  0.232355681340    
   1.71875000000      0.309690228440E-02  0.406577749929      0.831694477407E-18   1.59003638141      0.813155499858      0.873870377853E-01  0.873870377853E-01  0.231803674359    
   1.75000000000      0.309439282416E-02  0.407719833166      0.231895362537E-18   1.57680553741      0.815439666332      0.882357272363E-01  0.882357272363E-01  0.231248378694    
   1.78125000000      0.309184136363E-02  0.408881031204      0.300910840113E-18   1.56345576049      0.817762062409      0.890954865165E-01  0.890954865165E-01  0.230690058172    
   1.81250000000      0.308924812487E-02  0.410061242975      0.384996561939E-18   1.54999223031      0.820122485950      0.899661347779E-01  0.899661347779E-01  0.230128973419    
   1.84375000000      0.308661333700E-02  0.411260364211     -0.201433525531E-18   1.53642012511      0.822520728422      0.908474912870E-01  0.908474912870E-01  0.229565381637    
   1.87500000000      0.308393723616E-02  0.412478287437     -0.272494421225E-18   1.52274461834      0.824956574874      0.917393755266E-01  0.917393755266E-01  0.228999536384    
   1.90625000000      0.308122006559E-02  0.413714901957     -0.523848355696E-18   1.50897087552      0.827429803914      0.926416072955E-01  0.926416072954E-01  0.228431687366    
   1.93750000000      0.307846207558E-02  0.414970093852     -0.227350340760E-18   1.49510405100      0.829940187705      0.935540068046E-01  0.935540068046E-01  0.227862080243    
   1.96875000000      0.307566352355E-02  0.416243745976     -0.173461170563E-18   1.48114928483      0.832487491953      0.944763947714E-01  0.944763947714E-01  0.227290956434    
   2.00000000000      0.307282467398E-02  0.417535737958     -0.752211397295E-18   1.46711169976      0.835071475915      0.954085925101E-01  0.954085925101E-01  0.226718552937    
   2.03125000000      0.306994579844E-02  0.418845946205     -0.815771096151E-18   1.45299639817      0.837691892410      0.963504220201E-01  0.963504220201E-01  0.226145102165    
   2.06250000000      0.306702717554E-02  0.420174243916     -0.938381983744E-18   1.43880845917      0.840348487832      0.973017060702E-01  0.973017060702E-01  0.225570831775    
   2.09375000000      0.306406909093E-02  0.421520501088     -0.986578244709E-18   1.42455293576      0.843041002177      0.982622682809E-01  0.982622682809E-01  0.224995964526    
   2.12500000000      0.306107183726E-02  0.422884584538     -0.130571974803E-17   1.41023485199      0.845769169075      0.992319332030E-01  0.992319332030E-01  0.224420718132    
   2.15625000000      0.305803571411E-02  0.424266357915     -0.146369059998E-17   1.39585920027      0.848532715831      0.100210526393      0.100210526393      0.223845305129    
   2.18750000000      0.305496102799E-02  0.425665681732     -0.160208867903E-17   1.38143093870      0.851331363464      0.101197874486      0.101197874486      0.223269932759    
   2.21875000000      0.305184809224E-02  0.427082413383     -0.159296623307E-17   1.36695498847      0.854164826766      0.102193805266      0.102193805266      0.222694802852    
   2.25000000000      0.304869722696E-02  0.428516407180     -0.163725325460E-17   1.35799517430      0.857032814360      0.103198147728      0.103198147728      0.222120111724    
   2.28125000000      0.304550875898E-02  0.429967514383     -0.185136491652E-17   1.35440550851      0.859935028766      0.104210732148      0.104210732148      0.221546050087    
   2.31250000000      0.304228302175E-02  0.431435583237     -0.191976773021E-17   1.35240372879      0.862871166475      0.105231390138      0.105231390138      0.220972802962    
   2.34375000000      0.303902035525E-02  0.432920459014     -0.181533351642E-17   1.35152991801      0.865840918028      0.106259954704      0.106259954704      0.220400549607    
   2.37500000000      0.303572110590E-02  0.434421984051     -0.191717234500E-17   1.35159809921      0.868843968102      0.107296260300      0.107296260300      0.219829463451    
   2.40625000000      0.303238562647E-02  0.435939997803     -0.239950443723E-17   1.35245936106      0.871879995606      0.108340142882      0.108340142882      0.219259712040    
   2.43750000000      0.302901427594E-02  0.437474336887     -0.229013328435E-17   1.35393830653      0.874948673774      0.109391439949      0.109391439949      0.218691456989    
   2.46875000000      0.302560741943E-02  0.439024835139     -0.268649676861E-17   1.35601738740      0.878049670278      0.110449990596      0.110449990596      0.218124853946    
   2.50000000000      0.302216542804E-02  0.440591323665     -0.241852989772E-17   1.35855447632      0.881182647329      0.111515635550      0.111515635550      0.217560052565    
   2.53125000000      0.301868867874E-02  0.442173630901     -0.289464627543E-17   1.36150691479      0.884347261803      0.112588217210      0.112588217210      0.216997196481    
   2.56250000000      0.301517755423E-02  0.443771582677     -0.264549945803E-17   1.36483165903      0.887543165355      0.113667579686      0.113667579686      0.216436423305    
   2.59375000000      0.301163244281E-02  0.445385002276     -0.241352455266E-17   1.36848544577      0.890770004552      0.114753568830      0.114753568830      0.215877864616    
   2.62500000000      0.300805373821E-02  0.447013710502     -0.264303188988E-17   1.37242670012      0.894027421003      0.115846032266      0.115846032266      0.215321645969    
   2.65625000000      0.300444183947E-02  0.448657525748     -0.264856348480E-17   1.37668260353      0.897315051496      0.116944819420      0.116944819420      0.214767886909    
   2.68750000000      0.300079715078E-02  0.450316264071     -0.250733446138E-17   1.38116044616      0.900632528141      0.118049781542      0.118049781542      0.214216700986    
   2.71875000000      0.299712008127E-02  0.451989739257     -0.259846718858E-17   1.38581069560      0.903979478514      0.119160771734      0.119160771734      0.213668195790    
   2.75000000000      0.299341104494E-02  0.453677762906     -0.265699520518E-17   1.39068000962      0.907355525812      0.120277644963      0.120277644963      0.213122472981    
   2.78125000000      0.298967046038E-02  0.455380144501     -0.236173347049E-17   1.39575898841      0.910760289002      0.121400258083      0.121400258083      0.212579628334    
   2.81250000000      0.298589875068E-02  0.457096691493     -0.240933537203E-17   1.40095306930      0.914193382985      0.122528469852      0.122528469852      0.212039751788    
   2.84375000000      0.298209634322E-02  0.458827209377     -0.248578752550E-17   1.40628230856      0.917654418753      0.123662140938      0.123662140938      0.211502927500    
   2.87500000000      0.297826366948E-02  0.460571501778     -0.255128907166E-17   1.41347999888      0.921143003557      0.124801133936      0.124801133936      0.210969233907    
   2.90625000000      0.297440116488E-02  0.462329370537     -0.288128202582E-17   1.42341575499      0.924658741074      0.125945313372      0.125945313372      0.210438743793    
   2.93750000000      0.297050926858E-02  0.464100615790     -0.292593432529E-17   1.43337022012      0.928201231579      0.127094545712      0.127094545712      0.209911524366    
   2.96875000000      0.296658842326E-02  0.465885036058     -0.293212440928E-17   1.44326975965      0.931770072117      0.128248699364      0.128248699364      0.209387637330    
   3.00000000000      0.296263907498E-02  0.467682428339     -0.329546778234E-17   1.45338323264      0.935364856679      0.129407644682      0.129407644682      0.208867138975    
   3.03125000000      0.295866167297E-02  0.469492588190     -0.306251405787E-17   1.46348649317      0.938985176381      0.130571253963      0.130571253963      0.208350080264    
   3.06250000000      0.295465666938E-02  0.471315309821     -0.273607572610E-17   1.47353388386      0.942630619642      0.131739401449      0.131739401449      0.207836506924    
   3.09375000000      0.295062451917E-02  0.473150386183     -0.276398766713E-17   1.48379341725      0.946300772365      0.132911963318      0.132911963318      0.207326459547    
   3.12500000000      0.294656567984E-02  0.474997609061     -0.303082296887E-17   1.49404904368      0.949995218122      0.134088817685      0.134088817685      0.206819973690    
   3.15625000000      0.294248061125E-02  0.476856769167     -0.325127755600E-17   1.50424786543      0.953713538334      0.135269844592      0.135269844592      0.206317079983    
   3.18750000000      0.293836977542E-02  0.478727656228     -0.320381831694E-17   1.51461671086      0.957455312455      0.136454925996      0.136454925996      0.205817804235    
   3.21875000000      0.293423363634E-02  0.480610059081     -0.284117494588E-17   1.52502793681      0.961220118162      0.137643945766      0.137643945766      0.205322167550    
   3.25000000000      0.293007265973E-02  0.482503765766     -0.294371437773E-17   1.53538142880      0.965007531532      0.138836789663      0.138836789663      0.204830186440    
   3.28125000000      0.292588731289E-02  0.484408563617     -0.332286952104E-17   1.54581724357      0.968817127234      0.140033345335      0.140033345335      0.204341872946    
   3.31250000000      0.292167806444E-02  0.486324239355     -0.356273398493E-17   1.55638690093      0.972648478710      0.141233502298      0.141233502298      0.203857234759    
   3.34375000000      0.291744538416E-02  0.488250579180     -0.352500932731E-17   1.56689789682      0.976501158360      0.142437151919      0.142437151919      0.203376275341    
   3.37500000000      0.291318974277E-02  0.490187368865     -0.391263879558E-17   1.57735221370      0.980374737730      0.143644187405      0.143644187405      0.202898994055    
   3.40625000000      0.290891161171E-02  0.492134393843     -0.362431599512E-17   1.58808266421      0.984268787687      0.144854503778      0.144854503778      0.202425386288    
   3.43750000000      0.290461146299E-02  0.494091439304     -0.397940026811E-17   1.59875352393      0.988182878609      0.146067997860      0.146067997860      0.201955443583    
   3.46875000000      0.290028976895E-02  0.496058290281     -0.441653044080E-17   1.60936270704      0.992116580561      0.147284568255      0.147284568255      0.201489153770    
   3.50000000000      0.289594700207E-02  0.498034731739     -0.444180920234E-17   1.62012470587      0.996069463478      0.148504115322      0.148504115322      0.201026501094    
   3.53125000000      0.289158363479E-02  0.500020548669     -0.448788131737E-17   1.63089679647       1.00004109734      0.149726541158      0.149726541158      0.200567466354    
   3.56250000000      0.288720013930E-02  0.502015526172     -0.454061001600E-17   1.64170695160       1.00403105234      0.150951749571      0.150951749571      0.200112027029    
   3.59375000000      0.288279698736E-02  0.504019449545     -0.453417453054E-17   1.65265225586       1.00803889909      0.152179646063      0.152179646063      0.199660157420    
   3.62500000000      0.287837465009E-02  0.506032104372     -0.452554733518E-17   1.66353925057       1.01206420874      0.153410137797      0.153410137797      0.199211828777    
   3.65625000000      0.287393359783E-02  0.508053276601     -0.463383568650E-17   1.67436594541       1.01610655320      0.154643133580      0.154643133580      0.198767009440    
   3.68750000000      0.286947429991E-02  0.510082752635     -0.455734329385E-17   1.68542104246       1.02016550527      0.155878543833      0.155878543833      0.198325664968    
   3.71875000000      0.286499722447E-02  0.512120319410     -0.454540227615E-17   1.69648035439       1.02424063882      0.157116280566      0.157116280566      0.197887758278    
   3.75000000000      0.286050283834E-02  0.514165764476     -0.473746670638E-17   1.70747851157       1.02833152895      0.158356257349      0.158356257349      0.197453249778    
   3.78125000000      0.285599160679E-02  0.516218876077     -0.473041639534E-17   1.71841351626       1.03243775215      0.159598389290      0.159598389290      0.197022097497    
   3.81250000000      0.285146399342E-02  0.518279443229     -0.458746275565E-17   1.72959266255       1.03655888646      0.160842593004      0.160842593004      0.196594257222    
   3.84375000000      0.284692045995E-02  0.520347255793     -0.460670776786E-17   1.74076278836       1.04069451159      0.162088786582      0.162088786582      0.196169682629    
   3.87500000000      0.284236146609E-02  0.522422104555     -0.469349599672E-17   1.75186887067       1.04484420911      0.163336889571      0.163336889571      0.195748325414    
   3.90625000000      0.283778746935E-02  0.524503781293     -0.485030614870E-17   1.76305361883       1.04900756259      0.164586822936      0.164586822936      0.195330135421    
   3.93750000000      0.283319892492E-02  0.526592078851     -0.517696831423E-17   1.77431203391       1.05318415770      0.165838509039      0.165838509039      0.194915060773    
   3.96875000000      0.282859628546E-02  0.528686791206     -0.556438051598E-17   1.78550939786       1.05737358241      0.167091871603      0.167091871603      0.194503048000    
   4.00000000000      0.282398000104E-02  0.530787713538     -0.564987127849E-17   1.79685746909       1.06157542708      0.168346835689      0.168346835689      0.194094042160    
   4.03125000000      0.281935051891E-02  0.532894642294     -0.564151091408E-17   1.80829718395       1.06578928459      0.169603327662      0.169603327662      0.193687986969    
   4.06250000000      0.281470828342E-02  0.535007375248     -0.568189492786E-17   1.81967502485       1.07001475050      0.170861275164      0.170861275164      0.193284824920    
   4.09375000000      0.281005373584E-02  0.537125711569     -0.580772960499E-17   1.83098907306       1.07425142314      0.172120607082      0.172120607082      0.192884497405    
   4.12500000000      0.280538731427E-02  0.539249451873     -0.548186489611E-17   1.84228554666       1.07849890375      0.173381253521      0.173381253521      0.192486944831    
   4.15625000000      0.280070945350E-02  0.541378398287     -0.535521125901E-17   1.85384260844       1.08275679657      0.174643145773      0.174643145773      0.192092106741    
   4.18750000000      0.279602058487E-02  0.543512354498     -0.549147600493E-17   1.86533500763       1.08702470900      0.175906216287      0.175906216287      0.191699921925    
   4.21875000000      0.279132113618E-02  0.545651125812     -0.536062619105E-17   1.87676081497       1.09130225162      0.177170398639      0.177170398639      0.191310328534    
   4.25000000000      0.278661153156E-02  0.547794519202     -0.528588040915E-17   1.88839469860       1.09558903840      0.178435627506      0.178435627506      0.190923264190    
   4.28125000000      0.278189219138E-02  0.549942343354     -0.545717949500E-17   1.90001356731       1.09988468671      0.179701838630      0.179701838630      0.190538666094    
   4.31250000000      0.277716353213E-02  0.552094408721     -0.569096107171E-17   1.91156952421       1.10418881744      0.180968968796      0.180968968796      0.190156471128    
   4.34375000000      0.277242596632E-02  0.554250527561     -0.573667409926E-17   1.92309143689       1.10850105512      0.182236955798      0.182236955798      0.189776615966    
   4.37500000000      0.276767990240E-02  0.556410513985     -0.558551051401E-17   1.93489602468       1.11282102797      0.183505738410      0.183505738410      0.189399037165    
   4.40625000000      0.276292574467E-02  0.558574183993     -0.569716613253E-17   1.94663685374       1.11714836799      0.184775256362      0.184775256362      0.189023671270    
   4.43750000000      0.275816389318E-02  0.560741355514     -0.555207482558E-17   1.95831208718       1.12148271103      0.186045450304      0.186045450304      0.188650454905    
   4.46875000000      0.275339474367E-02  0.562911848445     -0.569976080786E-17   1.96991990068       1.12582369689      0.187316261787      0.187316261787      0.188279324871    
   4.50000000000      0.274861868749E-02  0.565085484680     -0.551652377985E-17   1.98172883589       1.13017096936      0.188587633226      0.188587633226      0.187910218229    
   4.53125000000      0.274383611152E-02  0.567262088146     -0.569738209439E-17   1.99355985971       1.13452417629      0.189859507876      0.189859507876      0.187543072393    
   4.56250000000      0.273904739809E-02  0.569441484832     -0.586216569924E-17   2.00532768348       1.13888296966      0.191131829809      0.191131829809      0.187177825214    
   4.59375000000      0.273425292498E-02  0.571623502818     -0.576264069130E-17   2.01721526073       1.14324700564      0.192404543879      0.192404543879      0.186814415060    
   4.62500000000      0.272945306529E-02  0.573807972297     -0.575494796949E-17   2.02923634221       1.14761594459      0.193677595700      0.193677595700      0.186452780897    
   4.65625000000      0.272464818741E-02  0.575994725604     -0.586014985986E-17   2.04119336112       1.15198945121      0.194950931620      0.194950931620      0.186092862364    
   4.68750000000      0.271983865502E-02  0.578183597235     -0.570561965792E-17   2.05308458108       1.15636719447      0.196224498692      0.196224498692      0.185734599851    
   4.71875000000      0.271502482697E-02  0.580374423867     -0.590191460953E-17   2.06490827895       1.16074884773      0.197498244652      0.197498244652      0.185377934563    
   4.75000000000      0.271020705730E-02  0.582567044378     -0.605139411703E-17   2.07684099643       1.16513408876      0.198772117891      0.198772117891      0.185022808596    
   4.78125000000      0.270538569515E-02  0.584761299861     -0.622372892232E-17   2.08891730268       1.16952259972      0.200046067432      0.200046067432      0.184669164996    
   4.81250000000      0.270056108480E-02  0.586957033638     -0.612422300125E-17   2.10093078526       1.17391406728      0.201320042905      0.201320042905      0.184316947829    
   4.84375000000      0.269573356558E-02  0.589154091277     -0.613807899890E-17   2.11297965291       1.17830818255      0.202593994522      0.202593994522      0.183966102232    
   4.87500000000      0.269090347186E-02  0.591352320595     -0.635213958760E-17   2.12524877153       1.18270464119      0.203867873058      0.203867873058      0.183616574479    
   4.90625000000      0.268607113306E-02  0.593551571674     -0.603965577577E-17   2.13745417806       1.18710314335      0.205141629822      0.205141629822      0.183268312031    
   4.93750000000      0.268123687361E-02  0.595751696864     -0.621452373892E-17   2.14959423285       1.19150339373      0.206415216638      0.206415216638      0.182921263588    
   4.96875000000      0.267640101293E-02  0.597952550790     -0.684505224018E-17   2.16166730989       1.19590510158      0.207688585824      0.207688585824      0.182575379142    
   5.00000000000      0.267156386545E-02  0.600153990356     -0.679998522128E-17   2.17367179726       1.20030798071      0.208961690169      0.208961690169      0.182230610018    
