   0.00000000000      0.316628698882E-02  0.375000000000      0.995131480251E-19   2.00000000000      0.750000000000      0.625000000000E-01  0.625000000000E-01  0.250000000000    
  0.625000000000E-01  0.316626804368E-02  0.375137953689      0.628821989290E-19   1.99823373526      0.750275907377      0.625977317440E-01  0.625977317440E-01  0.249942490201    
  0.125000000000      0.316621115682E-02  0.375552190602      0.526478651300E-18   1.99294761078      0.751104381203      0.628908038776E-01  0.628908038776E-01  0.249770582846    
  0.187500000000      0.316611617386E-02  0.376243834932      0.736312899236E-18   1.98417944630      0.752487669865      0.633788504897E-01  0.633788504897E-01  0.249486133953    
  0.250000000000      0.316598283899E-02  0.377214749482      0.677871071317E-18   1.97199165034      0.754429498964      0.640612729404E-01  0.640612729404E-01  0.249092203601    
  0.312500000000      0.316581079715E-02  0.378467519632      0.548697327648E-18   1.95647029958      0.756935039265      0.649372563257E-01  0.649372563256E-01  0.248593006981    
  0.375000000000      0.316559959708E-02  0.380005431414      0.604965827061E-18   1.93772388178      0.760010862827      0.660057918295E-01  0.660057918295E-01  0.247993847755    
  0.437500000000      0.316534869503E-02  0.381832444125      0.895877212263E-18   1.91588173208      0.763664888251      0.672657043007E-01  0.672657043007E-01  0.247301035524    
  0.500000000000      0.316505745926E-02  0.383953158076      0.779123667331E-18   1.89109220014      0.767906316151      0.687156842411E-01  0.687156842411E-01  0.246521789593    
  0.562500000000      0.316472517499E-02  0.386372778048      0.112360932695E-17   1.86352059032      0.772745556096      0.703543232757E-01  0.703543232757E-01  0.245664131497    
  0.625000000000      0.316435104995E-02  0.389097073148      0.108435665013E-17   1.83334692156      0.778194146295      0.721801520906E-01  0.721801520906E-01  0.244736768966    
  0.687500000000      0.316393422029E-02  0.392132333664      0.107330315218E-17   1.80076355640      0.784264667328      0.741916797733E-01  0.741916797733E-01  0.243748974117    
  0.750000000000      0.316347375685E-02  0.395485325564      0.131241667004E-17   1.76597274900      0.790970651128      0.763874334765E-01  0.763874334765E-01  0.242710458611    
  0.812500000000      0.316296867163E-02  0.399163243172      0.176062437292E-17   1.72918416220      0.798326486345      0.787659973438E-01  0.787659973438E-01  0.241631248485    
  0.875000000000      0.316241792449E-02  0.403173660516      0.157933515898E-17   1.69061240118      0.806347321033      0.813260496909E-01  0.813260496909E-01  0.240521561135    
  0.937500000000      0.316182042996E-02  0.407524481732      0.147200795105E-17   1.65047460894      0.815048963464      0.840663975119E-01  0.840663975119E-01  0.239391686708    
   1.00000000000      0.316117506414E-02  0.412223890838      0.133960269303E-17   1.60898816342      0.824447781677      0.869860074939E-01  0.869860074939E-01  0.238251875850    
   1.06250000000      0.316048067162E-02  0.417280301108      0.164425932984E-17   1.56636851230      0.834560602216      0.900840328448E-01  0.900840328448E-01  0.237112235418    
   1.12500000000      0.315973607254E-02  0.422702304191      0.151921392359E-17   1.52282717507      0.845404608383      0.933598353913E-01  0.933598353913E-01  0.235982633409    
   1.18750000000      0.315894006950E-02  0.428498619117      0.112489009983E-17   1.47856993580      0.856997238234      0.968130025565E-01  0.968130025565E-01  0.234872614004    
   1.25000000000      0.315809145465E-02  0.434678041270      0.119648072796E-17   1.43379524420      0.869356082540      0.100443358998      0.100443358998      0.233791323274    
   1.31250000000      0.315718901662E-02  0.441249391488      0.139115394514E-17   1.38890342828      0.882498782977      0.104250972849      0.104250972849      0.232747445790    
   1.37500000000      0.315623154752E-02  0.448221465455      0.153789278102E-17   1.34945641388      0.896442930910      0.108236156686      0.108236156686      0.231749152083    
   1.43750000000      0.315521784976E-02  0.455602983683      0.167572795616E-17   1.33613945225      0.911205967365      0.112399463486      0.112399463486      0.230804056712    
   1.50000000000      0.315414674282E-02  0.463402542492      0.164886496658E-17   1.35162092131      0.926805084985      0.116741678008      0.116741678008      0.229919186476    
   1.56250000000      0.315301706975E-02  0.471628566560      0.167166748819E-17   1.39281629056      0.943257133120      0.121263804169      0.121263804169      0.229100958223    
   1.62500000000      0.315182770338E-02  0.480289263745      0.163195952763E-17   1.43620906453      0.960578527490      0.125967049070      0.125967049070      0.228355165605    
   1.68750000000      0.315057755207E-02  0.489392583100      0.214636280105E-17   1.48212989675      0.978785166200      0.130852804474      0.130852804474      0.227686974153    
   1.75000000000      0.314926556491E-02  0.498946177105      0.145951117313E-17   1.53064239367      0.997892354209      0.135922626556      0.135922626556      0.227100923992    
   1.81250000000      0.314789073618E-02  0.508957369291      0.149778744298E-17   1.58167144471       1.01791473858      0.141178214829      0.141178214829      0.226600939633    
   1.87500000000      0.314645210886E-02  0.519433128518      0.136263624587E-17   1.63554243378       1.03886625704      0.146621391117      0.146621391117      0.226190346283    
   1.93750000000      0.314494877707E-02  0.530380051191      0.155121256730E-17   1.69204688213       1.06076010238      0.152254079488      0.152254079488      0.225871892216    
   2.00000000000      0.314337988726E-02  0.541804352700      0.145321907254E-17   1.75115377071       1.08360870540      0.158078287947      0.158078287947      0.225647776805    
   2.06250000000      0.314174463796E-02  0.553711869261      0.141093400857E-17   1.81272994298       1.10742373852      0.164096092694      0.164096092694      0.225519683872    
   2.12500000000      0.314004227791E-02  0.566108071228      0.133943006255E-17   1.87735089254       1.13221614246      0.170309625582      0.170309625582      0.225488820065    
   2.18750000000      0.313827210263E-02  0.578998088722      0.171579926458E-17   1.94491690660       1.15799617744      0.176721065373      0.176721065373      0.225555957976    
   2.25000000000      0.313643344901E-02  0.592386750196      0.150404305109E-17   2.01576614075       1.18477350039      0.183332633220      0.183332633220      0.225721483756    
   2.31250000000      0.313452568827E-02  0.606278634282      0.119498493308E-17   2.08971566471       1.21255726856      0.190146592678      0.190146592678      0.225985448926    
   2.37500000000      0.313254821701E-02  0.620678134973      0.149750447955E-17   2.16677630262       1.24135626995      0.197165254423      0.197165254423      0.226347626127    
   2.43750000000      0.313050044639E-02  0.635589539877      0.109185047830E-17   2.24709251723       1.27117907975      0.204390985705      0.204390985705      0.226807568468    
   2.50000000000      0.312838178975E-02  0.651017120988      0.103131927475E-17   2.33012711308       1.30203424198      0.211826224409      0.211826224409      0.227364672169    
   2.56250000000      0.312619164849E-02  0.666965237153      0.126956416678E-17   2.41830433626       1.33393047431      0.219473497494      0.219473497494      0.228018242165    
   2.62500000000      0.312392939655E-02  0.683438447138      0.125456677401E-17   2.50968438049       1.36687689428      0.227335443401      0.227335443401      0.228767560335    
   2.68750000000      0.312159436363E-02  0.700441631973      0.138863662572E-17   2.60363666629       1.40088326395      0.235414837933      0.235414837933      0.229611956107    
   2.75000000000      0.311918581727E-02  0.717980125121      0.101226118692E-17   2.70358975808       1.43596025024      0.243714622970      0.243714622970      0.230550879181    
   2.81250000000      0.311670294418E-02  0.736059848815      0.109298899992E-17   2.80518893412       1.47211969763      0.252237937275      0.252237937275      0.231583974264    
   2.87500000000      0.311414483087E-02  0.754687454895      0.997041624255E-18   2.91418767852       1.50937490979      0.260988148558      0.260988148558      0.232711157780    
   2.93750000000      0.311151044393E-02  0.773870468394      0.679978612281E-18   3.02539630667       1.54774093679      0.269968885867      0.269968885867      0.233932696661    
   3.00000000000      0.310879861016E-02  0.793617432177      0.995903643856E-18   3.14477201245       1.58723486435      0.279184071345      0.279184071345      0.235249289486    
