   0.00000000000      0.210508842732E-02  0.375000000000     -0.100959014758E-04   2.29895254488      0.750000000000      0.814600771342E-01  0.821124005381E-01  0.211427522328    
  0.625000000000E-01  0.210480618788E-02  0.379624139515     -0.100951799319E-04   2.28188935514      0.759248279030      0.839448300119E-01  0.845991107256E-01  0.211080198777    
  0.125000000000      0.210448604187E-02  0.384869338142     -0.100944413221E-04   2.26728508210      0.769738676284      0.867022127340E-01  0.873575485017E-01  0.210809576906    
  0.187500000000      0.210412474870E-02  0.390788687215     -0.100937004077E-04   2.29039654245      0.781577374429      0.897450080583E-01  0.904004446867E-01  0.210643234470    
  0.250000000000      0.210371859220E-02  0.397443069966     -0.100929751085E-04   2.36740333815      0.794886139932      0.930879112380E-01  0.937424433743E-01  0.210612715354    
  0.312500000000      0.210326334193E-02  0.404901794287     -0.100922866773E-04   2.45023623079      0.809803588575      0.967476649306E-01  0.974002364075E-01  0.210753892949    
  0.375000000000      0.210275422447E-02  0.413243063358     -0.100916596810E-04   2.53954337703      0.826486126715      0.100743133959      0.101392637263      0.211107292136    
  0.437500000000      0.210218591283E-02  0.422554148876     -0.100911216808E-04   2.63580158208      0.845108297752      0.105095284886      0.105740559277      0.211718304712    
  0.500000000000      0.210155254462E-02  0.432931094211     -0.100907024630E-04   2.74201767724      0.865862188423      0.109827028669      0.110466856465      0.212637209078    
  0.562500000000      0.210084778085E-02  0.444477751278     -0.100904326523E-04   2.85979470706      0.888955502555      0.114962882404      0.115595983028      0.213918885846    
  0.625000000000      0.210006491682E-02  0.457303964298     -0.100903415200E-04   2.98744183537      0.914607928596      0.120528412928      0.121153434443      0.215622116928    
  0.687500000000      0.209919705268E-02  0.471522776907     -0.100904538269E-04   3.12834280074      0.943045553814      0.126549445183      0.127164953327      0.217808378397    
  0.750000000000      0.209823732310E-02  0.487246669423     -0.100907856184E-04   3.28670693016      0.974493338845      0.133051054073      0.133655519156      0.220540096194    
  0.812500000000      0.209717917412E-02  0.504583022490     -0.100913390481E-04   3.45701998122       1.00916604498      0.140056406388      0.140648188835      0.223878427267    
  0.875000000000      0.209601666251E-02  0.523629212316     -0.100920965341E-04   3.64614994624       1.04725842463      0.147585568504      0.148162904175      0.227880739636    
  0.937500000000      0.209474474273E-02  0.544467905646     -0.100930148132E-04   3.85520346564       1.08893581129      0.155654429396      0.156215415979      0.232598060271    
   1.00000000000      0.209335950419E-02  0.567163171405     -0.100940196785E-04   4.07637301856       1.13432634281      0.164273891440      0.164816477130      0.238072802835    
   1.06250000000      0.209185832709E-02  0.591757925071     -0.100950022710E-04   4.31057900850       1.18351585014      0.173449447136      0.173971422510      0.244337055424    
   1.12500000000      0.209023993954E-02  0.618272992240     -0.100958176855E-04   4.56087465728       1.23654598448      0.183181195812      0.183680189348      0.251411607080    
   1.18750000000      0.208850437595E-02  0.646707790858     -0.100962863526E-04   4.80936425059       1.29341558172      0.193464279552      0.193937756774      0.259305754532    
   1.25000000000      0.208665285237E-02  0.677042375216     -0.100961982435E-04   5.08839905733       1.35408475043      0.204289653620      0.204734919487      0.268017802109    
   1.31250000000      0.208468758419E-02  0.709240424210     -0.100953195394E-04   5.35848384791       1.41848084842      0.215645068361      0.216059272238      0.277536083611    
   1.37500000000      0.208261157440E-02  0.743252711989     -0.100934011021E-04   5.62788054586       1.48650542398      0.227516131032      0.227896273512      0.287840307445    
   1.43750000000      0.208042839736E-02  0.779020651027     -0.100901879337E-04   5.90362097930       1.55804130205      0.239887331939      0.240230272798      0.298903046290    
   1.50000000000      0.207814199658E-02  0.816479605378     -0.100854288117E-04   6.21077746980       1.63295921076      0.252742949934      0.253045416644      0.310691238800    
   1.56250000000      0.207575650746E-02  0.855561794921     -0.100788853880E-04   6.50422894858       1.71112358984      0.266067787871      0.266326384311      0.323167622739    
   1.62500000000      0.207327610916E-02  0.896198721216     -0.100703402032E-04   6.80042131417       1.79239744243      0.279847721747      0.280058937021      0.336292062449    
   1.68750000000      0.207070490495E-02  0.938323128307     -0.100596032538E-04   7.09777094535       1.87664625661      0.294070073603      0.294230291119      0.350022763585    
   1.75000000000      0.206804682681E-02  0.981870565203     -0.100465169348E-04   7.38082962374       1.96374113041      0.308723836093      0.308829343363      0.364317385748    
   1.81250000000      0.206530555858E-02   1.02678064562     -0.100309593569E-04   7.68771584102       2.05356129124      0.323799786155      0.323846786041      0.379134073425    
   1.87500000000      0.206248447095E-02   1.07299811266     -0.100128461890E-04   7.98644819792       2.14599622532      0.339290527611      0.339275152059      0.394432432991    
   1.93750000000      0.205958656168E-02   1.12047381959     -0.999213130505E-05   8.27274141153       2.24094763918      0.355190499497      0.355108827111      0.410174492984    
   2.00000000000      0.205661439397E-02   1.16916573987     -0.996880659720E-05   8.59500311038       2.33833147974      0.371495980401      0.371344059511      0.426325699956    
   2.06250000000      0.205357002581E-02   1.21904012529     -0.994290136932E-05   8.91351889416       2.43808025058      0.388205110618      0.387978989706      0.442856024965    
   2.12500000000      0.205045492231E-02   1.27007294373     -0.991448172327E-05   9.22675105541       2.54014588746      0.405317944746      0.405013712084      0.459741286900    
   2.18750000000      0.204726984176E-02   1.32225174580     -0.988365030971E-05   9.54754051579       2.64450349160      0.422836537096      0.422450371070      0.476964837634    
   2.25000000000      0.204401468547E-02   1.37557812573     -0.985054672330E-05   9.91172594152       2.75115625146      0.440765048984      0.440293279754      0.494519796991    
   2.31250000000      0.204068830148E-02   1.43007093836     -0.981534866839E-05   10.2855720979       2.86014187672      0.459109845849      0.458549027647      0.512412064864    
   2.37500000000      0.203728823528E-02   1.48577038223     -0.977827377324E-05   10.6731794245       2.97154076447      0.477879517035      0.477226508917      0.530664356282    
   2.43750000000      0.203381042953E-02   1.54274291927     -0.973958153948E-05   11.0790814810       3.08548583855      0.497084698978      0.496336750817      0.549321469477    
   2.50000000000      0.203024889070E-02   1.60108673580     -0.969957434833E-05   11.5066561484       3.20217347160      0.516737522931      0.515892363821      0.568456849051    
   2.56250000000      0.202659536553E-02   1.66093704171     -0.965859576584E-05   11.9545330431       3.32187408342      0.536850475860      0.535906404632      0.588180161220    
   2.62500000000      0.202283910165E-02   1.72246999191     -0.961702386177E-05   12.4113061958       3.44493998382      0.557434523257      0.556390504991      0.608644963664    
   2.68750000000      0.201896679683E-02   1.78590351777     -0.957525740087E-05   12.8699865781       3.57180703554      0.578496572122      0.577352347662      0.630054597985    
   2.75000000000      0.201496285772E-02   1.85149308995     -0.953369419227E-05   13.3518649565       3.70298617991      0.600036778601      0.598792991128      0.652663320224    
   2.81250000000      0.201081007402E-02   1.91952067706     -0.949270378650E-05   14.0360371553       3.83904135413      0.622046714510      0.620705043470      0.676768919084    
   2.87500000000      0.200649075281E-02   1.99027616722     -0.945260023466E-05   14.6406383598       3.98055233444      0.644509694343      0.643072963473      0.702693509404    
   2.93750000000      0.200198824694E-02   2.06403233426     -0.941362276213E-05   15.2878135896       4.12806466851      0.667404228533      0.665876432859      0.730751672863    
   3.00000000000      0.199728867204E-02   2.14101670566     -0.937593088070E-05   16.0234749365       4.28203341132      0.690710414255      0.689096611734      0.761209679671    
   3.06250000000      0.199238248967E-02   2.22138560987     -0.933961540607E-05   16.8464304064       4.44277121974      0.714417464385      0.712723517995      0.794244627487    
   3.12500000000      0.198726559924E-02   2.30520625627     -0.930472048712E-05   17.6062397498       4.61041251255      0.738529458564      0.736761688064      0.829915109647    
   3.18750000000      0.198193966337E-02   2.39245136837     -0.927126750443E-05   18.4864777039       4.78490273673      0.763066751706      0.761231622202      0.868152994459    
   3.25000000000      0.197641157049E-02   2.48300796544     -0.923927091347E-05   19.2749308503       4.96601593087      0.788062425142      0.786166407211      0.908779133084    
   3.31250000000      0.197069214984E-02   2.57669841745     -0.920873726705E-05   19.8976762672       5.15339683489      0.813555655916      0.811605306096      0.951537455435    
   3.37500000000      0.196479442788E-02   2.67330903571     -0.917964025433E-05   20.6275391554       5.34661807142      0.839585366711      0.837587519251      0.996136149750    
   3.43750000000      0.195873180449E-02   2.77261998195     -0.915186833804E-05   21.1194421932       5.54523996389      0.866187172513      0.864148979153       1.04228383028    
   3.50000000000      0.195251651407E-02   2.87443049780     -0.912515100594E-05   21.6248131675       5.74886099561      0.893394890767      0.891323385400       1.08971222164    
   3.56250000000      0.194615862528E-02   2.97857529931     -0.909898457877E-05   21.8630859586       5.95715059862      0.921245869890      0.919146818175       1.13818261124    
   3.62500000000      0.193966565548E-02   3.08493089797     -0.907259113472E-05   22.1171912795       6.16986179594      0.949788034161      0.947664029309       1.18747883450    
   3.68750000000      0.193304269523E-02   3.19341357376     -0.904494250143E-05   22.1486882416       6.38682714752      0.979086122305      0.976934122293       1.23739332916    
   3.75000000000      0.192629282383E-02   3.30397259732     -0.901485923424E-05   22.1752471457       6.60794519464       1.00922496163       1.00703363826       1.28771399743    
   3.81250000000      0.191941758592E-02   3.41658246340     -0.898115975711E-05   22.0608415986       6.83316492681       1.04030850924       1.03805584778       1.33821810638    
   3.87500000000      0.191241737554E-02   3.53123664632     -0.894280699885E-05   21.9007523976       7.06247329264       1.07245456171       1.07010611770       1.38867596692    
   3.93750000000      0.190529167709E-02   3.64794369150     -0.889899755249E-05   21.7108946344       7.29588738300       1.10578624368       1.10329436460       1.43886308321    
   4.00000000000      0.189803918624E-02   3.76672524960     -0.884916490735E-05   21.4670158370       7.53345049919       1.14042235561       1.13772653553       1.48857635846    
   4.06250000000      0.189065786459E-02   3.88761515771     -0.879290754415E-05   21.0518093494       7.77523031541       1.17646902789       1.17349739675       1.53764873307    
   4.12500000000      0.188314500338E-02   4.01065833629     -0.872987981906E-05   20.7447904043       8.02131667259       1.21401456636       1.21068632506       1.58595744487    
   4.18750000000      0.187549741437E-02   4.13590757410     -0.865968361815E-05   20.6713651303       8.27181514821       1.25312795122       1.24935635052       1.63342327237    
   4.25000000000      0.186771191108E-02   4.26341555563     -0.858177937669E-05   21.8875844525       8.52683111125       1.29385988433       1.28955512617       1.68000054513    
   4.31250000000      0.185978622125E-02   4.39321985003     -0.849542219163E-05   23.2310407886       8.78643970005       1.33624453563       1.33131579241       1.72565952199    
   4.37500000000      0.185172033400E-02   4.52532082026     -0.839964553044E-05   24.7406548108       9.05064164053       1.38030061645       1.37465627477       1.77036392905    
   4.43750000000      0.184351805165E-02   4.65965622194     -0.829335718806E-05   26.4460626199       9.31931244389       1.42603165505       1.41957692877       1.81404763813    
   4.50000000000      0.183518825687E-02   4.79608049030     -0.817563908316E-05   28.1933008715       9.59216098060       1.47342660970       1.46605789044       1.85659599016    
   4.56250000000      0.182674521605E-02   4.93435982086     -0.804629774413E-05   29.8375977070       9.86871964173       1.52246264852       1.51405859624       1.89783857610    
   4.62500000000      0.181820724597E-02   5.07419404283     -0.790657187545E-05   31.8367544581       10.1483880857       1.57311131226       1.56352223023       1.93756050034    
   4.68750000000      0.180959343391E-02   5.21527034230     -0.775972718754E-05   33.6272588846       10.4305406846       1.62534615841       1.61438618743       1.97553799646    
   4.75000000000      0.180091892352E-02   5.35734042985     -0.761120017317E-05   35.0507460271       10.7146808597       1.67914383999       1.66659486410       2.01160172577    
   4.81250000000      0.179219044944E-02   5.50029358902     -0.746811752904E-05   36.5603322248       11.0005871780       1.73446384589       1.72010400440       2.04572573873    
   4.87500000000      0.178340482717E-02   5.64418129283     -0.733836974758E-05   37.7485282225       11.2883625857       1.79119162316       1.77486066738       2.07812900229    
   4.93750000000      0.177455307282E-02   5.78914971657     -0.722969590814E-05   39.5067168253       11.5782994331       1.84904398496       1.83074641366       2.10935931796    
   5.00000000000      0.176563081523E-02   5.93526939070     -0.714917846996E-05   42.2002336073       11.8705387814       1.90746619361       1.88748847687       2.14031472022    
