                   0  -2.96763002463       0.00000000000       0.00000000000       0.00000000000                       0
                   1  -3.95121684404      0.390257492114E-05  0.483696202952       0.00000000000                       3
                   2  -4.41881745330      0.115719059014E-05  0.294988813294      0.302008666084                       0
                   3  -4.44311346907      0.120796937691E-06  0.631876294665E-01  0.177891748729E-01                   0
                   4  -4.49358500960      0.940337296684E-07  0.867162084096E-01  0.772655223080                       0
                   5  -4.49448320603      0.784109375905E-07  0.509845411622E-02  0.989157519039                       0
                   6  -4.51751684793      0.186013226788E-05  0.472155821676E-01   24.0045160737                       0
                   7  -4.55102206983      0.350168930269E-04  0.479201151258E-01   15.2291028154                       0
                   8  -4.55818096753      0.613443740721E-05  0.221749644834E-01  0.353727535870                       0
                   9  -4.56028382794      0.174858992659E-05  0.107956691292E-01  0.419145066753                       0
                  10  -4.56371852614      0.475514643544E-06  0.110059485718E-01  0.298511550676                       0
                  11  -4.56698929921      0.737253425553E-05  0.124978442360E-01   15.9340327889                       0
                  12  -4.59199109064      0.141362243860E-03  0.532908471242E-01   19.2184603695                       0
                  13  -4.59858270986      0.140158149650E-04  0.156552652660E-01  0.703215545506E-01                   0
                  14  -4.60716037212      0.213518896850E-03  0.179993037210E-01   15.4878032540                       0
                  15  -4.60873441439      0.813281208203E-04  0.666071534179E-02  0.135598184751                       0
                  16  -4.61032456234      0.229777622352E-04  0.667722549427E-02  0.295794501735                       0
                  17  -4.61546902381      0.695093230676E-04  0.131332077567E-01   3.16438548882                       0
                  18  -4.61665640616      0.395680706809E-04  0.571198318829E-02  0.801270332510                       0
                  19  -4.61748282966      0.235357985542E-04  0.629430467354E-02  0.696150724082                       0
                  20  -4.61760033299      0.328810933674E-05  0.162590805378E-02   0.00000000000                       3
                  21  -4.61821496441      0.515268433668E-05  0.445784997213E-02   1.63415933357                       0
                  22  -4.61877793871      0.151607536940E-04  0.427621585938E-02   3.28893769997                       0
                  23  -4.61890076765      0.325259504021E-05  0.203562432498E-02  0.298001746662                       0
                  24  -4.61906078405      0.343433302344E-05  0.274813164118E-02   1.14985874833                       0
                  25  -4.61949340911      0.284895869979E-05  0.457142238473E-02  0.954560751837                       0
                  26  -4.62014784400      0.150616635037E-04  0.575115402783E-02   5.73857449883                       0
                  27  -4.62067522890      0.131592039597E-04  0.547544632541E-02   1.02796048035                       0
                  28  -4.62072871433      0.216708748940E-05  0.132295017280E-02  0.288404272179                       0
                  29  -4.62082602410      0.806060761839E-06  0.179276476572E-02  0.458559920523                       0
                  30  -4.62152011741      0.468506608702E-05  0.685339071762E-02   6.21503844897                       0
                  31  -4.62226599721      0.160958582304E-04  0.620102795318E-02   3.25631075583                       0
                  32  -4.62269591939      0.131165016509E-04  0.448672501825E-02  0.932009555270                       0
                  33  -4.62294305091      0.677614031789E-05  0.295553663413E-02  0.584702041620                       0
                  34  -4.62368424642      0.654213238209E-05  0.581048216348E-02   1.09259319653                       0
                  35  -4.62514645863      0.190467352417E-04  0.761067727637E-02   3.25758830496                       0
                  36  -4.62660203385      0.467241722556E-04  0.786855136618E-02   2.68169890308                       0
                  37  -4.62717862869      0.113597305592E-04  0.492788681413E-02  0.353153691368                       0
                  38  -4.62809438670      0.145915185115E-04  0.662937217209E-02   1.43505223785                       0
                  39  -4.62955349073      0.220566859626E-04  0.739517519456E-02   1.68852405476                       0
                  40  -4.63045954979      0.582065660562E-04  0.472044736444E-02   0.00000000000                       3
                  41  -4.63084007790      0.102662951236E-04  0.400958093859E-02  0.179182026719                       0
                  42  -4.63133671591      0.719176806065E-05  0.477812277674E-02  0.783366557997                       0
                  43  -4.63216322389      0.110891997107E-04  0.509011296245E-02   1.68282752336                       0
                  44  -4.63312591945      0.288914781785E-04  0.616768765094E-02   2.80699488289                       0
                  45  -4.63340414784      0.620389894765E-05  0.359341072577E-02  0.347871618404                       0
                  46  -4.63365543079      0.442559680713E-05  0.303106976444E-02  0.839177001894                       0
                  47  -4.63447749832      0.101467790203E-04  0.739246716618E-02   2.44872581606                       0
                  48  -4.63489544558      0.129561419017E-04  0.457767015581E-02   1.58511956619                       0
                  49  -4.63508564687      0.568380844512E-05  0.305995261628E-02  0.527791937377                       0
                  50  -4.63515480129      0.235734168752E-05  0.164275371626E-02  0.490569830919                       0
                  51  -4.63523847925      0.919598160643E-06  0.160007965162E-02  0.480930044322                       0
                  52  -4.63536705108      0.299303896036E-05  0.216485470074E-02   3.50114388612                       0
                  53  -4.63540577824      0.107517018452E-05  0.116021119139E-02  0.414085242858                       0
                  54  -4.63544175664      0.644958175814E-06  0.110304610690E-02  0.705529773850                       0
                  55  -4.63557639776      0.131728657157E-05  0.231083499000E-02   2.22090377930                       0
                  56  -4.63573774644      0.373386541484E-05  0.252161832757E-02   3.04842831184                       0
                  57  -4.63580125072      0.184618471914E-05  0.142207367734E-02  0.613521431497                       0
                  58  -4.63592043201      0.166765110791E-05  0.239287561456E-02   1.02264866559                       0
                  59  -4.63607624764      0.227714734744E-05  0.230592416085E-02   1.61049595434                       0
                  60  -4.63615898171      0.511239152593E-05  0.138190613624E-02   0.00000000000                       3
                  61  -4.63622099577      0.119746023558E-05  0.170812996829E-02  0.247343963776                       0
                  62  -4.63629421017      0.815502667052E-06  0.162246011309E-02  0.773392247176                       0
                  63  -4.63643506979      0.229159606849E-05  0.210567158841E-02   3.05658749609                       0
                  64  -4.63654532767      0.381986869560E-05  0.198434593261E-02   1.71397961285                       0
                  65  -4.63657559033      0.763687344664E-06  0.115964104954E-02  0.274104850301                       0
                  66  -4.63659354040      0.364540392172E-06  0.694643674539E-03  0.531758671023                       0
                  67  -4.63670991776      0.734462760955E-06  0.233295873518E-02   2.19236635271                       0
                  68  -4.63684843628      0.254410601395E-05  0.268507944174E-02   3.73113821565                       0
                  69  -4.63695802182      0.354422721445E-05  0.242135244692E-02   1.39469766520                       0
                  70  -4.63700919564      0.132994551616E-05  0.131695843570E-02  0.388128937853                       0
                  71  -4.63713977458      0.123651183663E-05  0.219190571570E-02   1.06445162475                       0
                  72  -4.63725773489      0.339727323052E-05  0.238474066147E-02   2.98388135228                       0
                  73  -4.63732510033      0.158582830001E-05  0.213345891964E-02  0.416767719936                       0
                  74  -4.63735790359      0.703094783538E-06  0.938435071883E-03  0.368925460977                       0
                  75  -4.63748987854      0.132635598440E-05  0.208886505752E-02   2.01332338126                       0
                  76  -4.63764505399      0.241978219027E-05  0.284631700485E-02   1.99987431277                       0
                  77  -4.63772200480      0.288473780314E-05  0.192079457289E-02   1.15062411025                       0
                  78  -4.63779559951      0.129000593651E-05  0.167317929135E-02  0.412552614121                       0
                  79  -4.63793723886      0.204256081336E-05  0.206816339759E-02   1.71821961183                       0
                  80  -4.63801283505      0.346335281716E-05  0.145559959404E-02   0.00000000000                       3
                  81  -4.63807704509      0.152937013849E-05  0.201279380182E-02  0.508390425082                       0
                  82  -4.63809881026      0.157516102730E-06  0.939753550973E-03  0.188707784186                       0
                  83  -4.63815206927      0.869409331971E-06  0.149969448746E-02   5.81826742272                       0
                  84  -4.63818932945      0.120323005682E-05  0.113033650603E-02   1.49835121630                       0
                  85  -4.63827378756      0.542014575701E-06  0.197230330106E-02  0.608629975691                       0
                  86  -4.63846505921      0.267012317129E-05  0.274946906698E-02   5.34664187066                       0
                  87  -4.63897277566      0.734866687004E-05  0.602665849630E-02   3.09493711413                       0
                  88  -4.63915048914      0.383249268577E-05  0.324235973283E-02  0.718892936071                       0
                  89  -4.63924534731      0.327213318034E-05  0.214927429393E-02  0.958318078886                       0
                  90  -4.63934228984      0.134665227195E-05  0.184864505595E-02  0.438746196530                       0
                  91  -4.63974813530      0.353510194101E-05  0.407665319333E-02   2.86733707286                       0
                  92  -4.64000327162      0.896005919531E-05  0.274933611558E-02   2.71183277258                       0
                  93  -4.64031287537      0.418740080337E-05  0.395313258744E-02  0.573337743331                       0
                  94  -4.64060351617      0.604298071585E-05  0.314247971210E-02   1.66807341405                       0
                  95  -4.64146378331      0.955847423590E-05  0.579722294046E-02   1.72746732881                       0
                  96  -4.64208083430      0.188215475390E-04  0.475647143150E-02   2.31296608352                       0
                  97  -4.64262153409      0.863227277217E-05  0.464588607622E-02  0.576682008331                       0
                  98  -4.64398118472      0.164957753874E-04  0.786179144647E-02   2.13133157044                       0
                  99  -4.64683687255      0.468195325160E-04  0.134583335310E-01   3.11810171875                       0
                 100  -4.64734640461      0.345593599249E-04  0.340848544021E-02   0.00000000000                       3
                 101  -4.64755306373      0.495932365021E-05  0.283720931301E-02  0.145029013822                       0
                 102  -4.64789799476      0.448720964838E-05  0.378085308959E-02   1.00927239270                       0
                 103  -4.64818129359      0.623144326554E-05  0.283875419574E-02   1.51622406122                       0
                 104  -4.64839127138      0.733226019246E-05  0.282035159482E-02   1.27644156197                       0
                 105  -4.64845039750      0.107842635309E-05  0.157270613612E-02  0.232284542357                       0
                 106  -4.64849442875      0.976069264354E-06  0.112092067079E-02   1.03462023965                       0
                 107  -4.64858604451      0.140012151890E-05  0.197553630880E-02   1.55291782453                       0
                 108  -4.64861808723      0.944283104891E-06  0.107698531126E-02  0.874614791439                       0
                 109  -4.64865695656      0.655874348735E-06  0.133122709085E-02  0.775131150107                       0
                 110  -4.64870073153      0.823859219095E-06  0.131116451853E-02   1.40215361300                       0
                 111  -4.64879247202      0.111761765524E-05  0.211632777857E-02   1.58522562108                       0
                 112  -4.64883550862      0.170926771983E-05  0.130754590314E-02   1.70789863557                       0
                 113  -4.64885466691      0.311893387069E-06  0.850707918896E-03  0.249728050006                       0
                 114  -4.64889642506      0.584355795889E-06  0.130935364585E-02   2.04759610603                       0
                 115  -4.64895359505      0.109113409800E-05  0.161845015585E-02   2.05173611382                       0
                 116  -4.64897020984      0.706885938927E-06  0.753604187717E-03  0.859246500938                       0
                 117  -4.64899500198      0.183130362910E-06  0.103159917696E-02  0.301580886657                       0
                 118  -4.64904971573      0.933868392474E-06  0.146039177900E-02   5.51125963582                       0
                 119  -4.64918420405      0.172525650630E-05  0.242297467693E-02   1.71978889065                       0
                 120  -4.64923186628      0.274654657657E-05  0.111286098625E-02   0.00000000000                       3
                 121  -4.64925966558      0.677599118337E-06  0.921464270921E-03  0.248159257875                       0
                 122  -4.64932282476      0.817195831135E-06  0.148439769354E-02   1.31635164691                       0
                 123  -4.64936963643      0.863106681292E-06  0.131678008464E-02   1.23792613751                       0
                 124  -4.64940288291      0.126436936766E-05  0.121913690670E-02   1.53365510010                       0
                 125  -4.64941941999      0.163481178755E-06  0.736800441923E-03  0.158126830397                       0
                 126  -4.64944965192      0.488937387898E-06  0.101082652728E-02   3.13893983601                       0
                 127  -4.64950458823      0.875807524632E-06  0.185825010307E-02   1.97332630146                       0
                 128  -4.64952848541      0.669523454762E-06  0.115839662227E-02  0.681177967734                       0
                 129  -4.64954594961      0.385215474068E-06  0.796854550964E-03  0.526786539469                       0
                 130  -4.64958574681      0.622122775604E-06  0.120281354856E-02   1.80999878796                       0
                 131  -4.64966279847      0.909318363214E-06  0.230512696446E-02   1.51415336900                       0
                 132  -4.64967791073      0.610212553123E-06  0.793181569579E-03  0.623972171455                       0
                 133  -4.64969194823      0.327162894783E-06  0.711388916511E-03  0.484402160121                       0
                 134  -4.64971983503      0.312995603194E-06  0.879325082603E-03   1.07616687722                       0
                 135  -4.64976203566      0.700434792822E-06  0.143001477233E-02   2.46263101645                       0
                 136  -4.64978518377      0.758425919692E-06  0.119478551892E-02   1.05226597587                       0
                 137  -4.64979927386      0.285125300056E-06  0.737239400466E-03  0.284918329853                       0
                 138  -4.64982093771      0.387825393678E-06  0.772015712417E-03   1.38746973067                       0
                 139  -4.64987850372      0.608471755890E-06  0.167008094014E-02   1.81940970206                       0
                 140  -4.64989959214      0.756965937586E-06  0.842606938277E-03   0.00000000000                       3
                 141  -4.64991375860      0.535604796102E-06  0.738892447587E-03  0.693160338510                       0
                 142  -4.64992575811      0.827222436512E-07  0.597926402384E-03  0.215643652182                       0
                 143  -4.64993977353      0.400685742728E-06  0.739077698518E-03   5.20548517912                       0
                 144  -4.64995184182      0.190139559923E-06  0.813458947785E-03  0.269667684966                       0
                 145  -4.64996440166      0.156822217155E-06  0.655575669223E-03  0.779186096764                       0
                 146  -4.64999201812      0.276331219931E-06  0.910417144160E-03   1.94634793171                       0
                 147  -4.65003437927      0.115936652544E-05  0.135884499303E-02   4.39024006041                       0
                 148  -4.65006422538      0.480728557346E-06  0.126253389779E-02  0.306843345255                       0
                 149  -4.65009701241      0.531470633376E-06  0.933801094775E-03   1.15248468165                       0
                 150  -4.65017437083      0.140343491004E-05  0.158405050771E-02   2.79231210910                       0
                 151  -4.65023619779      0.124030170437E-05  0.172714079776E-02   1.05103934687                       0
                 152  -4.65027695270      0.657961291928E-06  0.153772315294E-02  0.614053648193                       0
                 153  -4.65036096058      0.570647689477E-06  0.148142495501E-02  0.961183916239                       0
                 154  -4.65051840767      0.395461638650E-05  0.221387466843E-02   7.27210702996                       0
                 155  -4.65060544171      0.110057317839E-05  0.217264671244E-02  0.348176995891                       0
                 156  -4.65076214668      0.142280473577E-05  0.293388345044E-02   1.48782791532                       0
                 157  -4.65114387904      0.396865450242E-05  0.376902943765E-02   2.95352403092                       0
                 158  -4.65144642277      0.986141266990E-05  0.282572088463E-02   2.79535459898                       0
                 159  -4.65179009646      0.602510121690E-05  0.404405734161E-02  0.761201657603                       0
                 160  -4.65195305743      0.398442522487E-05  0.247765267403E-02   0.00000000000                       3
                 161  -4.65206398040      0.314535873857E-05  0.172284782881E-02  0.820478362352                       0
                 162  -4.65215190090      0.256519023517E-05  0.166873361734E-02  0.868330821546                       0
                 163  -4.65219022831      0.948894406305E-06  0.138307301752E-02  0.480645933031                       0
                 164  -4.65219923189      0.233050151439E-06  0.662645149781E-03  0.301043302815                       0
                 165  -4.65220423605      0.153128027445E-06  0.402654899708E-03  0.710970544708                       0
                 166  -4.65224649970      0.105509961272E-06  0.135018105861E-02  0.780888515347                       0
                 167  -4.65228729327      0.136626418336E-05  0.132561080144E-02   14.0344578565                       0
                 168  -4.65231057558      0.398274590480E-06  0.976621743218E-03  0.265145456311                       0
                 169  -4.65237830584      0.661682461416E-06  0.205906852978E-02   1.87515068175                       0
                 170  -4.65242827783      0.156499315179E-05  0.136695072536E-02   2.29413984631                       0
                 171  -4.65246647552      0.983709688525E-06  0.130492348099E-02  0.724432931607                       0
                 172  -4.65249425658      0.462353872076E-06  0.104462796214E-02  0.623508886456                       0
                 173  -4.65255959961      0.882805459403E-06  0.173959876031E-02   2.13208445280                       0
                 174  -4.65267117698      0.178652306009E-05  0.215026237842E-02   2.18021617973                       0
                 175  -4.65277576360      0.297561370672E-05  0.216739625527E-02   1.91053299119                       0
                 176  -4.65281842893      0.102182267586E-05  0.120720093038E-02  0.462474871681                       0
                 177  -4.65295891102      0.134161528402E-05  0.288406636645E-02   1.47964616694                       0
                 178  -4.65320996509      0.349158963203E-05  0.343275722214E-02   2.88497176894                       0
                 179  -4.65443606140      0.112901160789E-04  0.127181492725E-01   3.52944382001                       0
                 180  -4.65498483236      0.307641179141E-04  0.376231947810E-02   0.00000000000                       3
                 181  -4.65530294293      0.799486261482E-05  0.348669737318E-02  0.279261627505                       0
                 182  -4.65571160287      0.627294196969E-05  0.420936410771E-02  0.908834854072                       0
                 183  -4.65593471300      0.547480921707E-05  0.278705835935E-02  0.952413412812                       0
                 184  -4.65604557473      0.363339583013E-05  0.179147051315E-02  0.767126283632                       0
                 185  -4.65624517846      0.237819236655E-05  0.320317992805E-02  0.775127880062                       0
                 186  -4.65642744995      0.255553667030E-05  0.246786003417E-02   1.31034690747                       0
                 187  -4.65664858574      0.651267848032E-05  0.305044284221E-02   2.72660356827                       0
                 188  -4.65669917999      0.115877863820E-05  0.137549883756E-02  0.298765605249                       0
                 189  -4.65683869479      0.128213891622E-05  0.285127277235E-02   1.27961047819                       0
                 190  -4.65705547186      0.461112745981E-05  0.370877542250E-02   3.85945638348                       0
                 191  -4.65736631591      0.503010841245E-05  0.514877428371E-02   1.22896229249                       0
                 192  -4.65747624580      0.352917463331E-05  0.221785877219E-02  0.890538492543                       0
                 193  -4.65770044511      0.248633042039E-05  0.395137907944E-02  0.840118500628                       0
                 194  -4.65791310215      0.459075131836E-05  0.383894749224E-02   2.10841432101                       0
                 195  -4.65802889245      0.358026751575E-05  0.232537591367E-02  0.845253576216                       0
                 196  -4.65821151307      0.205057646929E-05  0.302161232870E-02  0.689963746332                       0
                 197  -4.65903204954      0.730758737169E-05  0.103847424907E-01   3.87909294717                       0
                 198  -4.65972117836      0.186195759490E-04  0.797733103823E-02   2.72871176286                       0
                 199  -4.66120698903      0.163694760852E-04  0.162965035380E-01   1.02179682356                       0
                 200  -4.66218570458      0.499524522463E-04  0.478509404999E-02   0.00000000000                       3
                 201  -4.66365838001      0.219245502421E-04  0.774145559010E-02  0.470155981130                       0
                 202  -4.66596655300      0.319589381067E-04  0.956896560831E-02   1.66386736667                       0
                 203  -4.66733737861      0.414889977815E-04  0.666084105354E-02   1.39107262779                       0
                 204  -4.66811872837      0.243769116819E-04  0.534545909596E-02  0.664997633739                       0
                 205  -4.66907220159      0.132005347886E-04  0.678657741675E-02  0.678709432193                       0
                 206  -4.66996920586      0.152511133058E-04  0.548431815329E-02   1.35052518048                       0
                 207  -4.67143672427      0.330901449074E-04  0.872468329123E-02   2.31339936890                       0
                 208  -4.67190159846      0.944393255904E-05  0.427601394056E-02  0.406222568625                       0
                 209  -4.67286694469      0.139517412796E-04  0.725258889038E-02   1.66518106805                       0
                 210  -4.67523261644      0.279413272195E-04  0.132729038393E-01   2.18494530642                       0
                 211  -4.67758721250      0.612179728161E-04  0.139126907534E-01   2.40721408528                       0
                 212  -4.67867035677      0.327044919002E-04  0.757496198614E-02  0.618228913696                       0
                 213  -4.67996194204      0.207943269991E-04  0.867861071143E-02  0.750122173408                       0
                 214  -4.68258381204      0.312877947589E-04  0.144501668164E-01   1.74279133365                       0
                 215  -4.68519908368      0.791503652197E-04  0.146944158401E-01   2.64561423052                       0
                 216  -4.68661037179      0.228812403735E-04  0.891145750125E-02  0.335643688289                       0
                 217  -4.69142104538      0.528174234442E-04  0.214902414674E-01   2.50533076884                       0
                 218  -4.73106798168      0.186804475691E-03  0.144106438240       3.79931511896                       0
                 219  -4.77499030571      0.160707787373E-02  0.972447028063E-01   9.12692566005                       0
                 220  -4.80121550017      0.148640304970E-02  0.223261055195E-01   0.00000000000                       3
                 221  -4.83473458974      0.100720892670E-02  0.354036900756E-01  0.716908761690                       0
                 222  -4.85074232863      0.346477379792E-03  0.211254427072E-01  0.429973409541                       0
                 223  -4.86793627702      0.515013669582E-03  0.294093486139E-01   1.72533382027                       0
                 224  -4.88285708123      0.526392304888E-03  0.234345032213E-01  0.903441215782                       0
                 225  -4.89263046407      0.351294124891E-03  0.240289282750E-01  0.788011745673                       0
                 226  -4.90027423544      0.210735885710E-03  0.142547881101E-01  0.464941760970                       0
                 227  -4.91563003715      0.306728276183E-03  0.255983427198E-01   1.62739739343                       0
                 228  -4.93479572207      0.629784186852E-03  0.309384104072E-01   2.12706753182                       0
                 229  -4.94800657220      0.401282595113E-03  0.239197396516E-01  0.580748232373                       0
                 230  -4.95860726697      0.299346081947E-03  0.242688774775E-01  0.876781564463                       0
                 231  -4.96379814056      0.233117852407E-03  0.111180357511E-01  0.642414365760                       0
                 232  -4.97696628832      0.166988580081E-03  0.267852545623E-01  0.902541289764                       0
                 233  -4.98783611020      0.448013858375E-03  0.262386688357E-01   2.68780164393                       0
                 234  -4.99238297917      0.148562796863E-03  0.121469868124E-01  0.258756917190                       0
                 235  -4.99708674847      0.150107099939E-03  0.140406131897E-01   1.09799073788                       0
                 236  -5.00040791822      0.130997758006E-03  0.100534412204E-01  0.876158770519                       0
                 237  -5.00856209118      0.103227684129E-03  0.227208858472E-01  0.949683980917                       0
                 238  -5.01306156218      0.203955806539E-03  0.146807278833E-01   2.06718310117                       0
                 239  -5.01616114452      0.956675387245E-04  0.990110105667E-02  0.495791980468                       0
                 240  -5.01786746919      0.116255202644E-03  0.550725943215E-02   0.00000000000                       3
                 241  -5.02087729526      0.521962830633E-04  0.117434844754E-01  0.505351442220                       0
                 242  -5.02408062917      0.109108770305E-03  0.149038862211E-01   2.29126597444                       0
                 243  -5.02505008070      0.309882595641E-04  0.517520149246E-02  0.113267706921                       0
                 244  -5.02767407918      0.323274736929E-04  0.107780107218E-01   1.20144502773                       0
                 245  -5.03114285073      0.122258669405E-03  0.112935421281E-01   3.71592918685                       0
                 246  -5.03622076178      0.122480749456E-03  0.143949288808E-01   1.11091542425                       0
                 247  -5.04270205670      0.188222926282E-03  0.174893353100E-01   1.76680945646                       0
                 248  -5.05430951052      0.968425581419E-04  0.232252895350E-01  0.653741286022                       0
                 249  -5.06958329636      0.627659792543E-03  0.303507657621E-01   6.92013732512                       0
                 250  -5.08819371267      0.308371077132E-03  0.319229112691E-01  0.432792426656                       0
                 251  -5.09446703575      0.280827363703E-03  0.166240146672E-01   1.14553474153                       0
                 252  -5.09988469349      0.126355838008E-03  0.130613198567E-01  0.404731881231                       0
                 253  -5.10461972263      0.206409395820E-03  0.125738847259E-01   1.82124656693                       0
                 254  -5.11151755150      0.122412029213E-03  0.151243417185E-01  0.585734847529                       0
                 255  -5.12258552153      0.304342669637E-03  0.241876345916E-01   2.87718569177                       0
                 256  -5.13613501779      0.351110505120E-03  0.234208591493E-01  0.898621300115                       0
                 257  -5.15077335802      0.439874169055E-03  0.230057594548E-01   1.41993326559                       0
                 258  -5.17055728003      0.430807463510E-03  0.251193516760E-01   1.08129899466                       0
                 259  -5.20667152907      0.107716283717E-02  0.432455744067E-01   2.69383736458                       0
                 260  -5.22048536491      0.110519384367E-02  0.169383995675E-01   0.00000000000                       3
                 261  -5.22467621516      0.271655193364E-03  0.115390136556E-01  0.252754967536                       0
                 262  -5.22630537322      0.519705780636E-04  0.656772912781E-02  0.251205970078                       0
                 263  -5.22972017714      0.517243895451E-04  0.122349118360E-01   1.26927721959                       0
                 264  -5.23413311667      0.107576749001E-03  0.126055115040E-01   1.91333543448                       0
                 265  -5.24160685164      0.188814269651E-03  0.184341605804E-01   1.93875720854                       0
                 266  -5.24866006720      0.301227312336E-03  0.183558822850E-01   1.69709118233                       0
                 267  -5.25829155728      0.180093339156E-03  0.196875154804E-01  0.587180138416                       0
                 268  -5.26643567050      0.344965312465E-03  0.189987665177E-01   2.28983020267                       0
                 269  -5.27693464303      0.266416459578E-03  0.214316652103E-01  0.685138630713                       0
                 270  -5.28692956971      0.377050538110E-03  0.219890563895E-01   1.58316976277                       0
                 271  -5.29104571527      0.166737664304E-03  0.990710647476E-02  0.497731572755                       0
                 272  -5.29806680687      0.207845960924E-03  0.162146929041E-01   1.32549611643                       0
                 273  -5.30872663449      0.215771658873E-03  0.211808079943E-01   1.31779299010                       0
                 274  -5.31824951116      0.486037826483E-03  0.222374511798E-01   2.34566971443                       0
                 275  -5.32340920783      0.169315979787E-03  0.125723404096E-01  0.381971266086                       0
                 276  -5.32884033161      0.204782984337E-03  0.145900237495E-01   1.43501832675                       0
                 277  -5.33283628194      0.128746933521E-03  0.114472865612E-01  0.686283272821                       0
                 278  -5.33946814100      0.147883983036E-03  0.175073482309E-01   1.27557633927                       0
                 279  -5.34249715061      0.194911538074E-03  0.108943317699E-01   1.57804986391                       0
                 280  -5.34492704608      0.112287911451E-03  0.806729915249E-02   0.00000000000                       3
                 281  -5.34640327996      0.817052687607E-04  0.671604302133E-02  0.835102541824                       0
                 282  -5.34769831520      0.429831943722E-04  0.650720345910E-02  0.592563836021                       0
                 283  -5.34964324659      0.383269222939E-04  0.107420273840E-01  0.997647987594                       0
                 284  -5.35140521524      0.271323711633E-04  0.812945579938E-02  0.924943846708                       0
                 285  -5.35344191706      0.913608345938E-04  0.780835043317E-02   3.49416292835                       0
                 286  -5.35699083674      0.799753212682E-04  0.123379935131E-01   1.12119322143                       0
                 287  -5.36069355602      0.804075970499E-04  0.134919096818E-01   1.24116936064                       0
                 288  -5.36387782427      0.125081276620E-03  0.118551364085E-01   1.90390512695                       0
                 289  -5.36850865871      0.147841009223E-03  0.143852216146E-01   1.16420247833                       0
                 290  -5.37095132423      0.913418169223E-04  0.928992652616E-02  0.894394223286                       0
                 291  -5.37787912344      0.101212923514E-03  0.154766726319E-01   1.12716402336                       0
                 292  -5.39447526446      0.480700783451E-03  0.374268378501E-01   5.32415538039                       0
                 293  -5.40406405044      0.485255153063E-03  0.200617031846E-01  0.827184855543                       0
                 294  -5.40918841237      0.133431568204E-03  0.145727447712E-01  0.349636472245                       0
                 295  -5.41157175152      0.128161696331E-03  0.833543812657E-02   1.05516113191                       0
                 296  -5.41461276557      0.990372672262E-04  0.787434590091E-02  0.798895545942                       0
                 297  -5.42221754634      0.135525738153E-03  0.177673920365E-01   1.69002190821                       0
                 298  -5.43932342747      0.324474467548E-03  0.320432755526E-01   2.31796307976                       0
                 299  -5.45171718502      0.534832875799E-03  0.237698671744E-01   1.76922320367                       0
                 300  -5.45399236225      0.263408623524E-03  0.601262947536E-02   0.00000000000                       3
                 301  -5.45984788247      0.944899528196E-04  0.147625509869E-01  0.294345161487                       0
                 302  -5.46428212602      0.277755202910E-03  0.174655883589E-01   3.64749584666                       0
                 303  -5.47567993830      0.511814384022E-03  0.192725878287E-01  0.988806876488                       0
                 304  -5.48138879979      0.466443995064E-03  0.903053284072E-02  0.885862066120                       0
                 305  -5.48673462973      0.165379180856E-03  0.127379362871E-01  0.473094136356                       0
                 306  -5.49277119993      0.170598554671E-03  0.180777694940E-01   1.31602840105                       0
                 307  -5.49771274540      0.115781755037E-03  0.118769152701E-01  0.546041164865                       0
                 308  -5.50120912304      0.154244364252E-03  0.955632089863E-02   1.62361862847                       0
                 309  -5.50508805508      0.186565307609E-03  0.948419604780E-02   1.06133969519                       0
                 310  -5.51175019899      0.143589939601E-03  0.149077439780E-01   1.03009660257                       0
                 311  -5.51622607955      0.249014353581E-03  0.116357194631E-01   1.85640067241                       0
                 312  -5.52471233263      0.154012736162E-03  0.154408926951E-01  0.680881177891                       0
                 313  -5.53083458339      0.411359362849E-03  0.150089568790E-01   3.07200430842                       0
                 314  -5.53696479425      0.225712374619E-03  0.132347104154E-01  0.287457119499                       0
                 315  -5.54016545224      0.120170770164E-03  0.931773876013E-02  0.727025254411                       0
                 316  -5.54194537821      0.113016165870E-03  0.613249843676E-02  0.801789234159                       0
                 317  -5.54393668832      0.732382159492E-04  0.768094315704E-02  0.772923620652                       0
                 318  -5.54562348276      0.574806897627E-04  0.760496626842E-02  0.976841554882                       0
                 319  -5.54836125030      0.730357364093E-04  0.940025552404E-02   1.20869968071                       0
                 320  -5.54927139207      0.965442928592E-04  0.372551642841E-02   0.00000000000                       3
                 321  -5.54991507524      0.296292080416E-04  0.473755623806E-02  0.323485742246                       0
                 322  -5.55047387989      0.133269417688E-04  0.439883154310E-02  0.724558460383                       0
                 323  -5.55158344540      0.339622914006E-04  0.692847937447E-02   2.64239363958                       0
                 324  -5.55351206822      0.511544915426E-04  0.760748243098E-02   1.48639413731                       0
                 325  -5.55665537844      0.991030235805E-04  0.967595221273E-02   2.33174733756                       0
                 326  -5.56388898018      0.159699513559E-03  0.159657060825E-01   1.68820200959                       0
                 327  -5.58284534633      0.361545567022E-03  0.310165696225E-01   2.55104848399                       0
                 328  -5.61040062401      0.127823873013E-02  0.436160482440E-01   4.06378004550                       0
                 329  -5.64308847145      0.101915886412E-02  0.415172126875E-01  0.776785107261                       0
                 330  -5.67452544668      0.110254441498E-02  0.392983862234E-01   1.15837000551                       0
                 331  -5.68078017485      0.592678570897E-03  0.939706433097E-02  0.528548592989                       0
                 332  -5.69233823941      0.478273344345E-03  0.180592915588E-01  0.858506301747                       0
                 333  -5.71078542674      0.500235294352E-03  0.201092039176E-01   1.22281524898                       0
                 334  -5.72431807259      0.130721406360E-02  0.155828316185E-01   2.89377462889                       0
                 335  -5.74162063039      0.606958475060E-03  0.216552447152E-01  0.501048075822                       0
                 336  -5.76450353015      0.934033980772E-03  0.334639852112E-01   1.92306856661                       0
                 337  -5.77589699569      0.134872904604E-02  0.149138193191E-01   1.31996645882                       0
                 338  -5.78674982181      0.363623035776E-03  0.151565930113E-01  0.295995145013                       0
                 339  -5.81143674465      0.105377106159E-02  0.287940707996E-01   3.16439864163                       0
                 340  -5.82360208055      0.157750399109E-02  0.123453785812E-01   0.00000000000                       3
                 341  -5.82830862510      0.491362595185E-03  0.963811811088E-02  0.308683497759                       0
                 342  -5.83103309195      0.825536196009E-04  0.759791215307E-02  0.251263024445                       0
                 343  -5.83274961955      0.184919103444E-03  0.556507097087E-02   2.44755145695                       0
                 344  -5.83436495079      0.843860538832E-04  0.822672536156E-02  0.290655309607                       0
                 345  -5.83497559245      0.439748001764E-04  0.358341453031E-02  0.648703358520                       0
                 346  -5.83534234929      0.375345397679E-04  0.234260299899E-02  0.819562673833                       0
                 347  -5.83570275569      0.184940741031E-04  0.318998553219E-02  0.471184189497                       0
                 348  -5.83587481669      0.212968692216E-04  0.178599572324E-02   1.16284526123                       0
                 349  -5.83592802924      0.128052554283E-04  0.101312172022E-02  0.397247048594                       0
                 350  -5.83599510926      0.685571768779E-05  0.171564508099E-02  0.145538806131                       0
                 351  -5.83603905652      0.103563667235E-04  0.661427906068E-03  0.919949945398                       0
                 352  -5.83609746296      0.697263204495E-05  0.122272352908E-02  0.307435958952                       0
                 353  -5.83612256099      0.878100371795E-05  0.548046620994E-03  0.791569779135                       0
                 354  -5.83613303641      0.598349301216E-05  0.677422896380E-03  0.192912982729                       0
                 355  -5.83614933292      0.565680627076E-05  0.581538326441E-03  0.211067383648                       0
                 356  -5.83616699254      0.669407494286E-05  0.464897828687E-03  0.461404781572                       0
                 357  -5.83618237294      0.564912359845E-05  0.574645334111E-03  0.267728101117                       0
                 358  -5.83619418021      0.599511556180E-05  0.396872900128E-03  0.365590252828                       0
                 359  -5.83620546924      0.535016457670E-05  0.490561896015E-03  0.229365917959                       0
                 360  -5.83621255216      0.558020281901E-05  0.294240919437E-03   0.00000000000                       3
                 361  -5.83622296657      0.518954417954E-05  0.488422993217E-03  0.216647917251                       0
                 362  -5.83623158795      0.555538474884E-05  0.324581202047E-03  0.316579708761                       0
                 363  -5.83624211169      0.499805104948E-05  0.549097490381E-03  0.193215393906                       0
                 364  -5.83624976429      0.544113431953E-05  0.279914879341E-03  0.314886600189                       0
                 365  -5.83626528525      0.478257236176E-05  0.103433801364E-02  0.157818061584                       0
                 366  -5.83627432245      0.575263783332E-05  0.310941799102E-03  0.412595915349                       0
                 367  -5.83629163607      0.458420862980E-05  0.125808274954E-02  0.153472557636                       0
                 368  -5.83629881907      0.527436851537E-05  0.279129788743E-03  0.359168464324                       0
                 369  -5.83631631748      0.435488039188E-05  0.125577460593E-02  0.151819326191                       0
                 370  -5.83632425061      0.511917289241E-05  0.290010142656E-03  0.382259372119                       0
                 371  -5.83634166284      0.417210827425E-05  0.103146202468E-02  0.161606936218                       0
                 372  -5.83635176100      0.529125988169E-05  0.328547657293E-03  0.497610101628                       0
                 373  -5.83636607782      0.405009142293E-05  0.812214469859E-03  0.161813682865                       0
                 374  -5.83637975778      0.512658204930E-05  0.358373543386E-03  0.517284289839                       0
                 375  -5.83639352637      0.402593147269E-05  0.543018367608E-03  0.174831492801                       0
                 376  -5.83640509564      0.475263680583E-05  0.373481053723E-03  0.466349407970                       0
                 377  -5.83641800843      0.405791469125E-05  0.461647982972E-03  0.244794903812                       0
                 378  -5.83643145810      0.460908965120E-05  0.414414370034E-03  0.462787448916                       0
                 379  -5.83644796758      0.421408522006E-05  0.512244345820E-03  0.349671954137                       0
                 380  -5.83645905043      0.502224017948E-05  0.302931453412E-03   0.00000000000                       3
                 381  -5.83650723405      0.369669148014E-05  0.151314272264E-02  0.177493493326                       0
                 382  -5.83654521186      0.840549388940E-05  0.604116617950E-03   1.61890476599                       0
                 383  -5.83658099699      0.385275032774E-05  0.892135477841E-03  0.211342443727                       0
                 384  -5.83661721523      0.583438031117E-05  0.684518297303E-03  0.989738075532                       0
                 385  -5.83664432446      0.456424693374E-05  0.547168471354E-03  0.442732640826                       0
                 386  -5.83668865670      0.452278926097E-05  0.826551012994E-03  0.606389380312                       0
                 387  -5.83674565642      0.651444141084E-05  0.774491607401E-03   1.18753400592                       0
                 388  -5.83682873799      0.547137483198E-05  0.130763806081E-02  0.782244292194                       0
                 389  -5.83694026056      0.878417069977E-05  0.131194278154E-02   1.69444241263                       0
                 390  -5.83711282171      0.783195240732E-05  0.245040773575E-02   1.10883659709                       0
                 391  -5.83731402015      0.126346335374E-04  0.267330592398E-02   2.06944468452                       0
                 392  -5.83747667003      0.924584649158E-05  0.303191206838E-02   1.08206893049                       0
                 393  -5.83759984269      0.693995860895E-05  0.251565538408E-02   1.03687822010                       0
                 394  -5.83773966621      0.644814314217E-05  0.300921019569E-02   1.14757368813                       0
                 395  -5.83789505979      0.674168118784E-05  0.334789411801E-02   1.33523226824                       0
                 396  -5.83804874290      0.629923288268E-05  0.334854607041E-02   1.17598844827                       0
                 397  -5.83825742958      0.665703548592E-05  0.447589112803E-02   1.37390745043                       0
                 398  -5.83845320562      0.595554334352E-05  0.388480578096E-02   1.09397765148                       0
                 399  -5.83869228202      0.918395503500E-05  0.547449716417E-02   1.96893808428                       0
                 400  -5.83961631924      0.408706271869E-05  0.401018441462E-02   0.00000000000                       3
                 401  -5.84053117689      0.922260693906E-04  0.381155871214E-02   0.00000000000                       1
                 402  -5.84078046866      0.105314928012E-04  0.139260369593E-02  0.207215361900                       0
                 403  -5.84216008466      0.237378088311E-04  0.354304990756E-02   2.87173465289                       0
                 404  -5.89581746044      0.435749835093E-03  0.645170427794E-01   14.9195434064                       0
                 405  -5.96369273895      0.623977542105E-02  0.573671061698E-01   11.5459189368                       0
                 406  -6.00008775933      0.365077174423E-02  0.326236896573E-01  0.658889179806                       0
                 407  -6.00359733931      0.115419062364E-03  0.782186122335E-02  0.808821971339E-01                   0
                 408  -6.00737363077      0.240942450816E-03  0.718635934502E-02   2.26807671749                       0
                 409  -6.01666911018      0.545415945825E-03  0.128442113168E-01   2.21325404608                       0
                 410  -6.03726067461      0.454529824286E-03  0.202604005804E-01   1.21978762988                       0
                 411  -6.06245541102      0.170604217772E-02  0.230238611678E-01   4.53098374421                       0
                 412  -6.12198646687      0.194594622043E-02  0.439937323472E-01   1.27154699311                       0
                 413  -6.17796026028      0.210755164787E-02  0.583688278807E-01   1.61269529895                       0
                 414  -6.20891436714      0.344182083231E-02  0.301096225094E-01   1.58189157460                       0
                 415  -6.21326763812      0.555033164315E-03  0.828062630731E-02  0.218702423186                       0
                 416  -6.22695844664      0.285353156955E-03  0.187047530743E-01  0.421551652641                       0
                 417  -6.24132173050      0.751240274116E-03  0.222974609942E-01   2.97419016382                       0
                 418  -6.26697693187      0.124609491057E-02  0.233324260412E-01   1.48514319806                       0
                 419  -6.29503508657      0.183019839393E-02  0.324045342174E-01   1.84635167712                       0
                 420  -6.30645569668      0.126215418234E-02  0.128080400784E-01   0.00000000000                       3
                 421  -6.30961211024      0.426578057008E-03  0.693386855614E-02  0.408621970996                       0
                 422  -6.31417464261      0.266094788776E-03  0.103338415859E-01  0.635130869818                       0
                 423  -6.32114619165      0.894703113009E-04  0.144029307609E-01  0.393615911192                       0
                 424  -6.32585846564      0.458776064787E-03  0.120936011768E-01   5.70253970543                       0
                 425  -6.33145250770      0.410636359958E-03  0.102771844927E-01  0.605107921805                       0
                 426  -6.34074598392      0.473523405183E-03  0.177971885434E-01   1.35933415293                       0
                 427  -6.34501210631      0.615442563294E-03  0.963991122622E-02   1.26794167144                       0
                 428  -6.34814540764      0.135804229865E-03  0.749311432051E-02  0.130451097381                       0
                 429  -6.34928051373      0.216817160632E-03  0.444908176152E-02   1.69774356579                       0
                 430  -6.35064802804      0.818916013464E-04  0.456644112108E-02  0.146191664578                       0
                 431  -6.35249612299      0.744012702594E-04  0.720434040656E-02  0.946550426014                       0
                 432  -6.35401351722      0.512262444470E-04  0.515172598744E-02  0.574439927390                       0
                 433  -6.35556614008      0.219579574871E-03  0.668042608123E-02   4.53087959933                       0
                 434  -6.35642062353      0.726799624963E-04  0.371263626449E-02  0.168467434582                       0
                 435  -6.35711395588      0.528859014621E-04  0.317575700845E-02  0.708570493708                       0
                 436  -6.35744938997      0.762413563256E-04  0.242976563186E-02   1.50885900232                       0
                 437  -6.35786567644      0.248316503060E-04  0.277919909027E-02  0.633860368363E-01                   0
                 438  -6.35852764664      0.542853121336E-04  0.290470951583E-02   2.01191943513                       0
                 439  -6.35945696613      0.574436552245E-04  0.549882501298E-02   1.33126631876                       0
                 440  -6.36033091712      0.739800063876E-04  0.337911092502E-02   0.00000000000                       3
                 441  -6.36051802490      0.548179109999E-04  0.163061104512E-02  0.777646002742                       0
                 442  -6.36071106811      0.208620196378E-04  0.164959859359E-02  0.358568246406E-01                   0
                 443  -6.36138194735      0.201268519280E-04  0.339952710437E-02  0.805467570414                       0
                 444  -6.36238683021      0.133973150621E-03  0.492843425322E-02   6.91093806774                       0
                 445  -6.36339885205      0.535145765448E-04  0.498055395968E-02  0.576725016390                       0
                 446  -6.36394975605      0.560347970612E-04  0.538521950460E-02   1.57301788442                       0
                 447  -6.36434736705      0.495707466911E-04  0.256966032593E-02  0.684389195447                       0
                 448  -6.36439164583      0.168880103455E-04  0.107170516997E-02  0.469072624093                       0
                 449  -6.36446344978      0.117240877885E-04  0.107214952913E-02  0.189515085164                       0
                 450  -6.36460543410      0.830285988424E-05  0.196183820835E-02  0.357562037359                       0
                 451  -6.36466769060      0.179937905998E-04  0.904408069316E-03   1.81337385102                       0
                 452  -6.36478995205      0.991065266616E-05  0.123130168192E-02  0.258113518524                       0
                 453  -6.36485699292      0.177014426414E-04  0.115482421382E-02   1.71149919784                       0
                 454  -6.36494073514      0.102919202073E-04  0.106854746726E-02  0.251483935102                       0
                 455  -6.36496971163      0.102533064847E-04  0.724259131945E-03  0.772818030940                       0
                 456  -6.36504144421      0.822219735132E-05  0.895233544187E-03  0.299375950605                       0
                 457  -6.36507438094      0.142947578772E-04  0.736158217572E-03   1.55726678827                       0
                 458  -6.36512529575      0.789958788017E-05  0.809850631649E-03  0.165104611119                       0
                 459  -6.36516895058      0.750672766304E-05  0.100103045893E-02  0.525312942980                       0
                 460  -6.36522558418      0.868979459090E-05  0.660472036220E-03   0.00000000000                       3
                 461  -6.36523704277      0.106074602335E-04  0.382525330100E-03   1.02222732992                       0
                 462  -6.36524051497      0.649199492152E-05  0.200292863152E-03  0.367112419949E-01                   0
                 463  -6.36530395156      0.562238731613E-05  0.130360302421E-02  0.111214942490                       0
                 464  -6.36533724347      0.133128909983E-04  0.641940224630E-03   1.67593387441                       0
                 465  -6.36537516145      0.622752868609E-05  0.693402430560E-03  0.655579276284E-01                   0
                 466  -6.36538280015      0.100342577179E-04  0.285020958315E-03   1.16867580569                       0
                 467  -6.36538850223      0.628675700193E-05  0.241473630887E-03  0.144943705417E-01                   0
                 468  -6.36544214348      0.526645231615E-05  0.114294499368E-02  0.106597097401                       0
                 469  -6.36545911723      0.129979496193E-04  0.416422817978E-03   1.76647521098                       0
                 470  -6.36547093080      0.624355443665E-05  0.411860895131E-03 -0.174977908121E-01                   0
                 471  -6.36554834859      0.509241698639E-05  0.182213429452E-02  0.177281116866                       0
                 472  -6.36556355336      0.145797572701E-04  0.374755547477E-03   2.19703175284                       0
                 473  -6.36556652412      0.642805418200E-05  0.196224552153E-03 -0.621711605014E-01                   0
                 474  -6.36557173060      0.493817842538E-05  0.242546891758E-03  0.533683682265E-01                   0
                 475  -6.36562519224      0.471735905326E-05  0.133542528346E-02  0.159250659842                       0
                 476  -6.36563503605      0.133056594228E-04  0.289045485901E-03   2.11306572775                       0
                 477  -6.36563521211      0.634751520584E-05  0.357279869163E-04 -0.727669796230E-01                   0
                 478  -6.36563522712      0.584573469445E-05  0.115618194360E-04  0.919116306051E-01                   0
                 479  -6.36563523080      0.570331980196E-05  0.605384725107E-05  0.120462958457                       0
                 480  -6.36563523164      0.563262400017E-05  0.605384725107E-05   0.00000000000                       3
