   0.00000000000      0.316628698882E-02  0.375000000000     -0.450943291220E-20   2.00000000000      0.750000000000      0.625000000000E-01  0.625000000000E-01  0.250000000000    
  0.312500000000E-01  0.316626656997E-02  0.375005227225      0.112186046858E-19   1.99991356338      0.750010454451      0.625049487625E-01  0.625049487625E-01  0.249995329700    
  0.625000000000E-01  0.316620531466E-02  0.375020908585      0.133028557892E-18   1.99965427660      0.750041817170      0.625197940136E-01  0.625197940136E-01  0.249981320558    
  0.937500000000E-01  0.316610322660E-02  0.375047043130      0.171754928074E-18   1.99922220882      0.750094086259      0.625445326454E-01  0.625445326454E-01  0.249957977839    
  0.125000000000      0.316596031196E-02  0.375083629277     -0.334166464647E-18   1.99861747529      0.750167258554      0.625791594796E-01  0.625791594796E-01  0.249925310318    
  0.156250000000      0.316577657941E-02  0.375130664810     -0.539538363390E-18   1.99784023728      0.750261329620      0.626236672712E-01  0.626236672712E-01  0.249883330268    
  0.187500000000      0.316555204008E-02  0.375188146877     -0.507568682497E-18   1.99689070200      0.750376293754      0.626780467124E-01  0.626780467124E-01  0.249832053452    
  0.218750000000      0.316528670761E-02  0.375256071989     -0.326136627829E-18   1.99576912249      0.750512143979      0.627422864382E-01  0.627422864382E-01  0.249771499113    
  0.250000000000      0.316498059812E-02  0.375334436019     -0.432056984020E-20   1.99447579749      0.750668872038      0.628163730332E-01  0.628163730332E-01  0.249701689953    
  0.281250000000      0.316463373023E-02  0.375423234199     -0.246111470640E-18   1.99301107133      0.750846468397      0.629002910391E-01  0.629002910391E-01  0.249622652120    
  0.312500000000      0.316424612509E-02  0.375522461116     -0.161532858215E-18   1.99137533370      0.751044922233      0.629940229644E-01  0.629940229644E-01  0.249534415188    
  0.343750000000      0.316381780634E-02  0.375632110715     -0.529452681430E-18   1.98956901948      0.751264221431      0.630975492943E-01  0.630975492943E-01  0.249437012127    
  0.375000000000      0.316334880019E-02  0.375752176290     -0.562738707358E-18   1.98759260855      0.751504352579      0.632108485021E-01  0.632108485021E-01  0.249330479285    
  0.406250000000      0.316283913538E-02  0.375882650481     -0.124122793613E-17   1.98544662552      0.751765300961      0.633338970619E-01  0.633338970619E-01  0.249214856357    
  0.437500000000      0.316228884322E-02  0.376023525275     -0.161426422647E-17   1.98313163947      0.752047050549      0.634666694626E-01  0.634666694626E-01  0.249090186349    
  0.468750000000      0.316169795758E-02  0.376174791997     -0.201234263494E-17   1.98064826367      0.752349583995      0.636091382223E-01  0.636091382223E-01  0.248956515553    
  0.500000000000      0.316106651495E-02  0.376336441311     -0.158764236631E-17   1.97799715532      0.752672882622      0.637612739046E-01  0.637612739046E-01  0.248813893502    
  0.531250000000      0.316039455441E-02  0.376508463210     -0.174911052237E-17   1.97517901514      0.753016926420      0.639230451359E-01  0.639230451359E-01  0.248662372938    
  0.562500000000      0.315968211767E-02  0.376690847014     -0.186745098974E-17   1.97219458710      0.753381694028      0.640944186231E-01  0.640944186231E-01  0.248502009768    
  0.593750000000      0.315892924911E-02  0.376883581367     -0.210966713273E-17   1.96904465800      0.753767162734      0.642753591732E-01  0.642753591732E-01  0.248332863021    
  0.625000000000      0.315813599574E-02  0.377086654229     -0.206111761137E-17   1.96573005714      0.754173308457      0.644658297135E-01  0.644658297135E-01  0.248154994801    
  0.656250000000      0.315730240730E-02  0.377300052870     -0.262010564632E-17   1.96225165586      0.754600105739      0.646657913131E-01  0.646657913131E-01  0.247968470243    
  0.687500000000      0.315642853622E-02  0.377523763868     -0.276435179987E-17   1.95861036713      0.755047527736      0.648752032048E-01  0.648752032048E-01  0.247773357458    
  0.718750000000      0.315551443765E-02  0.377757773101     -0.260721543823E-17   1.95480714512      0.755515546201      0.650940228089E-01  0.650940228089E-01  0.247569727483    
  0.750000000000      0.315456016953E-02  0.378002065740     -0.270473269804E-17   1.95084298469      0.756004131480      0.653222057569E-01  0.653222057569E-01  0.247357654226    
  0.781250000000      0.315356579255E-02  0.378256626246     -0.244560452779E-17   1.94671892099      0.756513252492      0.655597059174E-01  0.655597059174E-01  0.247137214411    
  0.812500000000      0.315253137023E-02  0.378521438361     -0.316589029705E-17   1.94243602885      0.757042876722      0.658064754215E-01  0.658064754215E-01  0.246908487518    
  0.843750000000      0.315145696889E-02  0.378796485103     -0.290913092596E-17   1.93799542234      0.757592970205      0.660624646903E-01  0.660624646903E-01  0.246671555722    
  0.875000000000      0.315034265774E-02  0.379081748757     -0.302688875902E-17   1.93339825420      0.758163497515      0.663276224624E-01  0.663276224624E-01  0.246426503833    
  0.906250000000      0.314918850885E-02  0.379377210875     -0.286919917583E-17   1.92864571529      0.758754421749      0.666018958225E-01  0.666018958225E-01  0.246173419230    
  0.937500000000      0.314799459718E-02  0.379682852260     -0.338968156573E-17   1.92373903402      0.759365704519      0.668852302312E-01  0.668852302312E-01  0.245912391797    
  0.968750000000      0.314676100067E-02  0.379998652967     -0.291638260759E-17   1.91867947576      0.759997305933      0.671775695550E-01  0.671775695550E-01  0.245643513857    
   1.00000000000      0.314548780019E-02  0.380324592292     -0.346030832613E-17   1.91346834223      0.760649184583      0.674788560973E-01  0.674788560973E-01  0.245366880097    
   1.03125000000      0.314417507958E-02  0.380660648767     -0.275169306731E-17   1.90810697089      0.761321297533      0.677890306298E-01  0.677890306298E-01  0.245082587507    
   1.06250000000      0.314282292573E-02  0.381006800152     -0.304432921173E-17   1.90259673431      0.762013600303      0.681080324253E-01  0.681080324253E-01  0.244790735301    
   1.09375000000      0.314143142856E-02  0.381363023428     -0.271817949094E-17   1.89693903949      0.762726046856      0.684357992902E-01  0.684357992902E-01  0.244491424848    
   1.12500000000      0.314000068104E-02  0.381729294793     -0.247846466760E-17   1.89113532725      0.763458589586      0.687722675986E-01  0.687722675986E-01  0.244184759596    
   1.15625000000      0.313853077926E-02  0.382105589650     -0.229595696943E-17   1.88518707152      0.764211179300      0.691173723260E-01  0.691173723260E-01  0.243870844998    
   1.18750000000      0.313702182240E-02  0.382491882605     -0.216876200732E-17   1.87909577863      0.764983765209      0.694710470844E-01  0.694710470844E-01  0.243549788436    
   1.21875000000      0.313547391282E-02  0.382888147456     -0.236483757225E-17   1.87286298669      0.765776294913      0.698332241572E-01  0.698332241572E-01  0.243221699142    
   1.25000000000      0.313388715604E-02  0.383294357192     -0.193116899523E-17   1.86649026477      0.766588714385      0.702038345351E-01  0.702038345351E-01  0.242886688122    
   1.28125000000      0.313226166078E-02  0.383710483981     -0.142898420289E-17   1.85997921226      0.767420967961      0.705828079525E-01  0.705828079525E-01  0.242544868076    
   1.31250000000      0.313059753897E-02  0.384136499164     -0.149105775172E-17   1.85333145811      0.768272998328      0.709700729238E-01  0.709700729238E-01  0.242196353316    
   1.34375000000      0.312889490581E-02  0.384572373253     -0.121043457395E-17   1.84654866006      0.769144746506      0.713655567802E-01  0.713655567802E-01  0.241841259693    
   1.37500000000      0.312715387976E-02  0.385018075921     -0.110749915409E-17   1.83963250393      0.770036151843      0.717691857075E-01  0.717691857075E-01  0.241479704506    
   1.40625000000      0.312537458259E-02  0.385473575997     -0.908305919081E-18   1.83258470281      0.770947151995      0.721808847837E-01  0.721808847837E-01  0.241111806430    
   1.43750000000      0.312355713937E-02  0.385938841460     -0.889834135608E-18   1.82540699634      0.771877682920      0.726005780165E-01  0.726005780165E-01  0.240737685427    
   1.46875000000      0.312170167854E-02  0.386413839434     -0.864829055130E-18   1.81810114986      0.772827678867      0.730281883819E-01  0.730281883819E-01  0.240357462670    
   1.50000000000      0.311980833187E-02  0.386898536181     -0.678446779582E-18   1.81066895372      0.773797072361      0.734636378624E-01  0.734636378624E-01  0.239971260456    
   1.53125000000      0.311787723454E-02  0.387392897098     -0.518831478595E-18   1.80311222238      0.774785794195      0.739068474857E-01  0.739068474857E-01  0.239579202126    
   1.56250000000      0.311590852511E-02  0.387896886710     -0.103585715828E-17   1.79543279368      0.775793773421      0.743577373634E-01  0.743577373634E-01  0.239181411983    
   1.59375000000      0.311390234559E-02  0.388410468668     -0.966535042575E-18   1.78763252802      0.776820937337      0.748162267299E-01  0.748162267299E-01  0.238778015209    
   1.62500000000      0.311185884140E-02  0.388933605742     -0.861666101940E-18   1.77971330752      0.777867211484      0.752822339813E-01  0.752822339813E-01  0.238369137779    
   1.65625000000      0.310977816142E-02  0.389466259816     -0.949116247414E-18   1.77167703525      0.778932519632      0.757556767144E-01  0.757556767144E-01  0.237954906387    
   1.68750000000      0.310766045801E-02  0.390008391888     -0.866045925168E-18   1.76352563436      0.780016783777      0.762364717656E-01  0.762364717656E-01  0.237535448357    
   1.71875000000      0.310550588701E-02  0.390559962064     -0.139910433436E-17   1.75526104730      0.781119924128      0.767245352503E-01  0.767245352503E-01  0.237110891563    
   1.75000000000      0.310331460776E-02  0.391120929554     -0.137476038363E-17   1.74688523497      0.782241859109      0.772197826016E-01  0.772197826016E-01  0.236681364351    
   1.78125000000      0.310108678307E-02  0.391691252673     -0.181086604556E-17   1.73840017589      0.783382505345      0.777221286092E-01  0.777221286092E-01  0.236246995454    
   1.81250000000      0.309882257933E-02  0.392270888832     -0.200858484715E-17   1.72980786537      0.784541777664      0.782314874582E-01  0.782314874582E-01  0.235807913916    
   1.84375000000      0.309652216639E-02  0.392859794543     -0.155819846252E-17   1.72111031470      0.785719589086      0.787477727679E-01  0.787477727679E-01  0.235364249007    
   1.87500000000      0.309418571768E-02  0.393457925413     -0.106142897737E-17   1.71230955029      0.786915850827      0.792708976306E-01  0.792708976306E-01  0.234916130152    
   1.90625000000      0.309181341014E-02  0.394065236145     -0.931670510348E-18   1.70340761282      0.788130472289      0.798007746490E-01  0.798007746490E-01  0.234463686847    
   1.93750000000      0.308940542425E-02  0.394681680533     -0.855164991804E-18   1.69440655648      0.789363361066      0.803373159755E-01  0.803373159755E-01  0.234007048582    
   1.96875000000      0.308696194404E-02  0.395307211467     -0.105265243717E-17   1.68530844806      0.790614422934      0.808804333493E-01  0.808804333493E-01  0.233546344768    
   2.00000000000      0.308448315707E-02  0.395941780929     -0.102878632666E-17   1.67611536614      0.791883561858      0.814300381343E-01  0.814300381343E-01  0.233081704661    
   2.03125000000      0.308196925447E-02  0.396585339996     -0.147449343242E-17   1.66682940030      0.793170679992      0.819860413562E-01  0.819860413562E-01  0.232613257283    
   2.06250000000      0.307942043087E-02  0.397237838837     -0.154390739948E-17   1.65745265025      0.794475677675      0.825483537400E-01  0.825483537400E-01  0.232141131357    
   2.09375000000      0.307683688445E-02  0.397899226720     -0.165921442980E-17   1.64798722500      0.795798453440      0.831168857461E-01  0.831168857461E-01  0.231665455228    
   2.12500000000      0.307421881693E-02  0.398569452007     -0.147188738129E-17   1.63843524208      0.797138904014      0.836915476069E-01  0.836915476069E-01  0.231186356793    
   2.15625000000      0.307156643351E-02  0.399248462161     -0.155466853102E-17   1.62879882670      0.798496924323      0.842722493626E-01  0.842722493626E-01  0.230703963436    
   2.18750000000      0.306887994293E-02  0.399936203749     -0.180832606615E-17   1.61908011094      0.799872407497      0.848589008969E-01  0.848589008969E-01  0.230218401955    
   2.21875000000      0.306615955743E-02  0.400632622439     -0.183142371518E-17   1.60928123292      0.801265244878      0.854514119715E-01  0.854514119715E-01  0.229729798496    
   2.25000000000      0.306340549269E-02  0.401337663012     -0.220612576148E-17   1.59940433605      0.802675326024      0.860496922616E-01  0.860496922616E-01  0.229238278489    
   2.28125000000      0.306061796789E-02  0.402051269360     -0.139445869473E-17   1.58945156818      0.804102538719      0.866536513891E-01  0.866536513891E-01  0.228743966581    
   2.31250000000      0.305779720566E-02  0.402773384491     -0.220540389712E-17   1.57942508084      0.805546768982      0.872631989568E-01  0.872631989568E-01  0.228246986578    
   2.34375000000      0.305494343204E-02  0.403503950539     -0.190156468149E-17   1.56932702843      0.807007901078      0.878782445815E-01  0.878782445815E-01  0.227747461376    
   2.37500000000      0.305205687647E-02  0.404242908763     -0.148754433788E-17   1.55915956747      0.808485817526      0.884986979263E-01  0.884986979263E-01  0.227245512911    
   2.40625000000      0.304913777181E-02  0.404990199557     -0.153119513085E-17   1.54892485583      0.809980399115      0.891244687329E-01  0.891244687329E-01  0.226741262092    
   2.43750000000      0.304618635423E-02  0.405745762456     -0.192922400697E-17   1.53862505192      0.811491524913      0.897554668529E-01  0.897554668529E-01  0.226234828751    
   2.46875000000      0.304320286327E-02  0.406509536142     -0.171947802570E-17   1.52826231401      0.813019072284      0.903916022791E-01  0.903916022791E-01  0.225726331584    
   2.50000000000      0.304018754175E-02  0.407281458451     -0.134970652793E-17   1.51783879941      0.814562916903      0.910327851752E-01  0.910327851752E-01  0.225215888101    
   2.53125000000      0.303714063577E-02  0.408061466384     -0.119069508053E-17   1.50735666378      0.816122932768      0.916789259061E-01  0.916789259061E-01  0.224703614572    
   2.56250000000      0.303406239464E-02  0.408849496111     -0.665289886110E-18   1.49681806040      0.817698992222      0.923299350667E-01  0.923299350667E-01  0.224189625978    
   2.59375000000      0.303095307092E-02  0.409645482984     -0.119918113506E-17   1.48622513940      0.819290965969      0.929857235105E-01  0.929857235105E-01  0.223674035963    
   2.62500000000      0.302781292029E-02  0.410449361545     -0.130466833263E-17   1.47558004714      0.820898723090      0.936462023771E-01  0.936462023771E-01  0.223156956791    
   2.65625000000      0.302464220159E-02  0.411261065534     -0.828524879106E-18   1.46488492542      0.822522131067      0.943112831200E-01  0.943112831200E-01  0.222638499293    
   2.68750000000      0.302144117671E-02  0.412080527901     -0.801127137286E-18   1.45414191084      0.824161055802      0.949808775327E-01  0.949808775327E-01  0.222118772836    
   2.71875000000      0.301821011063E-02  0.412907680820     -0.109621735553E-17   1.44335313411      0.825815361639      0.956548977746E-01  0.956548977746E-01  0.221597885270    
   2.75000000000      0.301494927128E-02  0.413742455693     -0.843239286040E-18   1.43252071941      0.827484911385      0.963332563964E-01  0.963332563964E-01  0.221075942900    
   2.78125000000      0.301165892958E-02  0.414584783168     -0.834820219901E-18   1.42164678369      0.829169566336      0.970158663641E-01  0.970158663641E-01  0.220553050440    
   2.81250000000      0.300833935934E-02  0.415434593149     -0.810116630698E-18   1.41073343604      0.830869186298      0.977026410838E-01  0.977026410838E-01  0.220029310982    
   2.84375000000      0.300499083723E-02  0.416291814809     -0.967338666694E-18   1.39978277706      0.832583629618      0.983934944237E-01  0.983934944237E-01  0.219504825962    
   2.87500000000      0.300161364273E-02  0.417156376602     -0.647677127281E-18   1.38879689826      0.834312753204      0.990883407375E-01  0.990883407375E-01  0.218979695127    
   2.90625000000      0.299820805806E-02  0.418028206278     -0.678049998366E-18   1.37777788139      0.836056412555      0.997870948855E-01  0.997870948855E-01  0.218454016507    
   2.93750000000      0.299477436814E-02  0.418907230895     -0.751742043796E-18   1.36672779794      0.837814461790      0.100489672256      0.100489672256      0.217927886383    
   2.96875000000      0.299131286056E-02  0.419793376836     -0.694130886476E-18   1.35564948043      0.839586753672      0.101195988785      0.101195988785      0.217401399266    
   3.00000000000      0.298782382546E-02  0.420686569823     -0.109391988605E-17   1.35034918088      0.841373139645      0.101905960978      0.101905960978      0.216874647866    
   3.03125000000      0.298430755552E-02  0.421586734928     -0.142626122387E-17   1.34776734457      0.843173469856      0.102619505925      0.102619505925      0.216347723077    
   3.06250000000      0.298076434588E-02  0.422493796596     -0.142875913718E-17   1.34610194531      0.844987593191      0.103336541324      0.103336541324      0.215820713948    
   3.09375000000      0.297719449409E-02  0.423407678653     -0.122280123423E-17   1.34517216508      0.846815357307      0.104056985492      0.104056985492      0.215293707670    
   3.12500000000      0.297359830004E-02  0.424328304330     -0.143423973524E-17   1.34491108070      0.848656608660      0.104780757388      0.104780757388      0.214766789555    
   3.15625000000      0.296997606589E-02  0.425255596272     -0.149693307145E-17   1.34479030275      0.850511192544      0.105507776626      0.105507776626      0.214240043020    
   3.18750000000      0.296632809601E-02  0.426189476560     -0.927554167859E-18   1.34549185222      0.852378953121      0.106237963491      0.106237963491      0.213713549579    
   3.21875000000      0.296265469692E-02  0.427129866727     -0.992672235478E-18   1.34641514979      0.854259733454      0.106971238953      0.106971238953      0.213187388821    
   3.25000000000      0.295895617721E-02  0.428076687774     -0.127613013917E-17   1.34754804563      0.856153375548      0.107707524684      0.107707524684      0.212661638407    
   3.28125000000      0.295523284746E-02  0.429029860189     -0.939998747638E-18   1.34908899150      0.858059720378      0.108446743065      0.108446743065      0.212136374058    
   3.31250000000      0.295148502021E-02  0.429989303966     -0.913503104549E-18   1.35101357291      0.859978607933      0.109188817208      0.109188817208      0.211611669550    
   3.34375000000      0.294771300983E-02  0.430954938622     -0.133504571789E-17   1.35289981379      0.861909877244      0.109933670959      0.109933670959      0.211087596704    
   3.37500000000      0.294391713252E-02  0.431926683215     -0.141153471211E-17   1.35492142372      0.863853366430      0.110681228915      0.110681228915      0.210564225386    
   3.40625000000      0.294009770615E-02  0.432904456365     -0.166518123083E-17   1.35717346534      0.865808912730      0.111431416431      0.111431416431      0.210041623502    
   3.43750000000      0.293625505027E-02  0.433888176271     -0.194619506447E-17   1.36002792035      0.867776352542      0.112184159636      0.112184159636      0.209519857000    
   3.46875000000      0.293238948597E-02  0.434877760732     -0.153040383366E-17   1.36299352468      0.869755521463      0.112939385433      0.112939385433      0.208998989866    
   3.50000000000      0.292850133584E-02  0.435873127164     -0.164399037940E-17   1.36591251167      0.871746254327      0.113697021517      0.113697021517      0.208479084130    
   3.53125000000      0.292459092390E-02  0.436874192622     -0.148334525743E-17   1.36878388417      0.873748385244      0.114456996377      0.114456996377      0.207960199868    
   3.56250000000      0.292065857547E-02  0.437880873820     -0.134922204566E-17   1.37160667225      0.875761747640      0.115219239308      0.115219239308      0.207442395205    
   3.59375000000      0.291670461715E-02  0.438893087148     -0.146136984554E-17   1.37437993322      0.877786174297      0.115983680412      0.115983680412      0.206925726324    
   3.62500000000      0.291272937673E-02  0.439910748696     -0.130048651665E-17   1.37779906635      0.879821497393      0.116750250611      0.116750250611      0.206410247474    
   3.65625000000      0.290873318308E-02  0.440933774271     -0.100726665563E-17   1.38161627141      0.881867548542      0.117518881648      0.117518881648      0.205896010975    
   3.68750000000      0.290471636610E-02  0.441962079419     -0.138867148554E-17   1.38537970481      0.883924158837      0.118289506093      0.118289506093      0.205383067232    
   3.71875000000      0.290067925662E-02  0.442995579444     -0.111700956654E-17   1.38908837654      0.885991158887      0.119062057350      0.119062057350      0.204871464743    
   3.75000000000      0.289662218636E-02  0.444034189430     -0.122218991589E-17   1.39274132358      0.888068378860      0.119836469657      0.119836469657      0.204361250116    
   3.78125000000      0.289254548780E-02  0.445077824262     -0.147285039352E-17   1.39633760971      0.890155648524      0.120612678092      0.120612678092      0.203852468077    
   3.81250000000      0.288844949412E-02  0.446126398645     -0.148981999750E-17   1.39987632535      0.892252797289      0.121390618576      0.121390618576      0.203345161492    
   3.84375000000      0.288433453912E-02  0.447179827124     -0.157868858821E-17   1.40335658746      0.894359654247      0.122170227874      0.122170227874      0.202839371376    
   3.87500000000      0.288020095716E-02  0.448238024106     -0.139356515076E-17   1.40677753934      0.896476048213      0.122951443596      0.122951443596      0.202335136914    
   3.90625000000      0.287604908303E-02  0.449300903883     -0.121670621619E-17   1.41058028626      0.898601807766      0.123734204202      0.123734204202      0.201832495479    
   3.93750000000      0.287187925192E-02  0.450368380647     -0.169564180405E-17   1.41496455408      0.900736761295      0.124518449000      0.124518449000      0.201331482648    
   3.96875000000      0.286769179931E-02  0.451440368515     -0.990707361743E-18   1.41928872194      0.902880737031      0.125304118145      0.125304118145      0.200832132226    
   4.00000000000      0.286348706090E-02  0.452516781549     -0.131829143847E-17   1.42355207241      0.905033563097      0.126091152641      0.126091152641      0.200334476266    
   4.03125000000      0.285926537252E-02  0.453597533773     -0.998910418988E-18   1.43043439694      0.907195067545      0.126879494343      0.126879494343      0.199838545087    
   4.06250000000      0.285502707008E-02  0.454682539198     -0.655241064414E-18   1.43728396192      0.909365078397      0.127669085949      0.127669085949      0.199344367301    
   4.09375000000      0.285077248944E-02  0.455771711842     -0.721155027005E-18   1.44410010995      0.911543423685      0.128459871003      0.128459871003      0.198851969836    
   4.12500000000      0.284650196638E-02  0.456864965746     -0.423919982563E-18   1.45088218866      0.913729931493      0.129251793895      0.129251793895      0.198361377956    
   4.15625000000      0.284221583648E-02  0.457962214998     -0.894671945588E-18   1.45762955087      0.915924429997      0.130044799854      0.130044799854      0.197872615291    
   4.18750000000      0.283791443510E-02  0.459063373753     -0.796586820902E-18   1.46434155476      0.918126747505      0.130838834946      0.130838834946      0.197385703860    
   4.21875000000      0.283359809723E-02  0.460168356249     -0.544758909561E-18   1.47101756399      0.920336712497      0.131633846076      0.131633846076      0.196900664097    
   4.25000000000      0.282926715745E-02  0.461277076831     -0.573346286749E-18   1.47765694785      0.922554153663      0.132429780976      0.132429780976      0.196417514879    
   4.28125000000      0.282492194987E-02  0.462389449972     -0.301344811745E-18   1.48425908139      0.924778899943      0.133226588210      0.133226588210      0.195936273551    
   4.31250000000      0.282056280802E-02  0.463505390284     -0.628149189089E-18   1.49082334553      0.927010780568      0.134024217163      0.134024217163      0.195456955959    
   4.34375000000      0.281619006481E-02  0.464624812547     -0.146695176347E-18   1.49734912724      0.929249625094      0.134822618038      0.134822618038      0.194979576470    
   4.37500000000      0.281180405241E-02  0.465747631722      0.138330575384E-18   1.50383581961      0.931495263444      0.135621741856      0.135621741856      0.194504148011    
   4.40625000000      0.280740510221E-02  0.466873762972      0.410097065784E-18   1.51028282201      0.933747525945      0.136421540442      0.136421540442      0.194030682089    
   4.43750000000      0.280299354475E-02  0.468003121681      0.520342837653E-18   1.51734346984      0.936006243363      0.137221966427      0.137221966427      0.193559188827    
   4.46875000000      0.279856970964E-02  0.469135623470      0.743071689979E-18   1.52460389071      0.938271246941      0.138022973240      0.138022973240      0.193089676990    
   4.50000000000      0.279413392547E-02  0.470271184219      0.814107570661E-18   1.53183194429      0.940542368437      0.138824515099      0.138824515099      0.192622154020    
   4.53125000000      0.278968651976E-02  0.471409720079      0.651004561356E-18   1.53902698222      0.942819440158      0.139626547009      0.139626547009      0.192156626061    
   4.56250000000      0.278522781891E-02  0.472551147498      0.572527306410E-18   1.54618836102      0.945102294995      0.140429024752      0.140429024752      0.191693097994    
   4.59375000000      0.278075814808E-02  0.473695383230      0.105404309827E-17   1.55331544217      0.947390766460      0.141231904882      0.141231904882      0.191231573466    
   4.62500000000      0.277627783117E-02  0.474842344358      0.823853823211E-18   1.56040759231      0.949684688716      0.142035144717      0.142035144717      0.190772054924    
   4.65625000000      0.277178719074E-02  0.475991948308      0.113373768138E-17   1.56746418329      0.951983896616      0.142838702333      0.142838702333      0.190314543642    
   4.68750000000      0.276728654794E-02  0.477144112866      0.113370634920E-17   1.57448459232      0.954288225732      0.143642536554      0.143642536554      0.189859039758    
   4.71875000000      0.276277622243E-02  0.478298756196      0.165864289245E-17   1.58146820209      0.956597512391      0.144446606947      0.144446606947      0.189405542301    
   4.75000000000      0.275825653237E-02  0.479455796851      0.187047705626E-17   1.58841440088      0.958911593703      0.145250873813      0.145250873813      0.188954049226    
   4.78125000000      0.275372779430E-02  0.480615153797      0.116600913106E-17   1.59532258266      0.961230307595      0.146055298176      0.146055298176      0.188504557445    
   4.81250000000      0.274919032312E-02  0.481776746420      0.106076134378E-17   1.60219214720      0.963553492840      0.146859841782      0.146859841782      0.188057062857    
   4.84375000000      0.274464443200E-02  0.482940494545      0.146858867678E-17   1.60902250016      0.965880989090      0.147664467081      0.147664467081      0.187611560384    
   4.87500000000      0.274009043237E-02  0.484106318451      0.159230759525E-17   1.61581305323      0.968212636902      0.148469137226      0.148469137226      0.187168043998    
   4.90625000000      0.273552863380E-02  0.485274138884      0.177572893811E-17   1.62256322419      0.970548277768      0.149273816063      0.149273816063      0.186726506758    
   4.93750000000      0.273095934401E-02  0.486443877071      0.168761725033E-17   1.62927243702      0.972887754143      0.150078468118      0.150078468118      0.186286940836    
   4.96875000000      0.272638286875E-02  0.487615454737      0.160642060685E-17   1.63594012198      0.975230909473      0.150883058591      0.150883058591      0.185849337555    
   5.00000000000      0.272179951182E-02  0.488788794111      0.195670159524E-17   1.64256571571      0.977577588221      0.151687553349      0.151687553349      0.185413687413    
