   0.00000000000      0.316628698882E-02  0.375000000000      0.207592740580E-18   2.00000000000      0.750000000000      0.625000000000E-01  0.625000000000E-01  0.250000000000    
  0.125000000000      0.316627776314E-02  0.375604111141     -0.170607904728E-18   1.99229718109      0.751208222283      0.629228302293E-01  0.629228302293E-01  0.249758450683    
  0.250000000000      0.316624997603E-02  0.377424733554      0.538919783320E-18   1.96943926739      0.754849467108      0.641896260855E-01  0.641896260855E-01  0.249045481383    
  0.375000000000      0.316620325068E-02  0.380486538081      0.844543959150E-18   1.93216023618      0.760973076162      0.662956059429E-01  0.662956059429E-01  0.247895326195    
  0.500000000000      0.316613696829E-02  0.384830040178     -0.502324718850E-19   1.88162690377      0.769660080355      0.692337788555E-01  0.692337788555E-01  0.246362482466    
  0.625000000000      0.316605028035E-02  0.390510797550     -0.331981465596E-18   1.81936114446      0.781021595100      0.729962971849E-01  0.729962971849E-01  0.244518203180    
  0.750000000000      0.316594212316E-02  0.397598466060     -0.148489462669E-18   1.74714363613      0.795196932120      0.775761391573E-01  0.775761391573E-01  0.242446187745    
  0.875000000000      0.316581123245E-02  0.406175844258      0.633874750017E-18   1.66690918406      0.812351688515      0.829689498711E-01  0.829689498711E-01  0.240237944515    
   1.00000000000      0.316565615651E-02  0.416338017723      0.253768591293E-18   1.58064352727      0.832676035447      0.891748665003E-01  0.891748665003E-01  0.237988284723    
   1.12500000000      0.316547526670E-02  0.428191672244      0.331150519808E-18   1.49029007982      0.856383344488      0.962001709330E-01  0.962001709330E-01  0.235791330378    
   1.25000000000      0.316526676524E-02  0.441854590008      0.377096934775E-18   1.39794269117      0.883709180015      0.104058645227      0.104058645227      0.233737299555    
   1.37500000000      0.316502869068E-02  0.457455288662      0.515082602763E-18   1.33297083751      0.914910577323      0.112772545773      0.112772545773      0.231910197117    
   1.50000000000      0.316475892257E-02  0.475132723581      0.129773395845E-17   1.40564769410      0.950265447161      0.122373155884      0.122373155884      0.230386411812    
   1.62500000000      0.316445518633E-02  0.495035962710      0.906109352354E-18   1.50208228945      0.990071925421      0.132900920913      0.132900920913      0.229234120884    
   1.75000000000      0.316411505951E-02  0.517323772600      0.200623476617E-17   1.61090304636       1.03464754520      0.144405214893      0.144405214893      0.228513342815    
   1.87500000000      0.316373597905E-02  0.542164131240      0.126904369973E-17   1.73251315397       1.08432826248      0.156943835013      0.156943835013      0.228276461214    
   2.00000000000      0.316331524744E-02  0.569733808492      0.158322625232E-17   1.86729121850       1.13946761698      0.170582372397      0.170582372397      0.228569063697    
   2.12500000000      0.316285003318E-02  0.600218318843      0.177898050722E-17   2.01821791241       1.20043663769      0.185393665989      0.185393665989      0.229430986865    
   2.25000000000      0.316233735824E-02  0.633812735914      0.183716035456E-17   2.18512462511       1.26762547183      0.201457609877      0.201457609877      0.230897516160    
   2.37500000000      0.316177406205E-02  0.670724044984      0.161648516285E-17   2.37250126878       1.34144808997      0.218861649985      0.218861649985      0.233000745013    
   2.50000000000      0.316115672901E-02  0.711175894030      0.178617767972E-17   2.58240969693       1.42235178806      0.237702370907      0.237702370907      0.235771152216    
   2.62500000000      0.316048156322E-02  0.755416808008      0.171792656309E-17   2.81673712930       1.51083361602      0.258088637245      0.258088637245      0.239239533518    
   2.75000000000      0.315974418952E-02  0.803733213131      0.137344980940E-17   3.08740568676       1.60746642626      0.280146819325      0.280146819325      0.243439574480    
   2.87500000000      0.315893935342E-02  0.856469071813      0.170802430885E-17   3.39219424257       1.71293814363      0.304028706188      0.304028706188      0.248411659437    
   3.00000000000      0.315806048036E-02  0.914054684657      0.174540558139E-17   3.75712557371       1.82810936931      0.329922795474      0.329922795474      0.254209093709    
   3.12500000000      0.315709903670E-02  0.977048419233      0.146790685036E-17   4.17034243238       1.95409683847      0.358069753258      0.358069753258      0.260908912717    
   3.25000000000      0.315604360882E-02   1.04619678660      0.142495317061E-17   4.69863610129       2.09239357321      0.388782931697      0.388782931697      0.268630923210    
   3.37500000000      0.315487859542E-02   1.12251968704      0.144584211771E-17   5.34211824453       2.24503937407      0.422474750454      0.422474750454      0.277570186127    
   3.50000000000      0.315358243449E-02   1.20742587000      0.103670410785E-17   6.12973735948       2.41485173999      0.459688875622      0.459688875622      0.288048118752    
   3.62500000000      0.315212546348E-02   1.30285198656      0.141347170176E-17   7.15290631709       2.60570397312      0.501135066769      0.501135066769      0.300581853022    
   3.75000000000      0.315046793965E-02   1.41139011059      0.138191729463E-17   8.39535114546       2.82278022118      0.547716764246      0.547716764246      0.315956582098    
   3.87500000000      0.314855927149E-02   1.53633250384      0.148693486081E-17   9.86780402737       3.07266500768      0.600532199404      0.600532199404      0.335268105031    
   4.00000000000      0.314633953455E-02   1.68155703111      0.179243254890E-17   11.6545307569       3.36311406222      0.660824613549      0.660824613549      0.359907804012    
   4.12500000000      0.314374350576E-02   1.85122662330      0.145371900972E-17   13.4705673005       3.70245324661      0.729861597607      0.729861597607      0.391503428089    
   4.25000000000      0.314070661171E-02   2.04932207466      0.257610973375E-17   15.6440938071       4.09864414933      0.808726199926      0.808726199927      0.431869674810    
   4.37500000000      0.313717264672E-02   2.27898026080      0.345135752170E-17   17.7605506904       4.55796052159      0.897970529370      0.897970529377      0.483039202048    
   4.50000000000      0.313310500527E-02   2.54147050497      0.464676305188E-17   19.4391727488       5.08294100993      0.996998300809      0.996998300870      0.547473903286    
   4.62500000000      0.312850502366E-02   2.83461101490      0.512196912514E-17   22.0223091960       5.66922202980       1.10313555139       1.10313555176      0.628339911750    
   4.75000000000      0.312343664107E-02   3.15156171835      0.508547934812E-17   23.8876521629       6.30312343669       1.21156011978       1.21156012090      0.728441477662    
   4.87500000000      0.311802773389E-02   3.48206798621      0.618322221520E-17   24.8211342039       6.96413597241       1.31805508718       1.31805508870      0.845957810323    
   5.00000000000      0.311241068763E-02   3.81571601369      0.500103082826E-17   24.1103003879       7.63143202738       1.42217212300       1.42217212381      0.971371766879    
