   0.00000000000      0.316628698882E-02  0.375000000000     -0.252397431169E-18   2.00000000000      0.750000000000      0.625000000000E-01  0.625000000000E-01  0.250000000000    
  0.625000000000E-01  0.316620531466E-02  0.375020908585     -0.558435425232E-18   1.99965427660      0.750041817170      0.625197940136E-01  0.625197940136E-01  0.249981320558    
  0.125000000000      0.316596031196E-02  0.375083629277     -0.422810049665E-18   1.99861747529      0.750167258553      0.625791594794E-01  0.625791594794E-01  0.249925310318    
  0.187500000000      0.316555204008E-02  0.375188146877     -0.351607563712E-18   1.99689070200      0.750376293753      0.626780467120E-01  0.626780467120E-01  0.249832053453    
  0.250000000000      0.316498059812E-02  0.375334436018     -0.435304810380E-19   1.99447579750      0.750668872037      0.628163730324E-01  0.628163730324E-01  0.249701689953    
  0.312500000000      0.316424612509E-02  0.375522461115     -0.273836838240E-18   1.99137533370      0.751044922230      0.629940229633E-01  0.629940229633E-01  0.249534415189    
  0.375000000000      0.316334880020E-02  0.375752176288     -0.316841997913E-18   1.98759260856      0.751504352576      0.632108485004E-01  0.632108485004E-01  0.249330479287    
  0.437500000000      0.316228884323E-02  0.376023525272      0.167817395230E-18   1.98313163948      0.752047050544      0.634666694603E-01  0.634666694603E-01  0.249090186351    
  0.500000000000      0.316106651496E-02  0.376336441308     -0.332744405062E-19   1.97799715534      0.752672882616      0.637612739017E-01  0.637612739017E-01  0.248813893505    
  0.562500000000      0.315968211769E-02  0.376690847010      0.106785332747E-18   1.97219458712      0.753381694021      0.640944186194E-01  0.640944186194E-01  0.248502009772    
  0.625000000000      0.315813599577E-02  0.377086654224      0.371537337581E-18   1.96573005717      0.754173308448      0.644658297090E-01  0.644658297090E-01  0.248154994806    
  0.687500000000      0.315642853624E-02  0.377523763862      0.989836043564E-18   1.95861036717      0.755047527725      0.648752031993E-01  0.648752031993E-01  0.247773357464    
  0.750000000000      0.315456016956E-02  0.378002065734      0.421026972398E-18   1.95084298474      0.756004131467      0.653222057504E-01  0.653222057504E-01  0.247357654233    
  0.812500000000      0.315253137027E-02  0.378521438353      0.588397630547E-18   1.94243602890      0.757042876707      0.658064754139E-01  0.658064754139E-01  0.246908487526    
  0.875000000000      0.315034265779E-02  0.379081748749      0.101004918832E-17   1.93339825426      0.758163497497      0.663276224536E-01  0.663276224536E-01  0.246426503841    
  0.937500000000      0.314799459724E-02  0.379682852250      0.721132291308E-18   1.92373903409      0.759365704499      0.668852302212E-01  0.668852302212E-01  0.245912391807    
   1.00000000000      0.314548780025E-02  0.380324592280      0.586513440314E-18   1.91346834231      0.760649184561      0.674788560859E-01  0.674788560859E-01  0.245366880109    
   1.06250000000      0.314282292580E-02  0.381006800139      0.788370535146E-19   1.90259673439      0.762013600277      0.681080324124E-01  0.681080324124E-01  0.244790735314    
   1.12500000000      0.314000068112E-02  0.381729294779      0.562211978752E-19   1.89113532735      0.763458589557      0.687722675843E-01  0.687722675843E-01  0.244184759610    
   1.18750000000      0.313702182249E-02  0.382491882589     -0.389056279634E-18   1.87909577874      0.764983765177      0.694710470685E-01  0.694710470685E-01  0.243549788452    
   1.25000000000      0.313388715614E-02  0.383294357175      0.315609232708E-19   1.86649026488      0.766588714349      0.702038345175E-01  0.702038345175E-01  0.242886688140    
   1.31250000000      0.313059753907E-02  0.384136499144      0.501843260732E-18   1.85333145824      0.768272998289      0.709700729044E-01  0.709700729044E-01  0.242196353336    
   1.37500000000      0.312715387988E-02  0.385018075900     -0.170232310683E-18   1.83963250406      0.770036151799      0.717691856864E-01  0.717691856864E-01  0.241479704527    
   1.43750000000      0.312355713950E-02  0.385938841436      0.411659939660E-18   1.82540699648      0.771877682873      0.726005779934E-01  0.726005779934E-01  0.240737685450    
   1.50000000000      0.311980833201E-02  0.386898536155     -0.315985247941E-18   1.81066895388      0.773797072309      0.734636378373E-01  0.734636378373E-01  0.239971260480    
   1.56250000000      0.311590852527E-02  0.387896886682     -0.470761775717E-18   1.79543279385      0.775793773364      0.743577373364E-01  0.743577373364E-01  0.239181412009    
   1.62500000000      0.311185884156E-02  0.388933605711     -0.677170321934E-18   1.77971330771      0.777867211423      0.752822339522E-01  0.752822339522E-01  0.238369137807    
   1.68750000000      0.310766045819E-02  0.390008391855     -0.517845720183E-18   1.76352563455      0.780016783710      0.762364717343E-01  0.762364717343E-01  0.237535448387    
   1.75000000000      0.310331460794E-02  0.391120929519     -0.820435149942E-18   1.74688523518      0.782241859037      0.772197825681E-01  0.772197825681E-01  0.236681364382    
   1.81250000000      0.309882257953E-02  0.392270888793     -0.282091751351E-19   1.72980786559      0.784541777586      0.782314874223E-01  0.782314874223E-01  0.235807913949    
   1.87500000000      0.309418571790E-02  0.393457925372     -0.579847889312E-18   1.71230955051      0.786915850744      0.792708975924E-01  0.792708975924E-01  0.234916130187    
   1.93750000000      0.308940542447E-02  0.394681680488     -0.859478599365E-18   1.69440655672      0.789363360977      0.803373159350E-01  0.803373159350E-01  0.234007048618    
   2.00000000000      0.308448315731E-02  0.395941780882     -0.933362301501E-18   1.67611536639      0.791883561763      0.814300380913E-01  0.814300380913E-01  0.233081704699    
   2.06250000000      0.307942043112E-02  0.397237838787     -0.101488865172E-17   1.65745265051      0.794475677573      0.825483536945E-01  0.825483536945E-01  0.232141131398    
   2.12500000000      0.307421881719E-02  0.398569451953     -0.956125522593E-18   1.63843524235      0.797138903906      0.836915475588E-01  0.836915475588E-01  0.231186356835    
   2.18750000000      0.306887994322E-02  0.399936203691     -0.677158395770E-18   1.61908011122      0.799872407382      0.848589008462E-01  0.848589008462E-01  0.230218401999    
   2.25000000000      0.306340549298E-02  0.401337662951     -0.527942041726E-18   1.59940433635      0.802675325902      0.860496922083E-01  0.860496922083E-01  0.229238278534    
   2.31250000000      0.305779720597E-02  0.402773384426     -0.692590551777E-18   1.57942508114      0.805546768853      0.872631989008E-01  0.872631989008E-01  0.228246986625    
   2.37500000000      0.305205687680E-02  0.404242908694     -0.113822048880E-17   1.55915956779      0.808485817389      0.884986978676E-01  0.884986978676E-01  0.227245512959    
   2.43750000000      0.304618635457E-02  0.405745762384     -0.108350775684E-17   1.53862505225      0.811491524768      0.897554667914E-01  0.897554667914E-01  0.226234828801    
   2.50000000000      0.304018754211E-02  0.407281458375     -0.857644366746E-18   1.51783879974      0.814562916750      0.910327851109E-01  0.910327851109E-01  0.225215888153    
   2.56250000000      0.303406239502E-02  0.408849496030     -0.153426086273E-17   1.49681806074      0.817698992061      0.923299349996E-01  0.923299349996E-01  0.224189626031    
   2.62500000000      0.302781292068E-02  0.410449361460     -0.140555220419E-17   1.47558004749      0.820898722920      0.936462023072E-01  0.936462023072E-01  0.223156956846    
   2.68750000000      0.302144117712E-02  0.412080527812     -0.162023161051E-17   1.45414191119      0.824161055624      0.949808774599E-01  0.949808774599E-01  0.222118772892    
   2.75000000000      0.301494927170E-02  0.413742455599     -0.154239258085E-17   1.43252071977      0.827484911198      0.963332563207E-01  0.963332563207E-01  0.221075942958    
   2.81250000000      0.300833935977E-02  0.415434593051     -0.139517756015E-17   1.41073343641      0.830869186103      0.977026410052E-01  0.977026410052E-01  0.220029311041    
   2.87500000000      0.300161364317E-02  0.417156376500     -0.134655386356E-17   1.38879689862      0.834312752999      0.990883406560E-01  0.990883406560E-01  0.218979695188    
   2.93750000000      0.299477436861E-02  0.418907230788     -0.971299549982E-18   1.36672779831      0.837814461576      0.100489672171      0.100489672171      0.217927886445    
   3.00000000000      0.298782382594E-02  0.420686569711     -0.122839399062E-17   1.35057608377      0.841373139422      0.101905960891      0.101905960891      0.216874647929    
   3.06250000000      0.298076434637E-02  0.422493796479     -0.118231376071E-17   1.34651065265      0.844987592958      0.103336541233      0.103336541233      0.215820714012    
   3.12500000000      0.297359830055E-02  0.424328304209     -0.132186392586E-17   1.34515113525      0.848656608418      0.104780757295      0.104780757295      0.214766789620    
   3.18750000000      0.296632809654E-02  0.426189476434     -0.204402567507E-17   1.34591308701      0.852378952869      0.106237963395      0.106237963395      0.213713549645    
   3.25000000000      0.295895617775E-02  0.428076687643     -0.138427130050E-17   1.34807087094      0.856153375286      0.107707524585      0.107707524585      0.212661638474    
   3.31250000000      0.295148502076E-02  0.429989303831     -0.158171098194E-17   1.35129494242      0.859978607661      0.109188817106      0.109188817106      0.211611669618    
   3.37500000000      0.294391713309E-02  0.431926683075     -0.186709084833E-17   1.35548161307      0.863853366149      0.110681228810      0.110681228810      0.210564225455    
   3.43750000000      0.293625505085E-02  0.433888176126     -0.151292648917E-17   1.36054628522      0.867776352251      0.112184159528      0.112184159528      0.209519857070    
   3.50000000000      0.292850133644E-02  0.435873127013     -0.143495121316E-17   1.36602520267      0.871746254026      0.113697021406      0.113697021406      0.208479084201    
   3.56250000000      0.292065857608E-02  0.437880873664     -0.186441880140E-17   1.37208803313      0.875761747329      0.115219239194      0.115219239194      0.207442395276    
   3.62500000000      0.291272937736E-02  0.439910748536     -0.194361737843E-17   1.37862837969      0.879821497072      0.116750250495      0.116750250495      0.206410247546    
   3.68750000000      0.290471636674E-02  0.441962079253     -0.181282998729E-17   1.38537970309      0.883924158506      0.118289505974      0.118289505974      0.205383067305    
   3.75000000000      0.289662218702E-02  0.444034189260     -0.263600215020E-17   1.39274132186      0.888068378519      0.119836469535      0.119836469535      0.204361250189    
   3.81250000000      0.288844949479E-02  0.446126398469     -0.234373300800E-17   1.39990184464      0.892252796939      0.121390618452      0.121390618452      0.203345161566    
   3.87500000000      0.288020095784E-02  0.448238023926     -0.259573167603E-17   1.40788110308      0.896476047852      0.122951443469      0.122951443469      0.202335136988    
   3.93750000000      0.287187925262E-02  0.450368380462     -0.309459221236E-17   1.41563858165      0.900736760924      0.124518448870      0.124518448870      0.201331482722    
   4.00000000000      0.286348706161E-02  0.452516781359     -0.267862233208E-17   1.42355207018      0.905033562717      0.126091152509      0.126091152509      0.200334476340    
   4.06250000000      0.285502707080E-02  0.454682539004     -0.275495000582E-17   1.43728395969      0.909365078007      0.127669085814      0.127669085814      0.199344367376    
   4.12500000000      0.284650196712E-02  0.456864965547     -0.304385437030E-17   1.45088218641      0.913729931093      0.129251793758      0.129251793758      0.198361378031    
   4.18750000000      0.283791443585E-02  0.459063373548     -0.259380663752E-17   1.46434155250      0.918126747097      0.130838834807      0.130838834807      0.197385703935    
   4.25000000000      0.282926715821E-02  0.461277076623     -0.245062115620E-17   1.47765694560      0.922554153245      0.132429780834      0.132429780834      0.196417514954    
   4.31250000000      0.282056280880E-02  0.463505390070     -0.280173710352E-17   1.49149955412      0.927010780141      0.134024217018      0.134024217018      0.195456956034    
   4.37500000000      0.281180405320E-02  0.465747631504     -0.238892347632E-17   1.50540462939      0.931495263008      0.135621741709      0.135621741709      0.194504148086    
   4.43750000000      0.280299354556E-02  0.468003121459     -0.270185505142E-17   1.51916899897      0.936006242918      0.137221966278      0.137221966278      0.193559188902    
   4.50000000000      0.279413392628E-02  0.470271183992     -0.271470990696E-17   1.53278763023      0.940542367983      0.138824514948      0.138824514948      0.192622154095    
   4.56250000000      0.278522781973E-02  0.472551147267     -0.277784112689E-17   1.54625558064      0.945102294533      0.140429024599      0.140429024599      0.191693098069    
   4.62500000000      0.277627783201E-02  0.474842344123     -0.245072326181E-17   1.56040759004      0.949684688245      0.142035144562      0.142035144562      0.190772054999    
   4.68750000000      0.276728654878E-02  0.477144112627     -0.261471762507E-17   1.57448459004      0.954288225254      0.143642536397      0.143642536397      0.189859039833    
   4.75000000000      0.275825653323E-02  0.479455796608     -0.245715570360E-17   1.58841439861      0.958911593216      0.145250873654      0.145250873654      0.188954049301    
   4.81250000000      0.274919032399E-02  0.481776746173     -0.272218075134E-17   1.60219214492      0.963553492345      0.146859841621      0.146859841621      0.188057062931    
   4.87500000000      0.274009043325E-02  0.484106318200     -0.289071359956E-17   1.61581305097      0.968212636400      0.148469137064      0.148469137064      0.187168044072    
   4.93750000000      0.273095934490E-02  0.486443876817     -0.267122789841E-17   1.62983941356      0.972887753633      0.150078467953      0.150078467953      0.186286940910    
   5.00000000000      0.272179951272E-02  0.488788793852     -0.272668695232E-17   1.64408279100      0.977577587705      0.151687553183      0.151687553183      0.185413687486    
   5.06250000000      0.271261335874E-02  0.491140449270     -0.326200447829E-17   1.65817299360      0.982280898540      0.153296122281      0.153296122281      0.184548204709    
   5.12500000000      0.270340327161E-02  0.493498231576     -0.366467667266E-17   1.67210530570      0.986996463152      0.154903915113      0.154903915113      0.183690401350    
   5.18750000000      0.269417160508E-02  0.495861538207     -0.361088885883E-17   1.68642578905      0.991723076413      0.156510681584      0.156510681584      0.182840175039    
   5.25000000000      0.268492067661E-02  0.498229775894     -0.373368552551E-17   1.70071534553      0.996459551787      0.158116181331      0.158116181331      0.181997413231    
   5.31250000000      0.267565276603E-02  0.500602361001     -0.397957758295E-17   1.71486278123       1.00120472200      0.159720183415      0.159720183415      0.181161994170    
   5.37500000000      0.266637011429E-02  0.502978719846     -0.341789501993E-17   1.72886396957       1.00595743969      0.161322466012      0.161322466012      0.180333787822    
   5.43750000000      0.265707492232E-02  0.505358288988     -0.432183596668E-17   1.74271487380       1.01071657798      0.162922816097      0.162922816097      0.179512656795    
   5.50000000000      0.264776935000E-02  0.507740515502     -0.396148023864E-17   1.75728289019       1.01548103100      0.164521029135      0.164521029135      0.178698457232    
   5.56250000000      0.263845551516E-02  0.510124857220     -0.440828740443E-17   1.77178358228       1.02024971444      0.166116908770      0.166116908770      0.177891039681    
   5.62500000000      0.262913549275E-02  0.512510782958     -0.393825052641E-17   1.78613774223       1.02502156592      0.167710266509      0.167710266509      0.177090249940    
   5.68750000000      0.261981131401E-02  0.514897772714     -0.421389393596E-17   1.80034136028       1.02979554543      0.169300921420      0.169300921420      0.176295929874    
   5.75000000000      0.261048496586E-02  0.517285317841     -0.423144884931E-17   1.81439051508       1.03457063568      0.170888699819      0.170888699819      0.175507918204    
   5.81250000000      0.260115839021E-02  0.519672921207     -0.480840983648E-17   1.82828137543       1.03934584241      0.172473434971      0.172473434971      0.174726051264    
   5.87500000000      0.259183348351E-02  0.522060097320     -0.474345756844E-17   1.84219000379       1.04412019464      0.174054966792      0.174054966792      0.173950163736    
   5.93750000000      0.258251209631E-02  0.524446372443     -0.470600785842E-17   1.85668526930       1.04889274489      0.175633141549      0.175633141549      0.173180089346    
   6.00000000000      0.257319603289E-02  0.526831284680     -0.476010297682E-17   1.87107374213       1.05366256936      0.177207811575      0.177207811575      0.172415661530    
   6.06250000000      0.256388705100E-02  0.529214384043     -0.507164089567E-17   1.88530382817       1.05842876809      0.178778834983      0.178778834983      0.171656714076    
   6.12500000000      0.255458686170E-02  0.531595232504     -0.505685443577E-17   1.89965629499       1.06319046501      0.180346075389      0.180346075389      0.170903081727    
   6.18750000000      0.254529712922E-02  0.533973404018     -0.504398268845E-17   1.91442036950       1.06794680804      0.181909401634      0.181909401634      0.170154600751    
   6.25000000000      0.253601947095E-02  0.536348484536     -0.487216661528E-17   1.92904492102       1.07269696907      0.183468687525      0.183468687525      0.169411109485    
   6.31250000000      0.252675545744E-02  0.538720071994     -0.542635391564E-17   1.94352660544       1.07744014399      0.185023811574      0.185023811574      0.168672448846    
   6.37500000000      0.251750661254E-02  0.541087776289     -0.548009219880E-17   1.95786215925       1.08217555258      0.186574656743      0.186574656743      0.167938462802    
   6.43750000000      0.250827441354E-02  0.543451219233     -0.567499749639E-17   1.97204840058       1.08690243847      0.188121110204      0.188121110204      0.167208998824    
   6.50000000000      0.249906029142E-02  0.545810034497     -0.564126059775E-17   1.98608223004       1.09162006899      0.189663063099      0.189663063099      0.166483908298    
   6.56250000000      0.248986563112E-02  0.548163867535     -0.607208432443E-17   1.99996063150       1.09632773507      0.191200410313      0.191200410313      0.165763046909    
   6.62500000000      0.248069177190E-02  0.550512375494     -0.640751515201E-17   2.01451332793       1.10102475099      0.192733050250      0.192733050250      0.165046274994    
   6.68750000000      0.247154000776E-02  0.552855227114     -0.620879728629E-17   2.02905650411       1.10571045423      0.194260884623      0.194260884623      0.164333457867    
   6.75000000000      0.246241158785E-02  0.555192102612     -0.630846115900E-17   2.04344743740       1.11038420522      0.195783818250      0.195783818250      0.163624466112    
   6.81250000000      0.245330771699E-02  0.557522693552     -0.627020941083E-17   2.05768309051       1.11504538710      0.197301758852      0.197301758852      0.162919175848    
   6.87500000000      0.244422955622E-02  0.559846702709     -0.641964900736E-17   2.07176050642       1.11969340542      0.198814616870      0.198814616870      0.162217468970    
   6.93750000000      0.243517822338E-02  0.562163843918     -0.651545250318E-17   2.08664618436       1.12432768784      0.200322305281      0.200322305281      0.161519233356    
   7.00000000000      0.242615479371E-02  0.564473841913     -0.613198582987E-17   2.10141312341       1.12894768383      0.201824739430      0.201824739430      0.160824363053    
   7.06250000000      0.241716030056E-02  0.566776432161     -0.670098682660E-17   2.11604269259       1.13355286432      0.203321836862      0.203321836862      0.160132758436    
   7.12500000000      0.240819573602E-02  0.569071360683     -0.650901662574E-17   2.13053229663       1.13814272137      0.204813517171      0.204813517171      0.159444326341    
   7.18750000000      0.239926205169E-02  0.571358383871     -0.654713443133E-17   2.14487941269       1.14271676774      0.206299701850      0.206299701850      0.158758980172    
   7.25000000000      0.239036015941E-02  0.573637268295     -0.726145063027E-17   2.15908159074       1.14727453659      0.207780314152      0.207780314152      0.158076639992    
   7.31250000000      0.238149093203E-02  0.575907790507     -0.739582290919E-17   2.17313645376       1.15181558101      0.209255278961      0.209255278961      0.157397232585    
   7.37500000000      0.237265520419E-02  0.578169736834     -0.736872114997E-17   2.18704169803       1.15633947367      0.210724522667      0.210724522667      0.156720691500    
   7.43750000000      0.236385377317E-02  0.580422903176     -0.781343335303E-17   2.20110792054       1.16084580635      0.212187973052      0.212187973052      0.156046957071    
   7.50000000000      0.235508739969E-02  0.582667094787     -0.769597645527E-17   2.21566579975       1.16533418957      0.213645559183      0.213645559183      0.155375976421    
   7.56250000000      0.234635680877E-02  0.584902126064     -0.756312398441E-17   2.23007644237       1.16980425213      0.215097211308      0.215097211308      0.154707703448    
   7.62500000000      0.233766269055E-02  0.587127820328     -0.710872146791E-17   2.24433749706       1.17425564066      0.216542860770      0.216542860770      0.154042098788    
   7.68750000000      0.232900570123E-02  0.589344009597     -0.672594603021E-17   2.25844668294       1.17868801919      0.217982439914      0.217982439914      0.153379129769    
   7.75000000000      0.232038646383E-02  0.591550534369     -0.668733809093E-17   2.27295575157       1.18310106874      0.219415882015      0.219415882015      0.152718770339    
   7.81250000000      0.231180556920E-02  0.593747243398     -0.675789618096E-17   2.28787611646       1.18749448680      0.220843121204      0.220843121204      0.152061000989    
   7.87500000000      0.230326357676E-02  0.595933993461     -0.688148679290E-17   2.30266615340       1.19186798692      0.222264092402      0.222264092402      0.151405808656    
   7.93750000000      0.229476101551E-02  0.598110649142     -0.671405920197E-17   2.31732384613       1.19622129828      0.223678731264      0.223678731264      0.150753186613    
   8.00000000000      0.228629838482E-02  0.600277082599     -0.622247319775E-17   2.33184724087       1.20055416520      0.225086974126      0.225086974126      0.150103134348    
   8.06250000000      0.227787615535E-02  0.602433173345     -0.666919357531E-17   2.34623444633       1.20486634669      0.226488757957      0.226488757957      0.149455657431    
   8.12500000000      0.226949476991E-02  0.604578808018     -0.632094789362E-17   2.36048363372       1.20915761604      0.227884020323      0.227884020323      0.148810767371    
   8.18750000000      0.226115464435E-02  0.606713880164     -0.621791382860E-17   2.37459303662       1.21342776033      0.229272699351      0.229272699351      0.148168481461    
   8.25000000000      0.225285616838E-02  0.608838290012     -0.613721488664E-17   2.38856095087       1.21767658002      0.230654733699      0.230654733699      0.147528822613    
   8.31250000000      0.224459970649E-02  0.610951944258     -0.582631444687E-17   2.40238573440       1.22190388852      0.232030062532      0.232030062532      0.146891819193    
   8.37500000000      0.223638559872E-02  0.613054755847     -0.577050553504E-17   2.41606580704       1.22610951169      0.233398625506      0.233398625506      0.146257504834    
   8.43750000000      0.222821416156E-02  0.615146643760     -0.617968480397E-17   2.43046434312       1.23029328752      0.234760362752      0.234760362752      0.145625918256    
   8.50000000000      0.222008568874E-02  0.617227532803     -0.624176743101E-17   2.44505322632       1.23445506561      0.236115214866      0.236115214866      0.144997103070    
   8.56250000000      0.221200045204E-02  0.619297353398     -0.650068562097E-17   2.45951888587       1.23859470680      0.237463122908      0.237463122908      0.144371107582    
   8.62500000000      0.220395870210E-02  0.621356041383     -0.581288603033E-17   2.47385991490       1.24271208277      0.238804028395      0.238804028395      0.143747984592    
   8.68750000000      0.219596066920E-02  0.623403537807     -0.624594502470E-17   2.48807496054       1.24680707561      0.240137873310      0.240137873310      0.143127791186    
   8.75000000000      0.218800656402E-02  0.625439788732     -0.623690110828E-17   2.50216272367       1.25087957746      0.241464600105      0.241464600105      0.142510588523    
   8.81250000000      0.218009657842E-02  0.627464745049     -0.683940734572E-17   2.51612195859       1.25492949010      0.242784151711      0.242784151711      0.141896441627    
   8.87500000000      0.217223088612E-02  0.629478362278     -0.693210932298E-17   2.53060566201       1.25895672456      0.244096471554      0.244096471554      0.141285419170    
   8.93750000000      0.216440964349E-02  0.631480600392     -0.751013263210E-17   2.54517259096       1.26296120078      0.245401503569      0.245401503569      0.140677593254    
   9.00000000000      0.215663299020E-02  0.633471423633     -0.730545567990E-17   2.55961158599       1.26694284727      0.246699192221      0.246699192221      0.140073039192    
   9.06250000000      0.214890104995E-02  0.635450800338     -0.718892796588E-17   2.57392132915       1.27090160068      0.247989482523      0.247989482523      0.139471835292    
   9.12500000000      0.214121393109E-02  0.637418702767     -0.767836933715E-17   2.58810055400       1.27483740553      0.249272320066      0.249272320066      0.138874062635    
   9.18750000000      0.213357172731E-02  0.639375106936     -0.755643157020E-17   2.60214804528       1.27875021387      0.250547651038      0.250547651038      0.138279804859    
   9.25000000000      0.212597451824E-02  0.641319992459     -0.775084704358E-17   2.61606263860       1.28263998492      0.251815422260      0.251815422260      0.137689147939    
   9.31250000000      0.211842237009E-02  0.643253342385     -0.780934262966E-17   2.62984321999       1.28650668477      0.253075581209      0.253075581209      0.137102179968    
   9.37500000000      0.211091533624E-02  0.645175143051     -0.788806995138E-17   2.64348872552       1.29035028610      0.254328076052      0.254328076052      0.136518990946    
   9.43750000000      0.210345345780E-02  0.647085383932     -0.741002081857E-17   2.65699814090       1.29417076786      0.255572855682      0.255572855682      0.135939672567    
   9.50000000000      0.209603676419E-02  0.648984057498     -0.752571909390E-17   2.67116582442       1.29796811500      0.256809869748      0.256809869748      0.135364318002    
   9.56250000000      0.208866527365E-02  0.650871159076     -0.782251794882E-17   2.68569064244       1.30174231815      0.258039068690      0.258039068690      0.134793021696    
   9.62500000000      0.208133899380E-02  0.652746686718     -0.782214771997E-17   2.70009979959       1.30549337344      0.259260403778      0.259260403778      0.134225879163    
   9.68750000000      0.207405792211E-02  0.654610641070     -0.860027197452E-17   2.71439236824       1.30922128214      0.260473827146      0.260473827146      0.133662986779    
   9.75000000000      0.206682204642E-02  0.656463025249     -0.799745150194E-17   2.72856746374       1.31292605050      0.261679291830      0.261679291830      0.133104441588    
   9.81250000000      0.205963134535E-02  0.658303844723     -0.808032181371E-17   2.74262424398       1.31660768945      0.262876751807      0.262876751807      0.132550341109    
   9.87500000000      0.205248578880E-02  0.660133107199     -0.832008949526E-17   2.75656190896       1.32026621440      0.264066162030      0.264066162030      0.132000783138    
   9.93750000000      0.204538533839E-02  0.661950822505     -0.852298912350E-17   2.77037970032       1.32390164501      0.265247478467      0.265247478467      0.131455865570    
   10.0000000000      0.203832994782E-02  0.663757002492     -0.880873165486E-17   2.78407690081       1.32751400498      0.266420658139      0.266420658139      0.130915686214    
   10.0625000000      0.203131956330E-02  0.665551660928     -0.877132679727E-17   2.79765283384       1.33110332186      0.267585659157      0.267585659157      0.130380342615    
   10.1250000000      0.202435412396E-02  0.667334813400     -0.831084982542E-17   2.81110686292       1.33466962680      0.268742440759      0.268742440759      0.129849931883    
   10.1875000000      0.201743356215E-02  0.669106477224     -0.834860258698E-17   2.82443839112       1.33821295445      0.269890963348      0.269890963348      0.129324550527    
   10.2500000000      0.201055780384E-02  0.670866671351     -0.835888307975E-17   2.83764686053       1.34173334270      0.271031188528      0.271031188528      0.128804294294    
   10.3125000000      0.200372676895E-02  0.672615416284     -0.780027457111E-17   2.85132568145       1.34523083257      0.272163079137      0.272163079137      0.128289258009    
   10.3750000000      0.199694037163E-02  0.674352733997     -0.795670553554E-17   2.86506939007       1.34870546799      0.273286599286      0.273286599286      0.127779535426    
   10.4375000000      0.199019852061E-02  0.676078647857     -0.791361169240E-17   2.87868916380       1.35215729571      0.274401714387      0.274401714387      0.127275219083    
   10.5000000000      0.198350111947E-02  0.677793182550     -0.726453931752E-17   2.89218436772       1.35558636510      0.275508391193      0.275508391193      0.126776400163    
   10.5625000000      0.197684806690E-02  0.679496364009     -0.767461872996E-17   2.90555440458       1.35899272802      0.276606597826      0.276606597826      0.126283168356    
   10.6250000000      0.197023925698E-02  0.681188219349     -0.763039706548E-17   2.91879871428       1.36237643870      0.277696303807      0.277696303807      0.125795611734    
   10.6875000000      0.196367457943E-02  0.682868776802     -0.751211276153E-17   2.93194555074       1.36573755360      0.278777480088      0.278777480088      0.125313816626    
   10.7500000000      0.195715391983E-02  0.684538065659     -0.761477197171E-17   2.94558742689       1.36907613132      0.279850099078      0.279850099078      0.124837867502    
   10.8125000000      0.195067715987E-02  0.686196116210     -0.795271378556E-17   2.95980696051       1.37239223242      0.280914134675      0.280914134675      0.124367846860    
   10.8750000000      0.194424417751E-02  0.687842959692     -0.748201878681E-17   2.97391880069       1.37568591938      0.281969562285      0.281969562285      0.123903835122    
   10.9375000000      0.193785484726E-02  0.689478628238     -0.784903199359E-17   2.98792244208       1.37895725648      0.283016358852      0.283016358852      0.123445910534    
   11.0000000000      0.193150904027E-02  0.691103154827     -0.781332702685E-17   3.00181741111       1.38220630965      0.284054502878      0.284054502878      0.122994149072    
   11.0625000000      0.192520662459E-02  0.692716573240     -0.766874977567E-17   3.01560326550       1.38543314648      0.285083974445      0.285083974445      0.122548624350    
   11.1250000000      0.191894746531E-02  0.694318918018     -0.743137244722E-17   3.02927959378       1.38863783604      0.286104755237      0.286104755237      0.122109407544    
   11.1875000000      0.191273142468E-02  0.695910224418     -0.734147867235E-17   3.04284601473       1.39182044884      0.287116828556      0.287116828556      0.121676567306    
   11.2500000000      0.190655836232E-02  0.697490528382     -0.704693603530E-17   3.05630217695       1.39498105676      0.288120179339      0.288120179339      0.121250169703    
   11.3125000000      0.190042813533E-02  0.699059866493     -0.692199981830E-17   3.06964775828       1.39811973299      0.289114794177      0.289114794177      0.120830278139    
   11.3750000000      0.189434059839E-02  0.700618275948     -0.700210985653E-17   3.08288246535       1.40123655190      0.290100661321      0.290100661321      0.120416953306    
   11.4375000000      0.188829560394E-02  0.702165794528     -0.678493499696E-17   3.09600603300       1.40433158906      0.291077770705      0.291077770705      0.120010253117    
   11.5000000000      0.188229300225E-02  0.703702460561     -0.659065579573E-17   3.10901822376       1.40740492112      0.292046113947      0.292046113947      0.119610232666    
   11.5625000000      0.187633264153E-02  0.705228312904     -0.655299153175E-17   3.12191882736       1.41045662581      0.293005684363      0.293005684363      0.119216944178    
   11.6250000000      0.187041436806E-02  0.706743390912     -0.661348541680E-17   3.13470766011       1.41348678182      0.293956476973      0.293956476973      0.118830436967    
   11.6875000000      0.186453802624E-02  0.708247734418     -0.601134782999E-17   3.14738456446       1.41649546884      0.294898488506      0.294898488506      0.118450757407    
   11.7500000000      0.185870345870E-02  0.709741383708     -0.603848101425E-17   3.15994940836       1.41948276742      0.295831717406      0.295831717406      0.118077948895    
   11.8125000000      0.185291050637E-02  0.711224379505     -0.588891374357E-17   3.17240208481       1.42244875901      0.296756163835      0.296756163835      0.117712051834    
   11.8750000000      0.184715900856E-02  0.712696762946     -0.550132430194E-17   3.18474251125       1.42539352589      0.297671829672      0.297671829672      0.117353103602    
   11.9375000000      0.184144880300E-02  0.714158575568     -0.596261677482E-17   3.19697062901       1.42831715114      0.298578718512      0.298578718512      0.117001138545    
   12.0000000000      0.183577972595E-02  0.715609859292     -0.551015071528E-17   3.20957147339       1.43121971858      0.299476835667      0.299476835667      0.116656187959    
   12.0625000000      0.183015161222E-02  0.717050656406     -0.566109444403E-17   3.22292482173       1.43410131281      0.300366188161      0.300366188161      0.116318280085    
   12.1250000000      0.182456429523E-02  0.718481009557     -0.609748523388E-17   3.23618128001       1.43696201911      0.301246784725      0.301246784725      0.115987440107    
   12.1875000000      0.181901760705E-02  0.719900961730     -0.603486094518E-17   3.24934075241       1.43980192346      0.302118635791      0.302118635791      0.115663690148    
   12.2500000000      0.181351137846E-02  0.721310556248     -0.586984402932E-17   3.26240316421       1.44262111250      0.302981753484      0.302981753484      0.115347049280    
   12.3125000000      0.180804543899E-02  0.722709836752     -0.622876824191E-17   3.27536846134       1.44541967350      0.303836151613      0.303836151613      0.115037533526    
   12.3750000000      0.180261961694E-02  0.724098847199     -0.633861442885E-17   3.28823660989       1.44819769440      0.304681845661      0.304681845661      0.114735155878    
   12.4375000000      0.179723373939E-02  0.725477631850     -0.612667393822E-17   3.30100759568       1.45095526370      0.305518852771      0.305518852771      0.114439926307    
   12.5000000000      0.179188763231E-02  0.726846235262     -0.610441292274E-17   3.31368142381       1.45369247052      0.306347191737      0.306347191737      0.114151851787    
   12.5625000000      0.178658112050E-02  0.728204702285     -0.593716562157E-17   3.32625811816       1.45640940457      0.307166882986      0.307166882986      0.113870936312    
   12.6250000000      0.178131402766E-02  0.729553078054     -0.635149919776E-17   3.33873772095       1.45910615611      0.307977948565      0.307977948565      0.113597180924    
   12.6875000000      0.177608617637E-02  0.730891407982     -0.592598098730E-17   3.35112029238       1.46178281596      0.308780412122      0.308780412122      0.113330583738    
   12.7500000000      0.177089738819E-02  0.732219737758     -0.580973155908E-17   3.36340591004       1.46443947552      0.309574298891      0.309574298891      0.113071139976    
   12.8125000000      0.176574748356E-02  0.733538113342     -0.516081725297E-17   3.37559466852       1.46707622668      0.310359635671      0.310359635671      0.112818842000    
   12.8750000000      0.176063628192E-02  0.734846580961     -0.575635497101E-17   3.38810049988       1.46969316192      0.311136450808      0.311136450808      0.112573679345    
   12.9375000000      0.175556360167E-02  0.736145187105     -0.542935918863E-17   3.40069967743       1.47229037421      0.311904774172      0.311904774172      0.112335638762    
   13.0000000000      0.175052926018E-02  0.737433978527     -0.486079859189E-17   3.41319992832       1.47486795705      0.312664637137      0.312664637137      0.112104704253    
   13.0625000000      0.174553307381E-02  0.738713002237     -0.493623778101E-17   3.42560129768       1.47742600447      0.313416072558      0.313416072558      0.111880857121    
   13.1250000000      0.174057485793E-02  0.739982305504     -0.460382281585E-17   3.43790384781       1.47996461101      0.314159114748      0.314159114748      0.111664076008    
   13.1875000000      0.173565442689E-02  0.741241935850     -0.485864184018E-17   3.45010765778       1.48248387170      0.314893799451      0.314893799451      0.111454336948    
   13.2500000000      0.173077159407E-02  0.742491941051     -0.506958483928E-17   3.46221282303       1.48498388210      0.315620163820      0.315620163820      0.111251613411    
   13.3125000000      0.172592617186E-02  0.743732369137     -0.511158116152E-17   3.47421945494       1.48746473827      0.316338246391      0.316338246391      0.111055876355    
   13.3750000000      0.172111797165E-02  0.744963268389     -0.515601240108E-17   3.48612768042       1.48992653678      0.317048087054      0.317048087054      0.110867094281    
   13.4375000000      0.171634680389E-02  0.746184687336     -0.479070266800E-17   3.49793764152       1.49236937467      0.317749727027      0.317749727027      0.110685233281    
   13.5000000000      0.171161247802E-02  0.747396674760     -0.484165792027E-17   3.50964949510       1.49479334952      0.318443208831      0.318443208831      0.110510257098    
   13.5625000000      0.170691480251E-02  0.748599279690     -0.472661332445E-17   3.52126341234       1.49719855938      0.319128576256      0.319128576256      0.110342127178    
   13.6250000000      0.170225358487E-02  0.749792551406     -0.425355382611E-17   3.53277957843       1.49958510281      0.319805874337      0.319805874337      0.110180802731    
   13.6875000000      0.169762863163E-02  0.750976539434     -0.407533081459E-17   3.54419819208       1.50195307887      0.320475149324      0.320475149324      0.110026240787    
   13.7500000000      0.169303974837E-02  0.752151293549     -0.442370798945E-17   3.55551946527       1.50430258710      0.321136448648      0.321136448648      0.109878396253    
   13.8125000000      0.168848673967E-02  0.753316863774     -0.509185552601E-17   3.56674362275       1.50663372755      0.321789820898      0.321789820898      0.109737221979    
   13.8750000000      0.168396940919E-02  0.754473300379     -0.457897743731E-17   3.57787090176       1.50894660076      0.322435315782      0.322435315782      0.109602668814    
   13.9375000000      0.167948755957E-02  0.755620653881     -0.446369906449E-17   3.58908327048       1.51124130776      0.323072984106      0.323072984106      0.109474685669    
   14.0000000000      0.167504099253E-02  0.756758975043     -0.474423437596E-17   3.60136500854       1.51351795009      0.323702877732      0.323702877732      0.109353219578    
   14.0625000000      0.167062950881E-02  0.757888314875     -0.484094957251E-17   3.61356242647       1.51577662975      0.324325049556      0.324325049556      0.109238215763    
   14.1250000000      0.166625290819E-02  0.759008724633     -0.475110491457E-17   3.62567571790       1.51801744927      0.324939553469      0.324939553469      0.109129617694    
   14.1875000000      0.166191098950E-02  0.760120255817     -0.490897661124E-17   3.63770508801       1.52024051163      0.325546444332      0.325546444332      0.109027367153    
   14.2500000000      0.165760355061E-02  0.761222960173     -0.469404990372E-17   3.64965075329       1.52244592035      0.326145777937      0.326145777937      0.108931404299    
   14.3125000000      0.165333038843E-02  0.762316889691     -0.479011593646E-17   3.66151294113       1.52463377938      0.326737610981      0.326737610981      0.108841667728    
   14.3750000000      0.164909129893E-02  0.763402096602     -0.460891295857E-17   3.67329188958       1.52680419320      0.327322001031      0.327322001031      0.108758094541    
   14.4375000000      0.164488607713E-02  0.764478633383     -0.421979354990E-17   3.68498784700       1.52895726677      0.327899006489      0.327899006489      0.108680620404    
   14.5000000000      0.164071451711E-02  0.765546552749     -0.409079101974E-17   3.69660107174       1.53109310550      0.328468686568      0.328468686568      0.108609179613    
   14.5625000000      0.163657641200E-02  0.766605907656     -0.455321780104E-17   3.70813183185       1.53321181531      0.329031101249      0.329031101249      0.108543705158    
   14.6250000000      0.163247155401E-02  0.767656751301     -0.413189166904E-17   3.71958040476       1.53531350260      0.329586311258      0.329586311258      0.108484128785    
   14.6875000000      0.162839973442E-02  0.768699137116     -0.404485473703E-17   3.73094707700       1.53739827423      0.330134378028      0.330134378028      0.108430381060    
   14.7500000000      0.162436074359E-02  0.769733118770     -0.421706129188E-17   3.74223214385       1.53946623754      0.330675363670      0.330675363670      0.108382391430    
   14.8125000000      0.162035437095E-02  0.770758750165     -0.396170029014E-17   3.75343590911       1.54151750033      0.331209330939      0.331209330939      0.108340088287    
   14.8750000000      0.161638040503E-02  0.771776085439     -0.434227969250E-17   3.76455868475       1.54355217088      0.331736343205      0.331736343205      0.108303399029    
   14.9375000000      0.161243863348E-02  0.772785178956     -0.420039478841E-17   3.77560079064       1.54557035791      0.332256464416      0.332256464416      0.108272250124    
   15.0000000000      0.160852884303E-02  0.773786085312     -0.408536413924E-17   3.78656255428       1.54757217062      0.332769759073      0.332769759073      0.108246567165    
   15.0625000000      0.160465081953E-02  0.774778859326     -0.380518913291E-17   3.79744431047       1.54955771865      0.333276292194      0.333276292194      0.108226274938    
   15.1250000000      0.160080434798E-02  0.775763556044     -0.376001043692E-17   3.80824640110       1.55152711209      0.333776129285      0.333776129285      0.108211297474    
   15.1875000000      0.159698921249E-02  0.776740230730     -0.385996314496E-17   3.81896917477       1.55348046146      0.334269336307      0.334269336307      0.108201558115    
   15.2500000000      0.159320519633E-02  0.777708938867     -0.337284717461E-17   3.82961298659       1.55541787773      0.334755979649      0.334755979649      0.108196979568    
   15.3125000000      0.158945208192E-02  0.778669736154     -0.332520490590E-17   3.84017819791       1.55733947231      0.335236126094      0.335236126094      0.108197483965    
   15.3750000000      0.158572965088E-02  0.779622678502     -0.344685881161E-17   3.85066517601       1.55924535700      0.335709842792      0.335709842792      0.108202992919    
   15.4375000000      0.158203768396E-02  0.780567822032     -0.389449167117E-17   3.86107429388       1.56113564406      0.336177197226      0.336177197226      0.108213427580    
   15.5000000000      0.157837596116E-02  0.781505223068     -0.387816745005E-17   3.87140592991       1.56301044614      0.336638257188      0.336638257188      0.108228708693    
   15.5625000000      0.157474426167E-02  0.782434938138     -0.402531313307E-17   3.88166046763       1.56486987628      0.337093090745      0.337093090745      0.108248756649    
   15.6250000000      0.157114236389E-02  0.783357023969     -0.444337632516E-17   3.89183829553       1.56671404794      0.337541766214      0.337541766214      0.108273491541    
   15.6875000000      0.156757004549E-02  0.784271537481     -0.462833036364E-17   3.90193980676       1.56854307496      0.337984352132      0.337984352132      0.108302833217    
   15.7500000000      0.156402708336E-02  0.785178535785     -0.392960511962E-17   3.91196539886       1.57035707157      0.338420917227      0.338420917227      0.108336701331    
   15.8125000000      0.156051325370E-02  0.786078076179     -0.429894846261E-17   3.92191547354       1.57215615236      0.338851530391      0.338851530391      0.108375015397    
   15.8750000000      0.155702833196E-02  0.786970216143     -0.398832477698E-17   3.93179043644       1.57394043229      0.339276260655      0.339276260655      0.108417694833    
   15.9375000000      0.155357209293E-02  0.787855013334     -0.432742497225E-17   3.94159069691       1.57571002667      0.339695177158      0.339695177158      0.108464659019    
   16.0000000000      0.155014431071E-02  0.788732525583     -0.430159351194E-17   3.95135352929       1.57746505117      0.340108349123      0.340108349123      0.108515827337    
   16.0625000000      0.154674475873E-02  0.789602810891     -0.418221383337E-17   3.96141846895       1.57920562178      0.340515845834      0.340515845834      0.108571119224    
   16.1250000000      0.154337320978E-02  0.790465927420     -0.393123512385E-17   3.97140644483       1.58093185484      0.340917736602      0.340917736602      0.108630454216    
   16.1875000000      0.154002943606E-02  0.791321933493     -0.403124899286E-17   3.98131786015       1.58264386699      0.341314090749      0.341314090749      0.108693751995    
   16.2500000000      0.153671320913E-02  0.792170887587     -0.357012049443E-17   3.99115312261       1.58434177517      0.341704977578      0.341704977578      0.108760932430    
   16.3125000000      0.153342429999E-02  0.793012848326     -0.362544582197E-17   4.00091264409       1.58602569665      0.342090466350      0.342090466350      0.108831915626    
   16.3750000000      0.153016247907E-02  0.793847874481     -0.385364713232E-17   4.01059684044       1.58769574896      0.342470626260      0.342470626260      0.108906621961    
   16.4375000000      0.152692751628E-02  0.794676024957     -0.377290461881E-17   4.02020613132       1.58935204991      0.342845526414      0.342845526414      0.108984972130    
   16.5000000000      0.152371918097E-02  0.795497358796     -0.383097393664E-17   4.03018689521       1.59099471759      0.343215235805      0.343215235805      0.109066887185    
   16.5625000000      0.152053724203E-02  0.796311935164     -0.353969113412E-17   4.04097808554       1.59262387033      0.343579823294      0.343579823294      0.109152288576    
   16.6250000000      0.151738146786E-02  0.797119813351     -0.375897564362E-17   4.05170464832       1.59423962670      0.343939357583      0.343939357583      0.109241098186    
   16.6875000000      0.151425162641E-02  0.797921052763     -0.361819717422E-17   4.06236696962       1.59584210553      0.344293907197      0.344293907197      0.109333238370    
   16.7500000000      0.151114748519E-02  0.798715712915     -0.338759444706E-17   4.07296543902       1.59743142583      0.344643540461      0.344643540461      0.109428631993    
   16.8125000000      0.150806881131E-02  0.799503853427     -0.349590107422E-17   4.08350044935       1.59900770685      0.344988325482      0.344988325482      0.109527202464    
   16.8750000000      0.150501537150E-02  0.800285534019     -0.340845258267E-17   4.09397239644       1.60057106804      0.345328330126      0.345328330126      0.109628873767    
   16.9375000000      0.150198693212E-02  0.801060814501     -0.379223920880E-17   4.10438167900       1.60212162900      0.345663622000      0.345663622000      0.109733570502    
   17.0000000000      0.149898325918E-02  0.801829754772     -0.376493727791E-17   4.11472869835       1.60365950954      0.345994268432      0.345994268432      0.109841217909    
   17.0625000000      0.149600411841E-02  0.802592414810     -0.349163358239E-17   4.12501385824       1.60518482962      0.346320336453      0.346320336453      0.109951741904    
   17.1250000000      0.149304927521E-02  0.803348854669     -0.380537097749E-17   4.13523756464       1.60669770934      0.346641892780      0.346641892780      0.110065069110    
   17.1875000000      0.149011849474E-02  0.804099134469     -0.380122090068E-17   4.14540022560       1.60819826894      0.346959003794      0.346959003794      0.110181126881    
   17.2500000000      0.148721154191E-02  0.804843314394     -0.390539207396E-17   4.15550225096       1.60968662879      0.347271735528      0.347271735528      0.110299843338    
   17.3125000000      0.148432818140E-02  0.805581454682     -0.415473456127E-17   4.16554405225       1.61116290936      0.347580153646      0.347580153646      0.110421147389    
   17.3750000000      0.148146817773E-02  0.806313615622     -0.409341219117E-17   4.17552604245       1.61262723124      0.347884323431      0.347884323431      0.110544968761    
   17.4375000000      0.147863129522E-02  0.807039857546     -0.398215858427E-17   4.18544863580       1.61407971509      0.348184309763      0.348184309763      0.110671238020    
   17.5000000000      0.147581729805E-02  0.807760240820     -0.393606591749E-17   4.19531224773       1.61552048164      0.348480177109      0.348480177109      0.110799886601    
   17.5625000000      0.147302595030E-02  0.808474825844     -0.362010711959E-17   4.20511729450       1.61694965169      0.348771989508      0.348771989508      0.110930846829    
   17.6250000000      0.147025701594E-02  0.809183673041     -0.372630901297E-17   4.21486419318       1.61836734608      0.349059810551      0.349059810551      0.111064051939    
   17.6875000000      0.146751025888E-02  0.809886842849     -0.400417965234E-17   4.22455336141       1.61977368570      0.349343703373      0.349343703373      0.111199436103    
   17.7500000000      0.146478544297E-02  0.810584395720     -0.395849223189E-17   4.23418521726       1.62116879144      0.349623730637      0.349623730637      0.111336934447    
   17.8125000000      0.146208233207E-02  0.811276392109     -0.409899001683E-17   4.24376017900       1.62255278422      0.349899954520      0.349899954520      0.111476483070    
   17.8750000000      0.145940069004E-02  0.811962892471     -0.421387970286E-17   4.25327866512       1.62392578494      0.350172436702      0.350172436702      0.111618019068    
   17.9375000000      0.145674028074E-02  0.812643957251     -0.404348295691E-17   4.26274109391       1.62528791450      0.350441238353      0.350441238353      0.111761480546    
   18.0000000000      0.145410086813E-02  0.813319646879     -0.381395166795E-17   4.27214788353       1.62663929376      0.350706420120      0.350706420120      0.111906806638    
   18.0625000000      0.145148221623E-02  0.813990021766     -0.400445815225E-17   4.28149945174       1.62798004353      0.350968042120      0.350968042120      0.112053937526    
   18.1250000000      0.144888408917E-02  0.814655142292     -0.447153953636E-17   4.29079621585       1.62931028458      0.351226163921      0.351226163921      0.112202814449    
   18.1875000000      0.144630625122E-02  0.815315068806     -0.414961002632E-17   4.30003859247       1.63063013761      0.351480844541      0.351480844541      0.112353379724    
   18.2500000000      0.144374846681E-02  0.815969861616     -0.358196956433E-17   4.30922699743       1.63193972323      0.351732142430      0.351732142430      0.112505576757    
   18.3125000000      0.144121050054E-02  0.816619580981     -0.370655027320E-17   4.31836184562       1.63323916196      0.351980115464      0.351980115464      0.112659350053    
   18.3750000000      0.143869211723E-02  0.817264287107     -0.381922271543E-17   4.32744355096       1.63452857421      0.352224820936      0.352224820936      0.112814645236    
   18.4375000000      0.143619308194E-02  0.817904040143     -0.339812962003E-17   4.33647252611       1.63580808029      0.352466315545      0.352466315545      0.112971409053    
   18.5000000000      0.143371315996E-02  0.818538900168     -0.378662507441E-17   4.34544918250       1.63707780034      0.352704655391      0.352704655391      0.113129589387    
   18.5625000000      0.143125211691E-02  0.819168927190     -0.420170301372E-17   4.35437393006       1.63833785438      0.352939895961      0.352939895961      0.113289135268    
   18.6250000000      0.142880971867E-02  0.819794181139     -0.462131106794E-17   4.36324717727       1.63958836228      0.353172092129      0.353172092129      0.113449996881    
   18.6875000000      0.142638573149E-02  0.820414721857     -0.454016866375E-17   4.37206933090       1.64082944371      0.353401298141      0.353401298141      0.113612125576    
   18.7500000000      0.142397992196E-02  0.821030609096     -0.443884712806E-17   4.38084079604       1.64206121819      0.353627567612      0.353627567612      0.113775473871    
   18.8125000000      0.142159205707E-02  0.821641902509     -0.446554025289E-17   4.38956197588       1.64328380502      0.353850953521      0.353850953521      0.113939995466    
   18.8750000000      0.141922190419E-02  0.822248661645     -0.439328013196E-17   4.39823327170       1.64449732329      0.354071508201      0.354071508201      0.114105645243    
   18.9375000000      0.141686923115E-02  0.822850945943     -0.466335830517E-17   4.40685508268       1.64570189189      0.354289283335      0.354289283335      0.114272379273    
   19.0000000000      0.141453380623E-02  0.823448814723     -0.459145406792E-17   4.41542780590       1.64689762945      0.354504329950      0.354504329950      0.114440154824    
   19.0625000000      0.141221539818E-02  0.824042327183     -0.483344556473E-17   4.42395183624       1.64808465437      0.354716698411      0.354716698411      0.114608930361    
   19.1250000000      0.140991377628E-02  0.824631542391     -0.466444882663E-17   4.43242756621       1.64926308478      0.354926438420      0.354926438420      0.114778665551    
   19.1875000000      0.140762871030E-02  0.825216519280     -0.483439204514E-17   4.44085538599       1.65043303856      0.355133599006      0.355133599006      0.114949321268    
   19.2500000000      0.140535997062E-02  0.825797316639     -0.492358324544E-17   4.44923568326       1.65159463328      0.355338228524      0.355338228524      0.115120859592    
   19.3125000000      0.140310732815E-02  0.826373993110     -0.449242536291E-17   4.45756884322       1.65274798622      0.355540374650      0.355540374650      0.115293243810    
   19.3750000000      0.140087055444E-02  0.826946607182     -0.451732490133E-17   4.46585524841       1.65389321436      0.355740084380      0.355740084380      0.115466438422    
   19.4375000000      0.139864942163E-02  0.827515217180     -0.454695952860E-17   4.47409527874       1.65503043436      0.355937404023      0.355937404023      0.115640409135    
   19.5000000000      0.139644370255E-02  0.828079881265     -0.428585102638E-17   4.48228931144       1.65615976253      0.356132379199      0.356132379199      0.115815122868    
   19.5625000000      0.139425317067E-02  0.828640657425     -0.468650407089E-17   4.49043772089       1.65728131485      0.356325054838      0.356325054838      0.115990547748    
   19.6250000000      0.139207760019E-02  0.829197603467     -0.466376796740E-17   4.49854087874       1.65839520693      0.356515475178      0.356515475178      0.116166653110    
   19.6875000000      0.138991676602E-02  0.829750777014     -0.482572965780E-17   4.50659915364       1.65950155403      0.356703683760      0.356703683760      0.116343409494    
   19.7500000000      0.138777044382E-02  0.830300235499     -0.496035105953E-17   4.51461291143       1.66060047100      0.356889723427      0.356889723427      0.116520788644    
   19.8125000000      0.138563841000E-02  0.830846036156     -0.530528002525E-17   4.52258251494       1.66169207231      0.357073636326      0.357073636326      0.116698763503    
   19.8750000000      0.138352044180E-02  0.831388236015     -0.546463161727E-17   4.53050832404       1.66277647203      0.357255463902      0.357255463902      0.116877308211    
   19.9375000000      0.138141631725E-02  0.831926891900     -0.547899611361E-17   4.53839069553       1.66385378380      0.357435246900      0.357435246900      0.117056398100    
   20.0000000000      0.137932581523E-02  0.832462060416     -0.530924346893E-17   4.54622998320       1.66492412083      0.357613025362      0.357613025362      0.117236009691    
   20.0625000000      0.137724871550E-02  0.832993797947     -0.585988747651E-17   4.55402653774       1.66598759589      0.357788838630      0.357788838630      0.117416120686    
   20.1250000000      0.137518479869E-02  0.833522160651     -0.563888093390E-17   4.56178070678       1.66704432130      0.357962725342      0.357962725342      0.117596709967    
   20.1875000000      0.137313384634E-02  0.834047204452     -0.511605634508E-17   4.57003194175       1.66809440890      0.358134723434      0.358134723434      0.117777757583    
   20.2500000000      0.137109564095E-02  0.834568985033     -0.529918440083E-17   4.57929736760       1.66913797007      0.358304870141      0.358304870141      0.117959244752    
   20.3125000000      0.136906996594E-02  0.835087557833     -0.510726348133E-17   4.58852657376       1.67017511567      0.358473201993      0.358473201993      0.118141153846    
   20.3750000000      0.136705660576E-02  0.835602978039     -0.518937954305E-17   4.59771988998       1.67120595608      0.358639754824      0.358639754824      0.118323468391    
   20.4375000000      0.136505534584E-02  0.836115300580     -0.464633623790E-17   4.60687764255       1.67223060116      0.358804563765      0.358804563765      0.118506173051    
   20.5000000000      0.136306597263E-02  0.836624580122     -0.459131284480E-17   4.61600015427       1.67324916024      0.358967663247      0.358967663247      0.118689253628    
   20.5625000000      0.136108827365E-02  0.837130871060     -0.437799232777E-17   4.62508774444       1.67426174212      0.359129087006      0.359129087006      0.118872697048    
   20.6250000000      0.135912203749E-02  0.837634227516     -0.418589362630E-17   4.63414072870       1.67526845503      0.359288868081      0.359288868081      0.119056491353    
   20.6875000000      0.135716705385E-02  0.838134703328     -0.464761682051E-17   4.64315941911       1.67626940666      0.359447038817      0.359447038817      0.119240625693    
   20.7500000000      0.135522311354E-02  0.838632352048     -0.481011286355E-17   4.65214412398       1.67726470410      0.359603630867      0.359603630867      0.119425090315    
   20.8125000000      0.135329000851E-02  0.839127226935     -0.479932634032E-17   4.66109514794       1.67825445387      0.359758675191      0.359758675191      0.119609876552    
   20.8750000000      0.135136753191E-02  0.839619380946     -0.523070139397E-17   4.67001279183       1.67923876189      0.359912202065      0.359912202065      0.119794976815    
   20.9375000000      0.134945547804E-02  0.840108866734     -0.513151891155E-17   4.67889735266       1.68021773347      0.360064241079      0.360064241079      0.119980384577    
   21.0000000000      0.134755364246E-02  0.840595736643     -0.472536185283E-17   4.68774912358       1.68119147329      0.360214821137      0.360214821137      0.120166094369    
   21.0625000000      0.134566182194E-02  0.841080042696     -0.452860228503E-17   4.69656839390       1.68216008539      0.360363970467      0.360363970467      0.120352101762    
   21.1250000000      0.134377981452E-02  0.841561836595     -0.469307823683E-17   4.70535544901       1.68312367319      0.360511716619      0.360511716619      0.120538403358    
   21.1875000000      0.134190741953E-02  0.842041169712     -0.500717502655E-17   4.71411057034       1.68408233942      0.360658086468      0.360658086468      0.120724996776    
   21.2500000000      0.134004443761E-02  0.842518093083     -0.442637570075E-17   4.72283403539       1.68503618617      0.360803106220      0.360803106220      0.120911880643    
   21.3125000000      0.133819067073E-02  0.842992657405     -0.483195184927E-17   4.73152611769       1.68598531481      0.360946801415      0.360946801415      0.121099054574    
   21.3750000000      0.133634592221E-02  0.843464913026     -0.492318607903E-17   4.74018708672       1.68692982605      0.361089196928      0.361089196928      0.121286519169    
   21.4375000000      0.133450999676E-02  0.843934909941     -0.515424506967E-17   4.74881720797       1.68786981988      0.361230316976      0.361230316976      0.121474275989    
   21.5000000000      0.133268270048E-02  0.844402697788     -0.579690260577E-17   4.75741674294       1.68880539558      0.361370185120      0.361370185120      0.121662327549    
   21.5625000000      0.133086384091E-02  0.844868325838     -0.556960440748E-17   4.76598594905       1.68973665168      0.361508824269      0.361508824269      0.121850677301    
   21.6250000000      0.132905322703E-02  0.845331842992     -0.535032594071E-17   4.77452507964       1.69066368598      0.361646256686      0.361646256686      0.122039329620    
   21.6875000000      0.132725066928E-02  0.845793297775     -0.530858069920E-17   4.78303438405       1.69158659555      0.361782503991      0.361782503991      0.122228289793    
   21.7500000000      0.132545597962E-02  0.846252738328     -0.544042381123E-17   4.79151410757       1.69250547666      0.361917587166      0.361917587166      0.122417563996    
   21.8125000000      0.132366897151E-02  0.846710212405     -0.601710709970E-17   4.79996449136       1.69342042481      0.362051526559      0.362051526559      0.122607159288    
   21.8750000000      0.132188945995E-02  0.847165767364     -0.614555457137E-17   4.80838577259       1.69433153473      0.362184341888      0.362184341888      0.122797083588    
   21.9375000000      0.132011726151E-02  0.847619450164     -0.599721109016E-17   4.81677818435       1.69523890033      0.362316052249      0.362316052249      0.122987345667    
   22.0000000000      0.131835219434E-02  0.848071307359     -0.603110047951E-17   4.82514195561       1.69614261472      0.362446676117      0.362446676117      0.123177955125    
   22.0625000000      0.131659407821E-02  0.848521385088     -0.557483646174E-17   4.83347731136       1.69704277018      0.362576231355      0.362576231355      0.123368922378    
   22.1250000000      0.131484273452E-02  0.848969729074     -0.611926063361E-17   4.84178447256       1.69793945815      0.362704735215      0.362704735215      0.123560258645    
   22.1875000000      0.131309798630E-02  0.849416384618     -0.592605310443E-17   4.85006365609       1.69883276924      0.362832204347      0.362832204347      0.123751975924    
   22.2500000000      0.131135965828E-02  0.849861396589     -0.617471423664E-17   4.85831507478       1.69972279318      0.362958654803      0.362958654803      0.123944086984    
   22.3125000000      0.130962757690E-02  0.850304809424     -0.644155250023E-17   4.86653893750       1.70060961885      0.363084102041      0.363084102041      0.124136605342    
   22.3750000000      0.130790157028E-02  0.850746667117     -0.657615610225E-17   4.87473544909       1.70149333423      0.363208560934      0.363208560934      0.124329545249    
   22.4375000000      0.130618146833E-02  0.851187013217     -0.627703143920E-17   4.88290481043       1.70237402643      0.363332045773      0.363332045773      0.124522921670    
   22.5000000000      0.130446710269E-02  0.851625890819     -0.652212267473E-17   4.89104721842       1.70325178164      0.363454570274      0.363454570274      0.124716750272    
   22.5625000000      0.130275830681E-02  0.852063342564     -0.635945279126E-17   4.89916286601       1.70412668513      0.363576147582      0.363576147582      0.124911047400    
   22.6250000000      0.130105491594E-02  0.852499410628     -0.656065741440E-17   4.90725194217       1.70499882125      0.363696790281      0.363696790281      0.125105830066    
   22.6875000000      0.129935676716E-02  0.852934136716     -0.669471997665E-17   4.91531463204       1.70586827343      0.363816510396      0.363816510396      0.125301115924    
   22.7500000000      0.129766369939E-02  0.853367562064     -0.638655905373E-17   4.92335111683       1.70673512413      0.363935319402      0.363935319402      0.125496923259    
   22.8125000000      0.129597555345E-02  0.853799727425     -0.654691819213E-17   4.93136157390       1.70759945485      0.364053228229      0.364053228229      0.125693270966    
   22.8750000000      0.129429217203E-02  0.854230673067     -0.677885406277E-17   4.93934617670       1.70846134613      0.364170247269      0.364170247269      0.125890178530    
   22.9375000000      0.129261339976E-02  0.854660438770     -0.702861800910E-17   4.94730509493       1.70932087754      0.364286386380      0.364286386380      0.126087666011    
   23.0000000000      0.129093908316E-02  0.855089063818     -0.679253667048E-17   4.95523849443       1.71017812764      0.364401654896      0.364401654896      0.126285754025    
   23.0625000000      0.128926907076E-02  0.855516586992     -0.680642310911E-17   4.96314653731       1.71103317398      0.364516061635      0.364516061635      0.126484463723    
   23.1250000000      0.128760321303E-02  0.855943046571     -0.661973817531E-17   4.97102938186       1.71188609314      0.364629614898      0.364629614898      0.126683816776    
   23.1875000000      0.128594136245E-02  0.856368480320     -0.644598272051E-17   4.97888718271       1.71273696064      0.364742322483      0.364742322483      0.126883835353    
   23.2500000000      0.128428337350E-02  0.856792925491     -0.636527187437E-17   4.98672009077       1.71358585098      0.364854191692      0.364854191692      0.127084542107    
   23.3125000000      0.128262910271E-02  0.857216418813     -0.618676128487E-17   4.99452825328       1.71443283763      0.364965229332      0.364965229332      0.127285960149    
   23.3750000000      0.128097840865E-02  0.857638996492     -0.601801057916E-17   5.00231181383       1.71527799298      0.365075441727      0.365075441727      0.127488113038    
   23.4375000000      0.127933115198E-02  0.858060694201     -0.603888583852E-17   5.01007091239       1.71612138840      0.365184834723      0.365184834723      0.127691024754    
   23.5000000000      0.127768719542E-02  0.858481547080     -0.605664722855E-17   5.01780568529       1.71696309416      0.365293413698      0.365293413698      0.127894719683    
   23.5625000000      0.127604640381E-02  0.858901589729     -0.659132584791E-17   5.02551626534       1.71780317946      0.365401183565      0.365401183565      0.128099222600    
   23.6250000000      0.127440864414E-02  0.859320856206     -0.656221914052E-17   5.03320278182       1.71864171241      0.365508148781      0.365508148781      0.128304558644    
   23.6875000000      0.127277378550E-02  0.859739380018     -0.631481017606E-17   5.04086536047       1.71947876004      0.365614313356      0.365614313356      0.128510753305    
   23.7500000000      0.127114169916E-02  0.860157194120     -0.644118652925E-17   5.04850412358       1.72031438824      0.365719680860      0.365719680860      0.128717832400    
   23.8125000000      0.126951225857E-02  0.860574330913     -0.666650704772E-17   5.05611918988       1.72114866183      0.365824254427      0.365824254427      0.128925822059    
   23.8750000000      0.126788533934E-02  0.860990822233     -0.593896727838E-17   5.06371067475       1.72198164447      0.365928036767      0.365928036767      0.129134748699    
   23.9375000000      0.126626081933E-02  0.861406699356     -0.645389695967E-17   5.07127869018       1.72281339871      0.366031030172      0.366031030172      0.129344639011    
   24.0000000000      0.126463857859E-02  0.861821992987     -0.612324555079E-17   5.07882334471       1.72364398597      0.366133236523      0.366133236523      0.129555519940    
   24.0625000000      0.126301849940E-02  0.862236733258     -0.629439109663E-17   5.08634474354       1.72447346652      0.366234657299      0.366234657299      0.129767418661    
   24.1250000000      0.126140046631E-02  0.862650949729     -0.652015407987E-17   5.09384298854       1.72530189946      0.366335293582      0.366335293582      0.129980362565    
   24.1875000000      0.125978436612E-02  0.863064671377     -0.656893847007E-17   5.10131817828       1.72612934275      0.366435146069      0.366435146069      0.130194379238    
   24.2500000000      0.125817008791E-02  0.863477926598     -0.648756818420E-17   5.10877040805       1.72695585320      0.366534215078      0.366534215078      0.130409496442    
   24.3125000000      0.125655752305E-02  0.863890743204     -0.634172703148E-17   5.11619976985       1.72778148641      0.366632500555      0.366632500555      0.130625742093    
   24.3750000000      0.125494656518E-02  0.864303148417     -0.641843198155E-17   5.12360635244       1.72860629683      0.366730002084      0.366730002084      0.130843144250    
   24.4375000000      0.125333711030E-02  0.864715168867     -0.632293690297E-17   5.13099024135       1.72943033773      0.366826718891      0.366826718891      0.131061731085    
   24.5000000000      0.125172905669E-02  0.865126830591     -0.586916848342E-17   5.13835151898       1.73025366118      0.366922649859      0.366922649859      0.131281530873    
   24.5625000000      0.125012230498E-02  0.865538159029     -0.578540525639E-17   5.14569026445       1.73107631806      0.367017793530      0.367017793530      0.131502571968    
   24.6250000000      0.124851675813E-02  0.865949179021     -0.542383711128E-17   5.15300655381       1.73189835804      0.367112148117      0.367112148117      0.131724882787    
   24.6875000000      0.124691232147E-02  0.866359914808     -0.568064874309E-17   5.16030045992       1.73271982962      0.367205711510      0.367205711510      0.131948491788    
   24.7500000000      0.124530890265E-02  0.866770390023     -0.555346172561E-17   5.16757205250       1.73354078005      0.367298481284      0.367298481284      0.132173427455    
   24.8125000000      0.124370641174E-02  0.867180627698     -0.528772462904E-17   5.17482139823       1.73436125540      0.367390454712      0.367390454712      0.132399718275    
   24.8750000000      0.124210476112E-02  0.867590650256     -0.541632374805E-17   5.18204856064       1.73518130051      0.367481628766      0.367481628766      0.132627392724    
   24.9375000000      0.124050386559E-02  0.868000479510     -0.546965687341E-17   5.18925360022       1.73600095902      0.367572000132      0.367572000132      0.132856479245    
   25.0000000000      0.123890364233E-02  0.868410136665     -0.539194083201E-17   5.19643657437       1.73682027333      0.367661565217      0.367661565217      0.133087006231    
