   0.00000000000      0.113146204421E-02  0.375000000000     -0.588224459830E-06   4.62769763752      0.750000000000      0.101130677452      0.805081168808E-01  0.193361205667    
  0.125000000000      0.112437520115E-02  0.382256890588     -0.598669150368E-06   4.76538997983      0.764513781175      0.104150231086      0.829611458904E-01  0.195145513611    
  0.250000000000      0.111648200869E-02  0.390339486604     -0.610626816931E-06   5.00068534812      0.780678973208      0.107531276857      0.856442060503E-01  0.197164003697    
  0.375000000000      0.110773383630E-02  0.399297584559     -0.624155291477E-06   5.27510827510      0.798595169118      0.111280824650      0.885573796600E-01  0.199459380249    
  0.500000000000      0.109809726440E-02  0.409165404410     -0.639222445430E-06   5.56834440245      0.818330808820      0.115398903054      0.916968117831E-01  0.202069689573    
  0.625000000000      0.108756087041E-02  0.419954640936     -0.655693634576E-06   5.87630368388      0.839909281873      0.119876291761      0.950537742119E-01  0.205024574963    
  0.750000000000      0.107614096630E-02  0.431648588886     -0.673331820583E-06   6.20247358319      0.863297177772      0.124692882228      0.986140532040E-01  0.208341653454    
  0.875000000000      0.106388515837E-02  0.444198498251     -0.691814302844E-06   6.53906444775      0.888396996501      0.129817107637      0.102357812270      0.212023578344    
   1.00000000000      0.105087281889E-02  0.457523091720     -0.710765635984E-06   6.88339155629      0.915046183439      0.135206732140      0.106260015258      0.216056344321    
   1.12500000000      0.103721204883E-02  0.471511674997     -0.729800567318E-06   7.22790572650      0.943023349993      0.140811028594      0.110291401560      0.220409244843    
   1.25000000000      0.102303336534E-02  0.486030600608     -0.748566111465E-06   7.56775672947      0.972061201215      0.146574072014      0.114419907895      0.225036620699    
   1.37500000000      0.100848098780E-02  0.500932190433     -0.766770807551E-06   7.89389852706       1.00186438087      0.152438626483      0.118612355376      0.229881208575    
   1.50000000000      0.993703036559E-03  0.516064771523     -0.784193000255E-06   8.20835746253       1.03212954305      0.158349986274      0.122836184475      0.234878600774    
   1.62500000000      0.978842080359E-03  0.531282355013     -0.800667408292E-06   8.49951182410       1.06256471003      0.164259179969      0.127061029197      0.239962145847    
   1.75000000000      0.964027263630E-03  0.546452697456     -0.816057018270E-06   8.76552473193       1.09290539491      0.170125132136      0.131259967365      0.245067597954    
   1.87500000000      0.949368808134E-03  0.561462931203     -0.830221968304E-06   9.00595126788       1.12292586241      0.175915631142      0.135410350996      0.250136949065    
   2.00000000000      0.934955161714E-03  0.576222484394     -0.842996803092E-06   9.22812923939       1.15244496879      0.181607193857      0.139494191809      0.255121098729    
   2.12500000000      0.920852601642E-03  0.590663487543     -0.854183050463E-06   9.41422159500       1.18132697509      0.187184089076      0.143498138032      0.259981260435    
   2.25000000000      0.907106781592E-03  0.604739189818     -0.863557996238E-06   9.59053518996       1.20947837964      0.192636857256      0.147413121240      0.264689211322    
   2.37500000000      0.893745567218E-03  0.618421055663     -0.870895493435E-06   9.73324151287       1.23684211133      0.197960653651      0.151233773461      0.269226628552    
   2.50000000000      0.880782512454E-03  0.631695205172     -0.875992193737E-06   9.86358526331       1.26339041034      0.203153673701      0.154957717271      0.273583814199    
   2.62500000000      0.868220436740E-03  0.644558750994     -0.878692823555E-06   9.97640165468       1.28911750199      0.208215826940      0.158584819914      0.277758104139    
   2.75000000000      0.856054718332E-03  0.657016425892     -0.878910111825E-06   10.0673885155       1.31403285178      0.213147735640      0.162116482464      0.281752207788    
   2.87500000000      0.844276077157E-03  0.669077732978     -0.876637496336E-06   10.1400424564       1.33815546596      0.217950063394      0.165555012121      0.285572657463    
   3.00000000000      0.832872754978E-03  0.680754713114     -0.871954856973E-06   10.1987317635       1.36150942623      0.222623132552      0.168903103965      0.289228476598    
   3.12500000000      0.821832099044E-03  0.692060323166     -0.865028813250E-06   10.2551793191       1.38412064633      0.227166766414      0.172163440517      0.292730116235    
   3.25000000000      0.811141616997E-03  0.703007355717     -0.856109575846E-06   10.2985393174       1.40601471143      0.231580287022      0.175338404434      0.296088664260    
   3.37500000000      0.800789601291E-03  0.713607799635     -0.845526192224E-06   10.3304493485       1.42721559927      0.235862605783      0.178429891557      0.299315302295    
   3.50000000000      0.790765428824E-03  0.723872533233     -0.833681565567E-06   10.3521748836       1.44774506647      0.240012356467      0.181439207685      0.302420969081    
   3.62500000000      0.781059634198E-03  0.733811249259     -0.821048089669E-06   10.3646383839       1.46762249852      0.244028034139      0.184367031796      0.305416183324    
   3.75000000000      0.771663839675E-03  0.743432526620     -0.808164271527E-06   10.3701212373       1.48686505324      0.247908116710      0.187213429802      0.308310980109    
   3.87500000000      0.762570606695E-03  0.752743982449     -0.795632365065E-06   10.3738669283       1.50548796490      0.251651156773      0.189977905380      0.311114920297    
   4.00000000000      0.753773255825E-03  0.761752456483     -0.784116814962E-06   10.3705169845       1.52350491297      0.255255839733      0.192659477149      0.313837139602    
   4.12500000000      0.745265686319E-03  0.770464195849     -0.774343183686E-06   10.3597673389       1.54092839170      0.258721010070      0.195256773934      0.316486411844    
   4.25000000000      0.737042213639E-03  0.778885021451     -0.767097176736E-06   10.3515868023       1.55777004290      0.262045671312      0.197768141835      0.319071208304    
   4.37500000000      0.729097433697E-03  0.787020466993     -0.763223364914E-06   10.3374237319       1.57404093399      0.265228967184      0.200191758168      0.321599741642    
   4.50000000000      0.721426115830E-03  0.794875888584     -0.763623211515E-06   10.3207075641       1.58975177717      0.268270152113      0.202525748118      0.324079988353    
   4.62500000000      0.714023122208E-03  0.802456547267     -0.769252037928E-06   10.3036576336       1.60491309453      0.271168558857      0.204768300313      0.326519688097    
   4.75000000000      0.706883349064E-03  0.809767669200     -0.781114600546E-06   10.2829067106       1.61953533840      0.273923570013      0.206917777585      0.328926321601    
   4.87500000000      0.700001684271E-03  0.816814489102     -0.800259005842E-06   10.2608883141       1.63362897820      0.276534598637      0.208972819213      0.331307071252    
   5.00000000000      0.693372975945E-03  0.823602282411     -0.827768760955E-06   10.2457207993       1.64720456482      0.279001081423      0.210932430994      0.333668769995    
   5.12500000000      0.686992007605E-03  0.830136390712     -0.864752845997E-06   10.2309788775       1.66027278142      0.281322486016      0.212796059739      0.336017844957    
   5.25000000000      0.680853476636E-03  0.836422243799     -0.912333802427E-06   10.2113591907       1.67284448760      0.283498332243      0.214563649271      0.338360262285    
   5.37500000000      0.674951974090E-03  0.842465380355     -0.971633957748E-06   10.1932504089       1.68493076071      0.285528225454      0.216235675727      0.340701479173    
   5.50000000000      0.669281965162E-03  0.848271467946     -0.104376004686E-05   10.1723351820       1.69654293589      0.287411898942      0.217813160910      0.343046408094    
   5.62500000000      0.663837770693E-03  0.853846321961     -0.112978663774E-05   10.1494070662       1.70769264392      0.289149261608      0.219297663479      0.345399396875    
   5.75000000000      0.658613550856E-03  0.859195922320     -0.123073891437E-05   10.1346198772       1.71839184464      0.290740446727      0.220691248925      0.347764226668    
   5.87500000000      0.653603292615E-03  0.864326426309     -0.134757550077E-05   10.1134347289       1.72865285262      0.292185857831      0.221996440312      0.350144128166    
   6.00000000000      0.648800802678E-03  0.869244175809     -0.148117211327E-05   10.0886373997       1.73848835162      0.293486208351      0.223216152727      0.352541814731    
   6.12500000000      0.644199707481E-03  0.873955697295     -0.163230689040E-05   10.0711739793       1.74791139459      0.294642552587      0.224353615126      0.354959529582    
   6.25000000000      0.639793461343E-03  0.878467693500     -0.180164825782E-05   10.0446013086       1.75693538700      0.295656306809      0.225412283771      0.357399102920    
   6.37500000000      0.635575363319E-03  0.882787026150     -0.198974613133E-05   10.0176557767       1.76557405230      0.296529260511      0.226395751677      0.359862013962    
   6.50000000000      0.631538582618E-03  0.886920689939     -0.219702713798E-05   9.99005566487       1.77384137988      0.297263579124      0.227307658499      0.362349452317    
   6.62500000000      0.627676191721E-03  0.890875778615     -0.242379434445E-05   9.95487954721       1.78175155723      0.297861800493      0.228151605013      0.364862373108    
   6.75000000000      0.623981205733E-03  0.894659444682     -0.267023172927E-05   9.92370766127       1.78931888936      0.298326828218      0.228931075894      0.367401540570    
   6.87500000000      0.620446625906E-03  0.898278854837     -0.293641333331E-05   9.88758265280       1.79655770967      0.298661925338      0.229649373850      0.369967555650    
   7.00000000000      0.617065484924E-03  0.901741143594     -0.322231668834E-05   9.85171404447       1.80348228719      0.298870711876      0.230309567449      0.372560864269    
   7.12500000000      0.613830891331E-03  0.905053367788     -0.352783978054E-05   9.80891838974       1.81010673558      0.298957169355      0.230914454139      0.375181744294    
   7.25000000000      0.610736070453E-03  0.908222464677     -0.385282047848E-05   9.76939553781       1.81644492935      0.298925654663      0.231466539121      0.377830270893    
   7.37500000000      0.607774399357E-03  0.911255216138     -0.419705707230E-05   9.73555375816       1.82251043228      0.298780924638      0.231968029926      0.380506261574    
   7.50000000000      0.604939433729E-03  0.914158221142     -0.456032836001E-05   9.70228164553       1.82831644228      0.298528171460      0.232420845785      0.383209203897    
   7.62500000000      0.602224925053E-03  0.916937878167     -0.494241160204E-05   9.66942112501       1.83387575633      0.298173067636      0.232826640217      0.385938170314    
   7.75000000000      0.599624827053E-03  0.919600378602     -0.534309666778E-05   9.67862514208       1.83920075720      0.297721817999      0.233186834732      0.388691725871    
   7.87500000000      0.597133291045E-03  0.922151711498     -0.576219482954E-05   9.71128751213       1.84430342300      0.297181214896      0.233502661169      0.391467835433    
   8.00000000000      0.594744650544E-03  0.924597679337     -0.619954092488E-05   9.76538157663       1.84919535867      0.296558691735      0.233775209938      0.394263777664    
   8.12500000000      0.592453396130E-03  0.926943923766     -0.665498799876E-05   9.83718363463       1.85388784753      0.295862369288      0.234005481409      0.397076073069    
   8.25000000000      0.590254142234E-03  0.929195959614     -0.712839403489E-05   9.92363781906       1.85839191923      0.295101088760      0.234194437754      0.399900433100    
   8.37500000000      0.588141588022E-03  0.931359214934     -0.761960095829E-05   10.0241146622       1.86271842987      0.294284425658      0.234343052789      0.402731736488    
   8.50000000000      0.586110475017E-03  0.933439074412     -0.812840669958E-05   10.1383633620       1.86687814882      0.293422678890      0.234452357741      0.405564037781    
   8.62500000000      0.584155544354E-03  0.935440923127     -0.865453170703E-05   10.2624334925       1.87088184625      0.292526830394      0.234523481281      0.408390611453    
   8.75000000000      0.582271496749E-03  0.937370187549     -0.919758182442E-05   10.3923776188       1.87474037510      0.291608471793      0.234557682694      0.411204033062    
   8.87500000000      0.580452958224E-03  0.939232370634     -0.975700987293E-05   10.5344448070       1.87846474127      0.290679696176      0.234556377582      0.413996296875    
   9.00000000000      0.578694454466E-03  0.941033078079     -0.103320785413E-04   10.6829739467       1.88206615616      0.289752954885      0.234521156012      0.416758967182    
   9.12500000000      0.576990396354E-03  0.942778033145     -0.109218272699E-04   10.8309261630       1.88555606629      0.288840881235      0.234453793517      0.419483358393    
   9.25000000000      0.575335078718E-03  0.944473077924     -0.115250456963E-04   10.9833376325       1.88894615585      0.287956085125      0.234356255716      0.422160737082    
   9.37500000000      0.573722693758E-03  0.946124159602     -0.121402559139E-04   11.1369209575       1.89224831920      0.287110924496      0.234230697655      0.424782537451    
   9.50000000000      0.572147359795E-03  0.947737301012     -0.127657053026E-04   11.2851011438       1.89547460202      0.286317261403      0.234079459081      0.427340580529    
   9.62500000000      0.570603165244E-03  0.949318555615     -0.133993710500E-04   11.4466608286       1.89863711123      0.285586211965      0.233905056927      0.429827286723    
   9.75000000000      0.569084226758E-03  0.950873947947     -0.140389767510E-04   11.5949156693       1.90174789589      0.284927900463      0.233710176149      0.432235871336    
   9.87500000000      0.567584759690E-03  0.952409401480     -0.146820206973E-04   11.7433284691       1.90481880296      0.284351228372      0.233497659826      0.434560513282    
   10.0000000000      0.566099158143E-03  0.953930656645     -0.153258147118E-04   11.8955327213       1.90786131329      0.283863668975      0.233270499117      0.436796488553    
   10.1250000000      0.564622081214E-03  0.955443182516     -0.159675317011E-04   12.0341061436       1.91088636503      0.283471097410      0.233031823260      0.438940261846    
   10.2500000000      0.563148541502E-03  0.956952086181     -0.166042595430E-04   12.1740658712       1.91390417236      0.283177664604      0.232784889433      0.440989532145    
   10.3750000000      0.561673991656E-03  0.958462024125     -0.172330585355E-04   12.3033708906       1.91692404825      0.282985721528      0.232533071893      0.442943230704    
   10.5000000000      0.560194404676E-03  0.959977119986     -0.178510194406E-04   12.4332554790       1.91995423997      0.282895797772      0.232279849572      0.444801472642    
   10.6250000000      0.558706343955E-03  0.961500892847     -0.184553191740E-04   12.5500392399       1.92300178569      0.282906635747      0.232028791078      0.446565466022    
   10.7500000000      0.557207019522E-03  0.963036199637     -0.190432714134E-04   12.6609088005       1.92607239927      0.283015278945      0.231783536067      0.448237384624    
   10.8750000000      0.555694327676E-03  0.964585194546     -0.196123698176E-04   12.7625741710       1.92917038909      0.283217210067      0.231547772018      0.449820212461    
   11.0000000000      0.554166872143E-03  0.966149307362     -0.201603221187E-04   12.8503311635       1.93229861472      0.283506532379      0.231325205692      0.451317569292    
   11.1250000000      0.552623965871E-03  0.967729241632     -0.206850740395E-04   12.9361175033       1.93545848326      0.283876185814      0.231119528908      0.452733526909    
   11.2500000000      0.551065613624E-03  0.969324992484     -0.211848227280E-04   12.9966497406       1.93864998497      0.284318187997      0.230934378702      0.454072425785    
   11.3750000000      0.549492476517E-03  0.970935882944     -0.216580201476E-04   13.0658212930       1.94187176589      0.284823889739      0.230773292386      0.455338700820    
   11.5000000000      0.547905820488E-03  0.972560616703     -0.221033675356E-04   13.1063224971       1.94512123341      0.285384234579      0.230639658527      0.456536723597    
   11.6250000000      0.546307451361E-03  0.974197344605     -0.225198026155E-04   13.1469537143       1.94839468921      0.285990012531      0.230536665268      0.457670666806    
   11.7500000000      0.544699639625E-03  0.975843741680     -0.229064816567E-04   13.1705779356       1.95168748336      0.286632099320      0.230467247781      0.458744394579    
   11.8750000000      0.543085038273E-03  0.977497091271     -0.232627587080E-04   13.1750670825       1.95499418254      0.287301673854      0.230434036899      0.459761380518    
   12.0000000000      0.541466597084E-03  0.979154372815     -0.235881643737E-04   13.1814155574       1.95830874563      0.287990408363      0.230439311073      0.460724653379    
   12.1250000000      0.539847476530E-03  0.980812349997     -0.238823863602E-04   13.1616855570       1.96162469999      0.288690627379      0.230484953818      0.461636768801    
   12.2500000000      0.538230964202E-03  0.982467656329     -0.241452537264E-04   13.1351064367       1.96493531266      0.289395433459      0.230572418628      0.462499804242    
   12.3750000000      0.536620396220E-03  0.984116875634     -0.243767263488E-04   13.0987579734       1.96823375127      0.290098799104      0.230702703080      0.463315373449    
   12.5000000000      0.535019085565E-03  0.985756615421     -0.245768906130E-04   13.0388763134       1.97151323084      0.290795625674      0.230876333430      0.464084656317    
   12.6250000000      0.533430258818E-03  0.987383571678     -0.247459618054E-04   13.1664651715       1.97476714336      0.291481771202      0.231093360546      0.464808439930    
   12.7500000000      0.531857002222E-03  0.988994584095     -0.248842931474E-04   13.4424715187       1.97798916819      0.292154049837      0.231353367492      0.465487166766    
   12.8750000000      0.530302217560E-03  0.990586681250     -0.249923909261E-04   13.6575248809       1.98117336250      0.292810206225      0.231655488526      0.466120986500    
   13.0000000000      0.528768587878E-03  0.992157115705     -0.250709347586E-04   13.8986332470       1.98431423141      0.293448868489      0.231998438777      0.466709808440    
   13.1250000000      0.527258552761E-03  0.993703389329     -0.251208016940E-04   14.0954589425       1.98740677866      0.294069483596      0.232380553419      0.467253352314    
   13.2500000000      0.525774292536E-03  0.995223269466     -0.251430926330E-04   14.3039319725       1.99044653893      0.294672238908      0.232799834767      0.467751195790    
   13.3750000000      0.524317720590E-03  0.996714796809     -0.251391594058E-04   14.4587331082       1.99342959362      0.295257973543      0.233254005485      0.468202817781    
   13.5000000000      0.522890482795E-03  0.998176285988     -0.251106308118E-04   14.6506314876       1.99635257198      0.295828082964      0.233740565923      0.468607637101    
   13.6250000000      0.521493962937E-03  0.999606320004     -0.250594359607E-04   14.7717225174       1.99921264001      0.296384419889      0.234256853585      0.468965046530    
   13.7500000000      0.520129293033E-03   1.00100373967     -0.249878233599E-04   14.9199589818       2.00200747935      0.296929194299      0.234800102767      0.469274442608    
   13.8750000000      0.518797367354E-03   1.00236762926     -0.248983743492E-04   15.0094095967       2.00473525853      0.297464874943      0.235367502590      0.469535251732    
   14.0000000000      0.517498859077E-03   1.00369729944     -0.247940096797E-04   15.1360299825       2.00739459889      0.297994094411      0.235956251845      0.469746953187    
   14.1250000000      0.516234238526E-03   1.00499226860     -0.246779882626E-04   15.1907797232       2.00998453720      0.298519559455      0.236563609377      0.469909099768    
   14.2500000000      0.515003792066E-03   1.00625224350     -0.245538973628E-04   15.2799363448       2.01250448699      0.299043967945      0.237186938988      0.470021336563    
   14.3750000000      0.513807640851E-03   1.00747710008     -0.244256337840E-04   15.3216294795       2.01495420016      0.299569933492      0.237823748215      0.470083418371    
   14.5000000000      0.512645758724E-03   1.00866686513     -0.242973758804E-04   15.3433692895       2.01733373025      0.300099918511      0.238471720569      0.470095226046    
   14.6250000000      0.511517988752E-03   1.00982169935     -0.241735465333E-04   15.3827548304       2.01964339869      0.300636176219      0.239128741167      0.470056781960    
   14.7500000000      0.510424057959E-03   1.01094188227     -0.240587675492E-04   15.3524475601       2.02188376454      0.301180701824      0.239792915896      0.469968264551    
   14.8750000000      0.509363590000E-03   1.01202779928     -0.239578062623E-04   15.3680484189       2.02405559856      0.301735192954      0.240462584467      0.469830021858    
   15.0000000000      0.508336115613E-03   1.01307993090     -0.238755154527E-04   15.3423001749       2.02615986180      0.302301019208      0.241136327903      0.469642583789    
   15.1250000000      0.507341080799E-03   1.01409884443     -0.238167680179E-04   15.2792248409       2.02819768887      0.302879200535      0.241812971081      0.469406672817    
   15.2500000000      0.506377852787E-03   1.01508518784     -0.237863881340E-04   15.2610131051       2.03017037568      0.303470394035      0.242491581057      0.469123212748    
   15.3750000000      0.505445723904E-03   1.01603968578     -0.237890809186E-04   15.1885783419       2.03207937157      0.304074888673      0.243171461904      0.468793335206    
   15.5000000000      0.504543913543E-03   1.01696313761     -0.238293628244E-04   15.1131392414       2.03392627522      0.304692607303      0.243852146793      0.468418383513    
   15.6250000000      0.503671568460E-03   1.01785641704     -0.239114951450E-04   15.0683606840       2.03571283408      0.305323115358      0.244533387979      0.467999913702    
   15.7500000000      0.502827761680E-03   1.01872047330     -0.240394230841E-04   15.0099433860       2.03744094660      0.305965635504      0.245215145309      0.467539692486    
   15.8750000000      0.502011490294E-03   1.01955633337     -0.242167228034E-04   14.9047482348       2.03911266673      0.306619067537      0.245897573716      0.467039692114    
   16.0000000000      0.501221672444E-03   1.02036510506     -0.244465587218E-04   14.8380905796       2.04073021013      0.307282012781      0.246581010119      0.466502082164    
   16.1250000000      0.500457143803E-03   1.02114798066     -0.247316530660E-04   14.7535537403       2.04229596132      0.307952802255      0.247265959975      0.465929218430    
   16.2500000000      0.499716653830E-03   1.02190624070     -0.250742692836E-04   14.6659192023       2.04381248141      0.308629527874      0.247953083643      0.465323629186    
   16.3750000000      0.498998862089E-03   1.02264125779     -0.254762104104E-04   14.5674263471       2.04528251559      0.309310075993      0.248643182620      0.464687999180    
   16.5000000000      0.498302334884E-03   1.02335450003     -0.259388328581E-04   14.4817022638       2.04670900005      0.309992162615      0.249337185613      0.464025151798    
   16.6250000000      0.497625542460E-03   1.02404753386     -0.264630753677E-04   14.3990946718       2.04809506772      0.310673369655      0.250036134326      0.463338029881    
   16.7500000000      0.496966856975E-03   1.02472202620     -0.270495020874E-04   14.3335544850       2.04944405241      0.311351181717      0.250741168833      0.462629675655    
   16.8750000000      0.496324551443E-03   1.02537974547     -0.276983579200E-04   14.2891989984       2.05075949095      0.312023022894      0.251453512333      0.461903210247    
   17.0000000000      0.495696799824E-03   1.02602256153     -0.284096334807E-04   14.2658983905       2.05204512306      0.312686293244      0.252174455121      0.461161813164    
   17.1250000000      0.495081678386E-03   1.02665244426     -0.291831362715E-04   14.2441429463       2.05330488852      0.313338404633      0.252905337589      0.460408702041    
   17.2500000000      0.494477168461E-03   1.02727146078     -0.300185640578E-04   14.2239163292       2.05454292157      0.313976815794      0.253647532138      0.459647112852    
   17.3750000000      0.493881160691E-03   1.02788177107     -0.309155759920E-04   14.2176239127       2.05576354214      0.314599066513      0.254402423899      0.458880280660    
   17.5000000000      0.493291460818E-03   1.02848562205     -0.318738568078E-04   14.2385127349       2.05697124409      0.315202810948      0.255171390233      0.458111420865    
   17.6250000000      0.492705797057E-03   1.02908534002     -0.328931694725E-04   14.2547038066       2.05817068004      0.315785850143      0.255955779071      0.457343710804    
   17.7500000000      0.492121829064E-03   1.02968332150     -0.339733920452E-04   14.2519430621       2.05936664300      0.316346163830      0.256756886174      0.456580271497    
   17.8750000000      0.491537158495E-03   1.03028202241     -0.351145351768E-04   14.2565017846       2.06056404482      0.316881941583      0.257575931542      0.455824149285    
   18.0000000000      0.490949341099E-03   1.03088394567     -0.363167376933E-04   14.2559131419       2.06176789133      0.317391613342      0.258414035222      0.455078297103    
   18.1250000000      0.490355900304E-03   1.03149162729     -0.375802389879E-04   14.2354544382       2.06298325459      0.317873879198      0.259272192883      0.454345555211    
   18.2500000000      0.489754342180E-03   1.03210762109     -0.389053284528E-04   14.2298398395       2.06421524217      0.318327738216      0.260151251594      0.453628631277    
   18.3750000000      0.489142171670E-03   1.03273448200     -0.402922738198E-04   14.2106621499       2.06546896400      0.318752515859      0.261051886309      0.452930079831    
   18.5000000000      0.488516909929E-03   1.03337474838     -0.417412319273E-04   14.1715663819       2.06674949676      0.319147889421      0.261974577661      0.452252281300    
   18.6250000000      0.487876112575E-03   1.03403092330     -0.432521469662E-04   14.1382705714       2.06806184659      0.319513910675      0.262919591681      0.451597420940    
   18.7500000000      0.487217388628E-03   1.03470545511     -0.448246425324E-04   14.1004149841       2.06941091023      0.319851024787      0.263886962165      0.450967468162    
   18.8750000000      0.486538419881E-03   1.03540071769     -0.464579146975E-04   14.0427711546       2.07080143538      0.320160084447      0.264876476381      0.450364156865    
   19.0000000000      0.485836980412E-03   1.03611899038     -0.481506336931E-04   13.9818295414       2.07223798077      0.320442358101      0.265887664854      0.449788967429    
   19.1250000000      0.485110955926E-03   1.03686243823     -0.499008615975E-04   13.9252261169       2.07372487646      0.320699531240      0.266919795912      0.449243111077    
   19.2500000000      0.484358362636E-03   1.03763309263     -0.517059926090E-04   13.8489918902       2.07526618526      0.320933699784      0.267971875621      0.448727517227    
   19.3750000000      0.483577365352E-03   1.03843283283     -0.535627210870E-04   13.7630679494       2.07686566566      0.321147354846      0.269042653598      0.448242824384    
   19.5000000000      0.482766294522E-03   1.03926336844     -0.554670406591E-04   13.6878885053       2.07852673688      0.321343358435      0.270130635056      0.447789374949    
   19.6250000000      0.481923661963E-03   1.04012622336     -0.574142754456E-04   13.5933338257       2.08025244673      0.321524910035      0.271234099183      0.447367214145    
   19.7500000000      0.481048175118E-03   1.04102272118     -0.593991420486E-04   13.4868224997       2.08204544235      0.321695504415      0.272351123709      0.446976093053    
   19.8750000000      0.480138749663E-03   1.04195397222     -0.614158385979E-04   13.3935801495       2.08390794444      0.321858881432      0.273479615202      0.446615475586    
   20.0000000000      0.479194520410E-03   1.04292086244     -0.634581550607E-04   13.2813631626       2.08584172489      0.322018969083      0.274617344314      0.446284549047    
   20.1250000000      0.478214850419E-03   1.04392404407     -0.655195974056E-04   13.1616056526       2.08784808814      0.322179821401      0.275761984862      0.445982237808    
   20.2500000000      0.477199338309E-03   1.04496392811     -0.675935172245E-04   13.0492421408       2.08992785621      0.322345553163      0.276911155346      0.445707219597    
   20.3750000000      0.476147823701E-03   1.04604067877     -0.696732381534E-04   12.9204211112       2.09208135755      0.322520273626      0.278062461284      0.445457943863    
   20.5000000000      0.475060390726E-03   1.04715420992     -0.717521709168E-04   12.8027007793       2.09430841984      0.322708021610      0.279213536583      0.445232651725    
   20.6250000000      0.473937369452E-03   1.04830418354     -0.738239100087E-04   12.6699653516       2.09660836709      0.322912704256      0.280362082187      0.445029397099    
   20.7500000000      0.472779335048E-03   1.04949001067     -0.758823067860E-04   12.5386695080       2.09898002134      0.323138041657      0.281505900328      0.444846068684    
   20.8750000000      0.471587104405E-03   1.05071085479     -0.779215159149E-04   12.4084495603       2.10142170958      0.323387519234      0.282642922987      0.444680412571    
   21.0000000000      0.470361729921E-03   1.05196563825     -0.799360144682E-04   12.2609545185       2.10393127651      0.323664349353      0.283771233545      0.444530055355    
   21.1250000000      0.469104490131E-03   1.05325305182     -0.819205952835E-04   12.1313145538       2.10650610365      0.323971443135      0.284889081067      0.444392527622    
   21.2500000000      0.467816876911E-03   1.05457156782     -0.838703382600E-04   11.9870455533       2.10914313564      0.324311392845      0.285994887209      0.444265287767    
   21.3750000000      0.466500579055E-03   1.05591945691     -0.857805649005E-04   11.8534199627       2.11183891382      0.324686464623      0.287087246251      0.444145746036    
   21.5000000000      0.465157462199E-03   1.05729480868     -0.876467824777E-04   11.7082256971       2.11458961735      0.325098600770      0.288164919221      0.444031288684    
   21.6250000000      0.463789545211E-03   1.05869555579     -0.894646246550E-04   11.5826985958       2.11739111158      0.325549430257      0.289226823480      0.443919302056    
   21.7500000000      0.462398973392E-03   1.06011950147     -0.912297952166E-04   11.4413347473       2.12023900294      0.326040285757      0.290272019345      0.443807196367    
   21.8750000000      0.460987989046E-03   1.06156434958     -0.929380208379E-04   11.3071908960       2.12312869916      0.326572225229      0.291299695443      0.443692428907    
   22.0000000000      0.459558900172E-03   1.06302773673     -0.945850176523E-04   11.1703665605       2.12605547346      0.327146055988      0.292309154402      0.443572526341    
   22.1250000000      0.458114048155E-03   1.06450726534     -0.961664748991E-04   11.0471538055       2.12901453068      0.327762359249      0.293299800275      0.443445105818    
   22.2500000000      0.456655775483E-03   1.06600053670     -0.976780573254E-04   10.9377986587       2.13200107341      0.328421513320      0.294271128822      0.443307894561    
   22.3750000000      0.455186394484E-03   1.06750518299     -0.991154264045E-04   10.8960605321       2.13501036597      0.329123713948      0.295222721322      0.443158747717    
   22.5000000000      0.453708158095E-03   1.06901889718     -0.100474278970E-03   10.8593727763       2.13803779437      0.329868990681      0.296154242265      0.442995664239    
   22.6250000000      0.452223233536E-03   1.07053946006     -0.101750400633E-03   10.8176362398       2.14107892012      0.330657218570      0.297065440804      0.442816800688    
   22.7500000000      0.450733679609E-03   1.07206476340     -0.102939730420E-03   10.7712393318       2.14412952681      0.331488124938      0.297956155571      0.442620482895    
   22.8750000000      0.449241428175E-03   1.07359282898     -0.104038432487E-03   10.7205702840       2.14718565797      0.332361291361      0.298826322148      0.442405215474    
   23.0000000000      0.447748270112E-03   1.07512182294     -0.105042970488E-03   10.6660140372       2.15024364588      0.333276151360      0.299675982318      0.442169689262    
   23.1250000000      0.446255845874E-03   1.07665006545     -0.105950180240E-03   10.6079494997       2.15330013090      0.334231984543      0.300505294132      0.441912786775    
   23.2500000000      0.444765640551E-03   1.07817603578     -0.106757336640E-03   10.5547378760       2.15635207156      0.335227908179      0.301314541795      0.441633585807    
   23.3750000000      0.443278983160E-03   1.07969837302     -0.107462211333E-03   10.5009793814       2.15939674604      0.336262867241      0.302104144462      0.441331361316    
   23.5000000000      0.441797049746E-03   1.08121587289     -0.108063118317E-03   10.4443579150       2.16243174578      0.337335624026      0.302874663126      0.441005585739    
   23.6250000000      0.440320869797E-03   1.08272748121     -0.108558945508E-03   10.3852358227       2.16545496241      0.338444748402      0.303626804951      0.440655927854    
   23.7500000000      0.438851335352E-03   1.08423228452     -0.108949171130E-03   10.3884520657       2.16846456903      0.339588609640      0.304361424556      0.440282250319    
   23.8750000000      0.437389212228E-03   1.08572949862     -0.109233864654E-03   10.4582918289       2.17145899724      0.340765370665      0.305079521981      0.439884605976    
   24.0000000000      0.435935152727E-03   1.08721845557     -0.109413672848E-03   10.5817868927       2.17443691114      0.341972985384      0.305782237199      0.439463232988    
   24.1250000000      0.434489709257E-03   1.08869858970     -0.109489792200E-03   10.7196011431       2.17739717939      0.343209199566      0.306470841236      0.439018548894    
   24.2500000000      0.433053348321E-03   1.09016942330     -0.109463929603E-03   10.8596043355       2.18033884660      0.344471555599      0.307146724104      0.438551143598    
   24.3750000000      0.431626464421E-03   1.09163055242     -0.109338253631E-03   10.9856247867       2.18326110483      0.345757401215      0.307811379855      0.438061771347    
   24.5000000000      0.430209393466E-03   1.09308163308     -0.109115339057E-03   11.0971753462       2.18616326615      0.347063902156      0.308466389189      0.437551341730    
   24.6250000000      0.428802425360E-03   1.09452236841     -0.108798107377E-03   11.1949806793       2.18904473683      0.348388058593      0.309113400099      0.437020909722    
   24.7500000000      0.427405815529E-03   1.09595249688     -0.108389766090E-03   11.3280317995       2.19190499376      0.349726724964      0.309754107088      0.436471664828    
   24.8750000000      0.426019795195E-03   1.09737178170     -0.107893749320E-03   11.4609963871       2.19474356340      0.351076632826      0.310390229506      0.435904919369    
   25.0000000000      0.424644580292E-03   1.09878000176     -0.107313662052E-03   11.5784967016       2.19756000353      0.352434416225      0.311023489565      0.435322095975    
