   0.00000000000      0.316628698882E-02  0.375000000000      0.154999491690E-18   2.00000000000      0.750000000000      0.625000000000E-01  0.625000000000E-01  0.250000000000    
  0.156250000000E-01  0.316628580501E-02  0.375008620270     -0.670197610787E-19   1.99988954647      0.750017240540      0.625061088380E-01  0.625061088380E-01  0.249996402594    
  0.312500000000E-01  0.316628225337E-02  0.375034482550      0.323477768820E-18   1.99955823548      0.750068965100      0.625244348692E-01  0.625244348692E-01  0.249985612811    
  0.468750000000E-01  0.316627633329E-02  0.375077591249      0.422415559225E-18   1.99900621582      0.750155182498      0.625549766455E-01  0.625549766454E-01  0.249967637958    
  0.625000000000E-01  0.316626804376E-02  0.375137953714      0.331214199880E-18   1.99823373526      0.750275907428      0.625977317562E-01  0.625977317562E-01  0.249942490201    
  0.781250000000E-01  0.316625738338E-02  0.375215580224      0.413723828627E-18   1.99724114041      0.750431160448      0.626526968326E-01  0.626526968326E-01  0.249910186559    
  0.937500000000E-01  0.316624435034E-02  0.375310483985      0.637997465912E-18   1.99602887633      0.750620967971      0.627198675530E-01  0.627198675530E-01  0.249870748879    
  0.109375000000      0.316622894240E-02  0.375422681125      0.851943848391E-18   1.99459748615      0.750845362250      0.627992386507E-01  0.627992386507E-01  0.249824203823    
  0.125000000000      0.316621115697E-02  0.375552190680      0.100975606636E-17   1.99294761053      0.751104381361      0.628908039231E-01  0.628908039231E-01  0.249770582834    
  0.140625000000      0.316619099103E-02  0.375699034591      0.155183105113E-17   1.99107998710      0.751398069182      0.629945562423E-01  0.629945562423E-01  0.249709922107    
  0.156250000000      0.316616844117E-02  0.375863237685      0.172096141758E-17   1.98899544977      0.751726475369      0.631104875671E-01  0.631104875671E-01  0.249642262550    
  0.171875000000      0.316614350358E-02  0.376044827664      0.156093633226E-17   1.98669492791      0.752089655329      0.632385889576E-01  0.632385889576E-01  0.249567649749    
  0.187500000000      0.316611617407E-02  0.376243835095      0.164226453194E-17   1.98417944558      0.752487670189      0.633788505897E-01  0.633788505897E-01  0.249486133915    
  0.203125000000      0.316608644804E-02  0.376460293384      0.151763402750E-17   1.98145012047      0.752920586767      0.635312617730E-01  0.635312617730E-01  0.249397769838    
  0.218750000000      0.316605432054E-02  0.376694238766      0.186500319419E-17   1.97850816298      0.753388477531      0.636958109682E-01  0.636958109682E-01  0.249302616829    
  0.234375000000      0.316601978618E-02  0.376945710282      0.163238488260E-17   1.97535487503      0.753891420564      0.638724858079E-01  0.638724858079E-01  0.249200738666    
  0.250000000000      0.316598283923E-02  0.377214749760      0.176031018721E-17   1.97199164890      0.754429499520      0.640612731171E-01  0.640612731171E-01  0.249092203526    
  0.265625000000      0.316594347356E-02  0.377501401791      0.221418098971E-17   1.96841996596      0.755002803581      0.642621589364E-01  0.642621589364E-01  0.248977083918    
  0.281250000000      0.316590168268E-02  0.377805713705      0.200952248621E-17   1.96464139530      0.755611427411      0.644751285456E-01  0.644751285456E-01  0.248855456614    
  0.296875000000      0.316585745971E-02  0.378127735551      0.170647569584E-17   1.96065759232      0.756255471102      0.647001664891E-01  0.647001664891E-01  0.248727402573    
  0.312500000000      0.316581079741E-02  0.378467520063      0.128880623836E-17   1.95647029723      0.756935040125      0.649372566023E-01  0.649372566023E-01  0.248593006858    
  0.328125000000      0.316576168817E-02  0.378825122639      0.139740277140E-17   1.95208133346      0.757650245277      0.651863820395E-01  0.651863820395E-01  0.248452358560    
  0.343750000000      0.316571012402E-02  0.379200601309      0.114133378093E-17   1.94749260607      0.758401202618      0.654475253025E-01  0.654475253025E-01  0.248305550704    
  0.359375000000      0.316565609664E-02  0.379594016707      0.109467793647E-17   1.94270609998      0.759188033414      0.657206682704E-01  0.657206682704E-01  0.248152680166    
  0.375000000000      0.316559959734E-02  0.380005432038      0.127961442762E-17   1.93772387829      0.760010864076      0.660057922308E-01  0.660057922308E-01  0.247993847577    
  0.390625000000      0.316554061710E-02  0.380434913048      0.120713992558E-17   1.93254808035      0.760869826096      0.663028779115E-01  0.663028779115E-01  0.247829157225    
  0.406250000000      0.316547914654E-02  0.380882527988      0.148685415070E-17   1.92718091994      0.761765055976      0.666119055136E-01  0.666119055136E-01  0.247658716961    
  0.421875000000      0.316541517595E-02  0.381348347583      0.113487453616E-17   1.92162468333      0.762696695165      0.669328547445E-01  0.669328547445E-01  0.247482638094    
  0.437500000000      0.316534869529E-02  0.381832444993      0.160566259373E-17   1.91588172725      0.763664889985      0.672657048532E-01  0.672657048532E-01  0.247301035286    
  0.453125000000      0.316527969418E-02  0.382334895780      0.185627234406E-17   1.90995447687      0.764669791559      0.676104346649E-01  0.676104346649E-01  0.247114026450    
  0.468750000000      0.316520816191E-02  0.382855777869      0.193746912223E-17   1.90384542368      0.765711555737      0.679670226171E-01  0.679670226171E-01  0.246921732634    
  0.484375000000      0.316513408746E-02  0.383395171510      0.172659326161E-17   1.89755712341      0.766790343021      0.683354467960E-01  0.683354467960E-01  0.246724277918    
  0.500000000000      0.316505745951E-02  0.383953159242      0.181692915749E-17   1.89109219378      0.767906318483      0.687156849735E-01  0.687156849735E-01  0.246521789294    
  0.515625000000      0.316497826640E-02  0.384529825846      0.176085637765E-17   1.88445331234      0.769059651691      0.691077146449E-01  0.691077146449E-01  0.246314396556    
  0.531250000000      0.316489649620E-02  0.385125258313      0.204222662146E-17   1.87764321419      0.770250516626      0.695115130663E-01  0.695115130663E-01  0.246102232180    
  0.546875000000      0.316481213665E-02  0.385739545797      0.205913583000E-17   1.87066468971      0.771479091595      0.699270572933E-01  0.699270572933E-01  0.245885431211    
  0.562500000000      0.316472517522E-02  0.386372779578      0.211499599868E-17   1.86352058224      0.772745559155      0.703543242194E-01  0.703543242194E-01  0.245664131139    
  0.578125000000      0.316463559910E-02  0.387025053011      0.191708421010E-17   1.85621378576      0.774050106023      0.707932906145E-01  0.707932906145E-01  0.245438471782    
  0.593750000000      0.316454339517E-02  0.387696461495      0.173660265291E-17   1.84874724249      0.775392922989      0.712439331641E-01  0.712439331641E-01  0.245208595166    
  0.609375000000      0.316444855008E-02  0.388387102416      0.191923809888E-17   1.84112394057      0.776774204833      0.717062285081E-01  0.717062285081E-01  0.244974645400    
  0.625000000000      0.316435105016E-02  0.389097075115      0.176994767735E-17   1.83334691160      0.778194150231      0.721801532795E-01  0.721801532795E-01  0.244736768556    
  0.640625000000      0.316425088153E-02  0.389826480834      0.187009187633E-17   1.82541922829      0.779652961668      0.726656841439E-01  0.726656841439E-01  0.244495112546    
  0.656250000000      0.316414803002E-02  0.390575422675      0.184118374882E-17   1.81734400197      0.781150845351      0.731627978375E-01  0.731627978375E-01  0.244249827000    
  0.671875000000      0.316404248123E-02  0.391344005554      0.191816537698E-17   1.80912438022      0.782688011109      0.736714712065E-01  0.736714712065E-01  0.244001063141    
  0.687500000000      0.316393422049E-02  0.392132336155      0.192561366445E-17   1.80076354441      0.784264672309      0.741916812449E-01  0.741916812449E-01  0.243748973665    
  0.703125000000      0.316382323294E-02  0.392940522880      0.186487354097E-17   1.79226470730      0.785881045760      0.747234051327E-01  0.747234051327E-01  0.243493712615    
  0.718750000000      0.316370950344E-02  0.393768675808      0.226741188051E-17   1.78363111054      0.787537351617      0.752666202736E-01  0.752666202736E-01  0.243235435261    
  0.734375000000      0.316359301666E-02  0.394616906645      0.210115726010E-17   1.77486602231      0.789233813290      0.758213043324E-01  0.758213043324E-01  0.242974297980    
  0.750000000000      0.316347375704E-02  0.395485328674      0.243834819877E-17   1.76597273485      0.790970657349      0.763874352715E-01  0.763874352715E-01  0.242710458131    
  0.765625000000      0.316335170882E-02  0.396374056713      0.210424543092E-17   1.75695456207      0.792748113425      0.769649913870E-01  0.769649913870E-01  0.242444073939    
  0.781250000000      0.316322685602E-02  0.397283207060      0.216530454430E-17   1.74781483718      0.794566414120      0.775539513449E-01  0.775539513449E-01  0.242175304370    
  0.796875000000      0.316309918247E-02  0.398212897452      0.222786375449E-17   1.73855691020      0.796425794904      0.781542942153E-01  0.781542942153E-01  0.241904309022    
  0.812500000000      0.316296867182E-02  0.399163247011      0.209385197967E-17   1.72918414575      0.798326494023      0.787659995071E-01  0.787659995071E-01  0.241631247997    
  0.828125000000      0.316283530752E-02  0.400134376200      0.236035411631E-17   1.71969992058      0.800268752399      0.793890472013E-01  0.793890472013E-01  0.241356281797    
  0.843750000000      0.316269907286E-02  0.401126406768      0.208891341894E-17   1.71010762130      0.802252813536      0.800234177839E-01  0.800234177839E-01  0.241079571200    
  0.859375000000      0.316255995093E-02  0.402139461708      0.198077052248E-17   1.70041064207      0.804278923417      0.806690922772E-01  0.806690922772E-01  0.240801277154    
  0.875000000000      0.316241792469E-02  0.403173665206      0.206082817112E-17   1.69061238233      0.806347330411      0.813260522713E-01  0.813260522713E-01  0.240521560663    
  0.890625000000      0.316227297693E-02  0.404229142586      0.197502083776E-17   1.68071624459      0.808458285173      0.819942799533E-01  0.819942799533E-01  0.240240582680    
  0.906250000000      0.316212509029E-02  0.405306020271      0.205145405066E-17   1.67072563215      0.810612040542      0.826737581371E-01  0.826737581371E-01  0.239958503997    
  0.921875000000      0.316197424725E-02  0.406404425725      0.205870827217E-17   1.66064394698      0.812808851449      0.833644702905E-01  0.833644702905E-01  0.239675485144    
  0.937500000000      0.316182043019E-02  0.407524487407      0.209508734860E-17   1.65047458760      0.815048974813      0.840664005629E-01  0.840664005629E-01  0.239391686281    
  0.953125000000      0.316166362132E-02  0.408666334721      0.215787897966E-17   1.64022094691      0.817332669442      0.847795338101E-01  0.847795338101E-01  0.239107267101    
  0.968750000000      0.316150380276E-02  0.409830097969      0.183916836220E-17   1.62988641020      0.819660195939      0.855038556198E-01  0.855038556198E-01  0.238822386730    
  0.984375000000      0.316134095649E-02  0.411015908297      0.221274461811E-17   1.61947435308      0.822031816594      0.862393523344E-01  0.862393523344E-01  0.238537203628    
   1.00000000000      0.316117506440E-02  0.412223897647      0.193494950494E-17   1.60898813951      0.824447795294      0.869860110736E-01  0.869860110736E-01  0.238251875500    
   1.01562500000      0.316100610826E-02  0.413454198709      0.176517201868E-17   1.59843111988      0.826908397419      0.877438197553E-01  0.877438197553E-01  0.237966559199    
   1.03125000000      0.316083406976E-02  0.414706944869      0.172673197896E-17   1.58780662914      0.829413889739      0.885127671157E-01  0.885127671157E-01  0.237681410638    
   1.04687500000      0.316065893048E-02  0.415982270161      0.162206126878E-17   1.57711798493      0.831964540322      0.892928427272E-01  0.892928427272E-01  0.237396584707    
   1.06250000000      0.316048067194E-02  0.417280309215      0.143075209563E-17   1.56636848576      0.834560618429      0.900840370164E-01  0.900840370164E-01  0.237112235182    
   1.07812500000      0.316029927558E-02  0.418601197208      0.149339384072E-17   1.55556140934      0.837202394416      0.908863412796E-01  0.908863412796E-01  0.236828514649    
   1.09375000000      0.316011472276E-02  0.419945069817      0.124705485823E-17   1.54470001085      0.839890139635      0.916997476976E-01  0.916997476976E-01  0.236545574422    
   1.10937500000      0.315992699480E-02  0.421312063165      0.101783959885E-17   1.53378752129      0.842624126331      0.925242493492E-01  0.925242493492E-01  0.236263564467    
   1.12500000000      0.315973607293E-02  0.422702313774      0.109016637000E-17   1.52282714587      0.845404627547      0.933598402230E-01  0.933598402230E-01  0.235982633328    
   1.14062500000      0.315954193837E-02  0.424115958511      0.952943437164E-18   1.51182206251      0.848231917022      0.942065152282E-01  0.942065152282E-01  0.235702928055    
   1.15625000000      0.315934457227E-02  0.425553134545      0.111217980384E-17   1.50077542039      0.851106269091      0.950642702041E-01  0.950642702041E-01  0.235424594137    
   1.17187500000      0.315914395578E-02  0.427013979292      0.980915274566E-18   1.48969033843      0.854027958585      0.959331019279E-01  0.959331019279E-01  0.235147775436    
   1.18750000000      0.315894006998E-02  0.428498630366      0.807270375767E-18   1.47856990394      0.856997260733      0.968130081219E-01  0.968130081219E-01  0.234872614123    
   1.20312500000      0.315873289596E-02  0.430007225531      0.813852273679E-18   1.46741717136      0.860014451062      0.977039874583E-01  0.977039874583E-01  0.234599250614    
   1.21875000000      0.315852241479E-02  0.431539902649      0.785806147226E-18   1.45623516098      0.863079805298      0.986060395637E-01  0.986060395637E-01  0.234327823521    
   1.23437500000      0.315830860752E-02  0.433096799632      0.979132911956E-18   1.44502685765      0.866193599264      0.995191650220E-01  0.995191650220E-01  0.234058469588    
   1.25000000000      0.315809145523E-02  0.434678054393      0.570219533227E-18   1.43379520968      0.869356108787      0.100443365376      0.100443365376      0.233791323642    
   1.26562500000      0.315787093897E-02  0.436283804796      0.975285129424E-18   1.42254312781      0.872567609592      0.101378643126      0.101378643126      0.233526518544    
   1.28125000000      0.315764703982E-02  0.437914188604      0.952453120859E-18   1.41127348402      0.875828377207      0.102325001732      0.102325001732      0.233264185140    
   1.29687500000      0.315741973890E-02  0.439569343434      0.119226508011E-17   1.39999148244      0.879138686868      0.103282445609      0.103282445609      0.233004452216    
   1.31250000000      0.315718901732E-02  0.441249406706      0.929494281150E-18   1.38890808065      0.882498813412      0.104250980124      0.104250980124      0.232747446459    
   1.32812500000      0.315695485624E-02  0.442954515595      0.997171948572E-18   1.37815030541      0.885909031190      0.105230611591      0.105230611591      0.232493292412    
   1.34375000000      0.315671723688E-02  0.444684806981      0.109340860800E-17   1.36770694982      0.889369613961      0.106221347269      0.106221347269      0.232242112443    
   1.35937500000      0.315647614048E-02  0.446440417400      0.136843589266E-17   1.35756671905      0.892880834800      0.107223195348      0.107223195348      0.231994026705    
   1.37500000000      0.315623154834E-02  0.448221483001      0.136955510302E-17   1.34949228513      0.896442966001      0.108236164947      0.108236164947      0.231749153108    
   1.39062500000      0.315598344183E-02  0.450028139490      0.142107081774E-17   1.34408454116      0.900056278981      0.109260266102      0.109260266102      0.231507607286    
   1.40625000000      0.315573180237E-02  0.451860522091      0.152775073988E-17   1.34027437478      0.903721044182      0.110295509759      0.110295509759      0.231269502574    
   1.42187500000      0.315547661147E-02  0.453718765492      0.144386281917E-17   1.33771457849      0.907437530983      0.111341907758      0.111341907758      0.231034949976    
   1.43750000000      0.315521785072E-02  0.455603003802      0.154442899022E-17   1.33621020431      0.911206007603      0.112399472826      0.112399472826      0.230804058150    
   1.45312500000      0.315495550178E-02  0.457513370503      0.163375005479E-17   1.33562703156      0.915026741007      0.113468218560      0.113468218560      0.230576933383    
   1.46875000000      0.315468954641E-02  0.459449998408      0.134201477141E-17   1.33585544619      0.918899996816      0.114548159417      0.114548159417      0.230353679574    
   1.48437500000      0.315441996647E-02  0.461413019610      0.151750241682E-17   1.34183774784      0.922826039220      0.115639310697      0.115639310697      0.230134398216    
   1.50000000000      0.315414674393E-02  0.463402565441      0.159707607029E-17   1.35175532130      0.926805130883      0.116741688527      0.116741688527      0.229919188388    
   1.51562500000      0.315386986085E-02  0.465418766428      0.139920278309E-17   1.36181248301      0.930837532857      0.117855309847      0.117855309847      0.229708146735    
   1.53125000000      0.315358929945E-02  0.467461752249      0.144072610906E-17   1.37202346634      0.934923504499      0.118980192392      0.118980192392      0.229501367466    
   1.54687500000      0.315330504202E-02  0.469531651690      0.156274544468E-17   1.38239225529      0.939063303380      0.120116354675      0.120116354675      0.229298942341    
   1.56250000000      0.315301707100E-02  0.471628592605      0.136983457503E-17   1.39289740220      0.943257185210      0.121263815969      0.121263815969      0.229100960668    
   1.57812500000      0.315272536899E-02  0.473752701873      0.130518181331E-17   1.40357093266      0.947505403745      0.122422596288      0.122422596288      0.228907509297    
   1.59375000000      0.315242991868E-02  0.475904105360      0.139262252237E-17   1.41439433931      0.951808210720      0.123592716368      0.123592716368      0.228718672623    
   1.60937500000      0.315213070294E-02  0.478082927881      0.137919366092E-17   1.42535909899      0.956165855761      0.124774197651      0.124774197651      0.228534532580    
   1.62500000000      0.315182770478E-02  0.480289293158      0.141871784234E-17   1.43648102394      0.960578586317      0.125967062257      0.125967062257      0.228355168645    
   1.64062500000      0.315152090736E-02  0.482523323791      0.143973058998E-17   1.44776846965      0.965046647582      0.127171332973      0.127171332973      0.228180657846    
   1.65625000000      0.315121029400E-02  0.484785141214      0.130724330303E-17   1.45920169894      0.969570282427      0.128387033227      0.128387033227      0.228011074760    
   1.67187500000      0.315089584820E-02  0.487074865666      0.146502760134E-17   1.47078235171      0.974149731333      0.129614187071      0.129614187071      0.227846491525    
   1.68750000000      0.315057755360E-02  0.489392616161      0.141384970803E-17   1.48251204016      0.978785232321      0.130852819156      0.130852819156      0.227686977849    
   1.70312500000      0.315025539405E-02  0.491738510449      0.152237850697E-17   1.49441107559      0.983477020897      0.132102954716      0.132102954716      0.227532601018    
   1.71875000000      0.314992935354E-02  0.494112664993      0.156894170118E-17   1.50646778867      0.988225329987      0.133364619543      0.133364619543      0.227383425908    
   1.73437500000      0.314959941626E-02  0.496515194941      0.129959958880E-17   1.51869089078      0.993030389882      0.134637839969      0.134637839969      0.227239515003    
   1.75000000000      0.314926556658E-02  0.498946214094      0.136176383177E-17   1.53107085136      0.997892428188      0.135922642845      0.135922642845      0.227100928405    
   1.76562500000      0.314892778907E-02  0.501405834888      0.167544585675E-17   1.54360716948       1.00281166978      0.137219055517      0.137219055517      0.226967723853    
   1.78125000000      0.314858606847E-02  0.503894168367      0.176684902344E-17   1.55630103980       1.00778833673      0.138527105812      0.138527105812      0.226839956743    
   1.79687500000      0.314824038972E-02  0.506411324167      0.185290938104E-17   1.56915354491       1.01282264833      0.139846822011      0.139846822011      0.226717680144    
   1.81250000000      0.314789073797E-02  0.508957410490      0.223858983628E-17   1.58216563775       1.01791482098      0.141178232834      0.141178232834      0.226600944822    
   1.82812500000      0.314753709856E-02  0.511532534095      0.210869508403E-17   1.59533812199       1.02306506819      0.142521367416      0.142521367416      0.226489799263    
   1.84375000000      0.314717945702E-02  0.514136800280      0.221944216054E-17   1.60867163065       1.02827360056      0.143876255293      0.143876255293      0.226384289694    
   1.85937500000      0.314681779911E-02  0.516770312869      0.200254973536E-17   1.62216660242       1.03354062574      0.145242926379      0.145242926379      0.226284460111    
   1.87500000000      0.314645211075E-02  0.519433174206      0.205817499395E-17   1.63582325559       1.03886634841      0.146621410950      0.146621410950      0.226190352306    
   1.89062500000      0.314608237811E-02  0.522125485142      0.215144554983E-17   1.64966338993       1.04425097028      0.148011739624      0.148011739624      0.226102005893    
   1.90625000000      0.314570858753E-02  0.524847345035      0.207806142116E-17   1.66367842417       1.04969469007      0.149413943348      0.149413943348      0.226019458340    
   1.92187500000      0.314533072559E-02  0.527598851747      0.238691111529E-17   1.67786377193       1.05519770349      0.150828053376      0.150828053376      0.225942744996    
   1.93750000000      0.314494877904E-02  0.530380101642      0.204205912422E-17   1.69221372499       1.06076020328      0.152254101257      0.152254101257      0.225871899127    
   1.95312500000      0.314456273486E-02  0.533191189589      0.204796428192E-17   1.70672737430       1.06638237918      0.153692118820      0.153692118820      0.225806951949    
   1.96875000000      0.314417258022E-02  0.536032208972      0.190646269049E-17   1.72140341656       1.07206441794      0.155142138157      0.155142138157      0.225747932658    
   1.98437500000      0.314377830250E-02  0.538903251691      0.194067894376E-17   1.73624010889       1.07780650338      0.156604191611      0.156604191611      0.225694868470    
   2.00000000000      0.314337988928E-02  0.541804408181      0.189185641331E-17   1.75127555905       1.08360881636      0.158078311762      0.158078311762      0.225647784657    
   2.01562500000      0.314297732835E-02  0.544735767423      0.161739729944E-17   1.76649449813       1.08947153485      0.159564531419      0.159564531419      0.225606704585    
   2.03125000000      0.314257060768E-02  0.547697416959      0.183438443954E-17   1.78187321645       1.09539483392      0.161062883603      0.161062883603      0.225571649753    
   2.04687500000      0.314215971544E-02  0.550689442917      0.197020356684E-17   1.79740839812       1.10137888583      0.162573401542      0.162573401542      0.225542639834    
   2.06250000000      0.314174464000E-02  0.553711930031      0.188687890157E-17   1.81314029422       1.10742386006      0.164096118658      0.164096118658      0.225519692714    
   2.07812500000      0.314132536991E-02  0.556764961668      0.185738747051E-17   1.82904749309       1.11352992334      0.165631068564      0.165631068564      0.225502824540    
   2.09375000000      0.314090189390E-02  0.559848619858      0.144730411456E-17   1.84513973921       1.11969723972      0.167178285050      0.167178285050      0.225492049759    
   2.10937500000      0.314047420089E-02  0.562962985328      0.176306060040E-17   1.86144236896       1.12592597066      0.168737802082      0.168737802082      0.225487381164    
   2.12500000000      0.314004227996E-02  0.566108137536      0.168189077575E-17   1.87789648091       1.13221627507      0.170309653797      0.170309653797      0.225488829943    
   2.14062500000      0.313960612038E-02  0.569284154711      0.177584060940E-17   1.89451002908       1.13856830942      0.171893874494      0.171893874494      0.225496405722    
   2.15625000000      0.313916571155E-02  0.572491113895      0.147460892180E-17   1.91135095535       1.14498222779      0.173490498640      0.173490498640      0.225510116615    
   2.17187500000      0.313872104307E-02  0.575729090990      0.152420191692E-17   1.92833468043       1.15145818198      0.175099560858      0.175099560858      0.225529969273    
   2.18750000000      0.313827210464E-02  0.578998160806      0.139914777154E-17   1.94557579520       1.15799632161      0.176721095935      0.176721095935      0.225555968936    
   2.20312500000      0.313781888616E-02  0.582298397113      0.143783770329E-17   1.96295550538       1.16459679423      0.178355138817      0.178355138817      0.225588119479    
   2.21875000000      0.313736137761E-02  0.585629872699      0.159696535127E-17   1.98055168302       1.17125974540      0.180001724614      0.180001724614      0.225626423470    
   2.23437500000      0.313689956913E-02  0.588992659422      0.164245802862E-17   1.99832538368       1.17798531884      0.181660888601      0.181660888601      0.225670882221    
   2.25000000000      0.313643345097E-02  0.592386828283      0.127195461341E-17   2.01625779025       1.18477365657      0.183332666222      0.183332666222      0.225721495839    
   2.26562500000      0.313596301348E-02  0.595812449480      0.128219961476E-17   2.03442582370       1.19162489896      0.185017093097      0.185017093097      0.225778263286    
   2.28125000000      0.313548824714E-02  0.599269592486      0.143874928198E-17   2.05282872431       1.19853918497      0.186714205028      0.186714205028      0.225841182430    
   2.29687500000      0.313500914249E-02  0.602758326112      0.139620898664E-17   2.07139526874       1.20551665222      0.188424038002      0.188424038002      0.225910250108    
   2.31250000000      0.313452569015E-02  0.606278718591      0.134645081791E-17   2.09006646806       1.21255743718      0.190146628208      0.190146628208      0.225985462175    
   2.32812500000      0.313403788083E-02  0.609830837648      0.139993362544E-17   2.10903020839       1.21966167530      0.191882012039      0.191882012039      0.226066813571    
   2.34375000000      0.313354570528E-02  0.613414750587      0.134984328522E-17   2.12828119467       1.22682950117      0.193630226106      0.193630226106      0.226154298374    
   2.35937500000      0.313304915432E-02  0.617030524372      0.111633807779E-17   2.14762925426       1.23406104874      0.195391307253      0.195391307253      0.226247909865    
   2.37500000000      0.313254821877E-02  0.620678225715      0.128449439321E-17   2.16720027299       1.24135645143      0.197165292566      0.197165292566      0.226347640583    
   2.39062500000      0.313204288950E-02  0.624357921169      0.834352046682E-18   2.18694486250       1.24871584234      0.198952219387      0.198952219387      0.226453482394    
   2.40625000000      0.313153315738E-02  0.628069677215      0.620116006176E-18   2.20697907576       1.25613935443      0.200752125335      0.200752125335      0.226565426545    
   2.42187500000      0.313101901327E-02  0.631813560365      0.744171573659E-18   2.22719869459       1.26362712073      0.202565048315      0.202565048315      0.226683463736    
   2.43750000000      0.313050044802E-02  0.635589637258      0.605053002939E-18   2.24762697988       1.27117927452      0.204391026542      0.204391026542      0.226807584175    
   2.45312500000      0.312997745245E-02  0.639397974759      0.456825209861E-18   2.26817683364       1.27879594952      0.206230098555      0.206230098555      0.226937777650    
   2.46875000000      0.312945001733E-02  0.643238640068      0.221459930952E-18   2.28908659310       1.28647728014      0.208082303240      0.208082303240      0.227074033588    
   2.48437500000      0.312891813338E-02  0.647111700823      0.383832284485E-18   2.31020655992       1.29422340165      0.209947679848      0.209947679848      0.227216341127    
   2.50000000000      0.312838179122E-02  0.651017225213      0.377429081081E-18   2.33144540796       1.30203445043      0.211826268019      0.211826268019      0.227364689175    
   2.51562500000      0.312784098141E-02  0.654955282087      0.601849251349E-18   2.35294531052       1.30991056417      0.213718107801      0.213718107801      0.227519066484    
   2.53125000000      0.312729569438E-02  0.658925941069     -0.242872843500E-19   2.37473436078       1.31785188214      0.215623239678      0.215623239678      0.227679461713    
   2.54687500000      0.312674592044E-02  0.662929272675      0.213921980300E-18   2.39672588302       1.32585854535      0.217541704588      0.217541704588      0.227845863498    
   2.56250000000      0.312619164979E-02  0.666965348432      0.225184793791E-19   2.41890741298       1.33393069686      0.219473543955      0.219473543955      0.228018260521    
   2.57812500000      0.312563287243E-02  0.671034240997     -0.128247761524E-19   2.44126192237       1.34206848199      0.221418799710      0.221418799710      0.228196641578    
   2.59375000000      0.312506957821E-02  0.675136024283     -0.469779605836E-20   2.46405252821       1.35027204857      0.223377514317      0.223377514317      0.228380995649    
   2.60937500000      0.312450175680E-02  0.679270773580     -0.278258004823E-18   2.48690313950       1.35854154716      0.225349730805      0.225349730805      0.228571311970    
   2.62500000000      0.312392939766E-02  0.683438565684     -0.957147403470E-19   2.51006133579       1.36687713137      0.227335492792      0.227335492792      0.228767580101    
   2.64062500000      0.312335249000E-02  0.687639479026      0.490861744314E-19   2.53347342264       1.37527895805      0.229334844513      0.229334844513      0.228969790001    
   2.65625000000      0.312277102282E-02  0.691873593799      0.223305555245E-18   2.55708440638       1.38374718760      0.231347830852      0.231347830852      0.229177932095    
   2.67187500000      0.312218498485E-02  0.696140992091      0.387903036130E-19   2.58099819199       1.39228198418      0.233374497370      0.233374497370      0.229391997351    
   2.68750000000      0.312159436453E-02  0.700441758017      0.101687273782E-18   2.60502965962       1.40088351603      0.235414890334      0.235414890334      0.229611977349    
   2.70312500000      0.312099915001E-02  0.704775977857      0.162580151472E-18   2.62954052205       1.40955195571      0.237469056750      0.237469056750      0.229837864358    
   2.71875000000      0.312039932914E-02  0.709143740185      0.144597183368E-18   2.65409221045       1.41828748037      0.239537044390      0.239537044390      0.230069651405    
   2.73437500000      0.311979488940E-02  0.713545136009      0.216996169974E-18   2.67899716566       1.42709027202      0.241618901828      0.241618901828      0.230307332354    
   2.75000000000      0.311918581796E-02  0.717980258910     -0.428145209873E-19   2.70421713870       1.43596051782      0.243714678467      0.243714678467      0.230550901976    
   2.76562500000      0.311857210158E-02  0.722449205176     -0.251295647569E-19   2.72963345349       1.44489841035      0.245824424574      0.245824424574      0.230800356029    
   2.78125000000      0.311795372666E-02  0.726952073945     -0.178430146029E-19   2.75524385824       1.45390414789      0.247948191308      0.247948191308      0.231055691330    
   2.79687500000      0.311733067916E-02  0.731488967342     -0.246464306840E-18   2.78115734208       1.46297793468      0.250086030755      0.250086030755      0.231316905831    
   2.81250000000      0.311670294464E-02  0.736059990621     -0.348586554819E-18   2.80756209424       1.47211998124      0.252237995960      0.252237995960      0.231583998700    
   2.82812500000      0.311607050819E-02  0.740665252304     -0.242384874409E-18   2.83391201721       1.48133050461      0.254404140956      0.254404140956      0.231856970392    
   2.84375000000      0.311543335444E-02  0.745304864326     -0.313103628600E-18   2.86082163588       1.49060972865      0.256584520797      0.256584520797      0.232135822731    
   2.85937500000      0.311479146753E-02  0.749978942171     -0.656695145205E-18   2.88780227525       1.49995788434      0.258779191592      0.258779191592      0.232420558988    
   2.87500000000      0.311414483109E-02  0.754687605017     -0.577921254190E-18   2.91521510787       1.50937521003      0.260988210531      0.260988210531      0.232711183956    
   2.89062500000      0.311349342823E-02  0.759430975878     -0.675901622844E-18   2.94286411867       1.51886195176      0.263211635921      0.263211635921      0.233007704037    
   2.90625000000      0.311283724151E-02  0.764209181743     -0.829275247553E-18   2.97086583559       1.52841836349      0.265449527215      0.265449527215      0.233310127312    
   2.92187500000      0.311217625293E-02  0.769022353717     -0.966886705645E-18   2.99896576403       1.53804470743      0.267701945043      0.267701945043      0.233618463632    
   2.93750000000      0.311151044389E-02  0.773870627168     -0.880193704542E-18   3.02757152971       1.54774125434      0.269968951239      0.269968951239      0.233932724691    
   2.95312500000      0.311083979520E-02  0.778754141861     -0.422808975947E-18   3.05644298348       1.55750828372      0.272250608873      0.272250608873      0.234252924115    
   2.96875000000      0.311016428705E-02  0.783673042100     -0.524553090632E-18   3.08547542321       1.56734608420      0.274546982280      0.274546982280      0.234579077539    
   2.98437500000      0.310948389898E-02  0.788627476870     -0.574060570196E-18   3.11511788265       1.57725495374      0.276858137087      0.276858137087      0.234911202696    
   3.00000000000      0.310879860985E-02  0.793617599975     -0.647457497920E-18   3.14477334373       1.58723519995      0.279184140239      0.279184140239      0.235249319497    
   3.01562500000      0.310810839788E-02  0.798643570177     -0.777380114597E-18   3.17495441525       1.59728714035      0.281525060029      0.281525060029      0.235593450119    
   3.03125000000      0.310741324056E-02  0.803705551331     -0.725556833170E-18   3.20524448235       1.60741110266      0.283880966120      0.283880966120      0.235943619092    
   3.04687500000      0.310671311466E-02  0.808803712527     -0.873379608053E-18   3.23605560667       1.61760742505      0.286251929571      0.286251929571      0.236299853385    
   3.06250000000      0.310600799623E-02  0.813938228222     -0.869037242336E-18   3.26708129130       1.62787645644      0.288638022865      0.288638022865      0.236662182492    
   3.07812500000      0.310529786056E-02  0.819109278374     -0.871885825310E-18   3.29867101507       1.63821855675      0.291039319922      0.291039319922      0.237030638529    
   3.09375000000      0.310458268215E-02  0.824317048580     -0.113406273614E-17   3.33029684429       1.64863409716      0.293455896133      0.293455896133      0.237405256315    
   3.10937500000      0.310386243474E-02  0.829561730208     -0.947093581194E-18   3.36257280221       1.65912346042      0.295887828369      0.295887828369      0.237786073469    
   3.12500000000      0.310313709122E-02  0.834843520523     -0.877800310871E-18   3.39483823359       1.66968704105      0.298335195009      0.298335195009      0.238173130505    
   3.14062500000      0.310240662368E-02  0.840162622826     -0.859350863734E-18   3.42780772201       1.68032524565      0.300798075954      0.300798075954      0.238566470919    
   3.15625000000      0.310167100335E-02  0.845519246576     -0.920705500983E-18   3.46084101536       1.69103849315      0.303276552642      0.303276552642      0.238966141292    
   3.17187500000      0.310093020061E-02  0.850913607520     -0.115785678558E-17   3.49442233164       1.70182721504      0.305770708070      0.305770708070      0.239372191380    
   3.18750000000      0.310018418494E-02  0.856345927820     -0.122604755425E-17   3.52843172517       1.71269185564      0.308280626800      0.308280626800      0.239784674219    
   3.20312500000      0.309943292494E-02  0.861816436177     -0.111564408162E-17   3.56252019377       1.72363287235      0.310806394979      0.310806394979      0.240203646219    
   3.21875000000      0.309867638829E-02  0.867325367954     -0.127976863180E-17   3.59747750527       1.73465073591      0.313348100343      0.313348100343      0.240629167267    
   3.23437500000      0.309791454173E-02  0.872872965297     -0.118804744126E-17   3.63225803808       1.74574593059      0.315905832233      0.315905832233      0.241061300831    
   3.25000000000      0.309714735106E-02  0.878459477257     -0.136717636683E-17   3.66802617436       1.75691895451      0.318479681597      0.318479681597      0.241500114063    
   3.26562500000      0.309637478112E-02  0.884085159907     -0.138489502093E-17   3.70349241893       1.76817031981      0.321069741001      0.321069741001      0.241945677904    
   3.28125000000      0.309559679575E-02  0.889750276459     -0.967728219637E-18   3.74012406845       1.77950055292      0.323676104633      0.323676104633      0.242398067193    
   3.29687500000      0.309481335782E-02  0.895455097379     -0.120513822921E-17   3.77645155115       1.79091019476      0.326298868301      0.326298868301      0.242857360777    
   3.31250000000      0.309402442916E-02  0.901199900500     -0.120324270481E-17   3.81381532399       1.80239980100      0.328938129441      0.328938129441      0.243323641617    
   3.32812500000      0.309322997061E-02  0.906984971136     -0.127284312914E-17   3.85108384308       1.81396994227      0.331593987114      0.331593987114      0.243796996908    
   3.34375000000      0.309242994193E-02  0.912810602187     -0.139903378678E-17   3.88914103671       1.82562120437      0.334266541999      0.334266541999      0.244277518189    
   3.35937500000      0.309162430185E-02  0.918677094253     -0.163007098774E-17   3.92751196404       1.83735418851      0.336955896398      0.336955896398      0.244765301456    
   3.37500000000      0.309081300800E-02  0.924584755736     -0.166793111539E-17   3.96613827630       1.84916951147      0.339662154223      0.339662154223      0.245260447289    
   3.39062500000      0.308999601696E-02  0.930533902945     -0.164610471174E-17   4.00565560514       1.86106780589      0.342385420990      0.342385420990      0.245763060964    
   3.40625000000      0.308917328418E-02  0.936524860200     -0.152591270081E-17   4.04504003725       1.87304972040      0.345125803812      0.345125803812      0.246273252576    
   3.42187500000      0.308834476401E-02  0.942557959931     -0.178090577871E-17   4.08555139082       1.88511591986      0.347883411383      0.347883411383      0.246791137165    
   3.43750000000      0.308751040968E-02  0.948633542779     -0.213247398402E-17   4.12603875413       1.89726708556      0.350658353970      0.350658353970      0.247316834839    
   3.45312500000      0.308667017326E-02  0.954751957689     -0.191607612781E-17   4.16722985730       1.90950391538      0.353450743395      0.353450743395      0.247850470899    
   3.46875000000      0.308582400567E-02  0.960913562008     -0.194454551700E-17   4.20889129783       1.92182712402      0.356260693018      0.356260693018      0.248392175971    
   3.48437500000      0.308497185668E-02  0.967118721576     -0.224186595494E-17   4.25071391124       1.93423744315      0.359088317721      0.359088317721      0.248942086133    
   3.50000000000      0.308411367487E-02  0.973367810817     -0.205052848986E-17   4.29362379379       1.94673562163      0.361933733885      0.361933733885      0.249500343047    
   3.51562500000      0.308324940762E-02  0.979661212829     -0.247312135224E-17   4.33622668624       1.95932242566      0.364797059368      0.364797059368      0.250067094093    
   3.53125000000      0.308237900113E-02  0.985999319467     -0.240459377528E-17   4.38025278290       1.97199863893      0.367678413483      0.367678413483      0.250642492501    
   3.54687500000      0.308150240037E-02  0.992382531429     -0.259619152680E-17   4.42419905246       1.98476506286      0.370577916972      0.370577916972      0.251226697486    
   3.56250000000      0.308061954908E-02  0.998811258339     -0.274702759818E-17   4.46878307078       1.99762251668      0.373495691976      0.373495691976      0.251819874387    
   3.57812500000      0.307973038977E-02   1.00528591882     -0.255136338921E-17   4.51415547079       2.01057183765      0.376431862012      0.376431862012      0.252422194801    
   3.59375000000      0.307883486371E-02   1.01180694059     -0.276842535482E-17   4.55923504806       2.02361388119      0.379386551935      0.379386551934      0.253033836724    
   3.60937500000      0.307793291090E-02   1.01837476051     -0.282178022078E-17   4.60608912749       2.03674952102      0.382359887911      0.382359887911      0.253654984686    
   3.62500000000      0.307702447008E-02   1.02498982466     -0.285832685602E-17   4.65270331645       2.04997964932      0.385351997385      0.385351997385      0.254285829890    
   3.64062500000      0.307610947872E-02   1.03165258844     -0.348855391523E-17   4.69997567938       2.06330517687      0.388363009041      0.388363009040      0.254926570355    
   3.65625000000      0.307518787298E-02   1.03836351658     -0.350763862659E-17   4.74821472620       2.07672703316      0.391393052767      0.391393052767      0.255577411048    
   3.67187500000      0.307425958776E-02   1.04512308327     -0.343483078276E-17   4.79618790080       2.09024616654      0.394442259621      0.394442259621      0.256238564029    
   3.68750000000      0.307332455663E-02   1.05193177216     -0.360977543011E-17   4.84572569455       2.10386354432      0.397510761789      0.397510761789      0.256910248581    
   3.70312500000      0.307238271187E-02   1.05879007644     -0.395736078829E-17   4.89544482287       2.11758015289      0.400598692546      0.400598692546      0.257592691353    
   3.71875000000      0.307143398441E-02   1.06569849892     -0.394909775834E-17   4.94516700372       2.13139699783      0.403706186213      0.403706186213      0.258286126490    
   3.73437500000      0.307047830390E-02   1.07265755201     -0.404091483293E-17   4.99672792003       2.14531510401      0.406833378119      0.406833378119      0.258990795768    
   3.75000000000      0.306951559863E-02   1.07966775783     -0.389333474183E-17   5.04806359494       2.15933551567      0.409980404554      0.409980404554      0.259706948725    
   3.76562500000      0.306854579557E-02   1.08672964824     -0.418597249473E-17   5.09993785487       2.17345929649      0.413147402728      0.413147402728      0.260434842789    
   3.78125000000      0.306756882033E-02   1.09384376485     -0.434608426921E-17   5.15324667249       2.18768752970      0.416334510723      0.416334510723      0.261174743402    
   3.79687500000      0.306658459718E-02   1.10101065905     -0.442292050654E-17   5.20634624209       2.20202131810      0.419541867454      0.419541867454      0.261926924140    
   3.81250000000      0.306559304907E-02   1.10823089207     -0.432164729893E-17   5.26031843733       2.21646178414      0.422769612617      0.422769612617      0.262691666834    
   3.82812500000      0.306459409756E-02   1.11550503497     -0.479981038085E-17   5.31552780892       2.23101006995      0.426017886646      0.426017886646      0.263469261681    
   3.84375000000      0.306358766287E-02   1.12283366869     -0.477695060924E-17   5.37054839054       2.24566733737      0.429286830668      0.429286830668      0.264260007350    
   3.85937500000      0.306257366388E-02   1.13021738399     -0.481984701517E-17   5.42651503255       2.26043476798      0.432576586455      0.432576586455      0.265064211082    
   3.87500000000      0.306155201810E-02   1.13765678154     -0.517696543512E-17   5.48378582816       2.27531356309      0.435887296377      0.435887296377      0.265882188789    
   3.89062500000      0.306052264168E-02   1.14515247186     -0.519785652829E-17   5.54104275402       2.29030494371      0.439219103359      0.439219103359      0.266714265140    
   3.90625000000      0.305948544943E-02   1.15270507530     -0.518759744763E-17   5.59868858714       2.30541015060      0.442572150831      0.442572150831      0.267560773638    
   3.92187500000      0.305844035482E-02   1.16031522207     -0.494341952274E-17   5.65837854417       2.32063044413      0.445946582686      0.445946582686      0.268422056695    
   3.93750000000      0.305738726993E-02   1.16798355216     -0.518299516015E-17   5.71818914410       2.33596710432      0.449342543234      0.449342543234      0.269298465692    
   3.95312500000      0.305632610555E-02   1.17571071534     -0.538901196420E-17   5.77791675785       2.35142143069      0.452760177157      0.452760177157      0.270190361030    
   3.96875000000      0.305525677111E-02   1.18349737111     -0.541390954210E-17   5.83944339175       2.36699474222      0.456199629468      0.456199629468      0.271098112172    
   3.98437500000      0.305417917471E-02   1.19134418861     -0.554113424792E-17   5.90179636557       2.38268837722      0.459661045469      0.459661045469      0.272022097672    
   4.00000000000      0.305309322314E-02   1.19925184660     -0.560142790183E-17   5.96410484727       2.39850369320      0.463144570706      0.463144570706      0.272962705188    
   4.01562500000      0.305199882188E-02   1.20722103336     -0.556366446700E-17   6.02676780609       2.41444206672      0.466650350935      0.466650350935      0.273920331491    
   4.03125000000      0.305089587511E-02   1.21525244662     -0.576281745221E-17   6.09183710133       2.43050489323      0.470178532084      0.470178532084      0.274895382447    
   4.04687500000      0.304978428574E-02   1.22334679342     -0.567474842269E-17   6.15690304133       2.44669358685      0.473729260214      0.473729260214      0.275888272995    
   4.06250000000      0.304866395538E-02   1.23150479008     -0.526568087205E-17   6.22203976019       2.46300958016      0.477302681489      0.477302681489      0.276899427103    
   4.07812500000      0.304753478444E-02   1.23972716199     -0.538877568522E-17   6.28814675339       2.47945432397      0.480898942140      0.480898942141      0.277929277705    
   4.09375000000      0.304639667204E-02   1.24801464352     -0.552524971249E-17   6.35613712458       2.49602928703      0.484518188445      0.484518188445      0.278978266626    
   4.10937500000      0.304524951614E-02   1.25636797787     -0.554486040490E-17   6.42466809372       2.51273595574      0.488160566692      0.488160566692      0.280046844485    
   4.12500000000      0.304409321347E-02   1.26478791691     -0.558839132007E-17   6.49369396194       2.52957583382      0.491826223166      0.491826223166      0.281135470576    
   4.14062500000      0.304292765963E-02   1.27327522098     -0.562772347445E-17   6.56282094917       2.54655044196      0.495515304123      0.495515304123      0.282244612735    
   4.15625000000      0.304175274905E-02   1.28183065872     -0.590145399919E-17   6.63338000581       2.56366131745      0.499227955775      0.499227955775      0.283374747174    
   4.17187500000      0.304056837506E-02   1.29045500687     -0.617862032565E-17   6.70567591744       2.58091001373      0.502964324280      0.502964324280      0.284526358306    
   4.18750000000      0.303937442993E-02   1.29914905000     -0.618250852784E-17   6.77811979086       2.59829810000      0.506724555732      0.506724555732      0.285699938536    
   4.20312500000      0.303817080485E-02   1.30791358034     -0.662752043611E-17   6.85092357414       2.61582716068      0.510508796153      0.510508796153      0.286895988034    
   4.21875000000      0.303695739001E-02   1.31674939748     -0.665160103668E-17   6.92493219994       2.63349879497      0.514317191501      0.514317191501      0.288115014480    
   4.23437500000      0.303573407464E-02   1.32565730812     -0.666638866169E-17   6.99917050343       2.65131461624      0.518149887668      0.518149887668      0.289357532784    
   4.25000000000      0.303450074702E-02   1.33463812576     -0.697452821460E-17   7.07515775816       2.66927625153      0.522007030491      0.522007030491      0.290624064780    
   4.26562500000      0.303325729453E-02   1.34369267044     -0.687348897522E-17   7.15276671009       2.68738534088      0.525888765773      0.525888765773      0.291915138895    
   4.28125000000      0.303200360371E-02   1.35282176837     -0.647102759320E-17   7.23064830857       2.70564353674      0.529795239293      0.529795239293      0.293231289784    
   4.29687500000      0.303073956029E-02   1.36202625164     -0.687708736266E-17   7.30879949094       2.72405250327      0.533726596844      0.533726596844      0.294573057947    
   4.31250000000      0.302946504925E-02   1.37130695782     -0.697271790186E-17   7.38818274211       2.74261391564      0.537682984256      0.537682984256      0.295940989308    
   4.32812500000      0.302817995484E-02   1.38066472965     -0.713034103263E-17   7.46849502830       2.76132945930      0.541664547441      0.541664547441      0.297335634771    
   4.34375000000      0.302688416070E-02   1.39010041460     -0.721764323594E-17   7.54916969420       2.78020082921      0.545671432431      0.545671432431      0.298757549742    
   4.35937500000      0.302557754984E-02   1.39961486451     -0.715119451097E-17   7.63058879342       2.79922972902      0.549703785438      0.549703785438      0.300207293632    
   4.37500000000      0.302426000474E-02   1.40920893512     -0.745880365554E-17   7.71442734219       2.81841787025      0.553761752903      0.553761752902      0.301685429319    
   4.39062500000      0.302293140739E-02   1.41888348572     -0.751579669289E-17   7.79893799602       2.83776697144      0.557845481567      0.557845481567      0.303192522584    
   4.40625000000      0.302159163938E-02   1.42863937861     -0.734183500937E-17   7.88383138513       2.85727875722      0.561955118541      0.561955118541      0.304729141529    
   4.42187500000      0.302024058193E-02   1.43847747872     -0.758325105870E-17   7.96964009575       2.87695495744      0.566090811384      0.566090811384      0.306295855951    
   4.43750000000      0.301887811596E-02   1.44839865307     -0.770561539839E-17   8.05716012083       2.89679730615      0.570252708189      0.570252708189      0.307893236696    
   4.45312500000      0.301750412219E-02   1.45840377034     -0.835062369658E-17   8.14514719962       2.91680754068      0.574440957674      0.574440957674      0.309521854991    
   4.46875000000      0.301611848117E-02   1.46849370031     -0.816253624668E-17   8.23359587654       2.93698740062      0.578655709286      0.578655709286      0.311182281737    
   4.48437500000      0.301472107336E-02   1.47866931339     -0.775293023803E-17   8.32321311945       2.95733862679      0.582897113302      0.582897113302      0.312875086789    
   4.50000000000      0.301331177922E-02   1.48893148010     -0.812085459901E-17   8.41457260624       2.97786296019      0.587165320945      0.587165320945      0.314600838205    
   4.51562500000      0.301189047926E-02   1.49928107047     -0.847267948548E-17   8.50646786503       2.99856214095      0.591460484500      0.591460484500      0.316360101474    
   4.53125000000      0.301045705414E-02   1.50971895361     -0.842124779675E-17   8.59889026553       3.01943790722      0.595782757443      0.595782757443      0.318153438725    
   4.54687500000      0.300901138472E-02   1.52024599705     -0.847637316190E-17   8.69182979436       3.04049199409      0.600132294567      0.600132294567      0.319981407912    
   4.56250000000      0.300755335214E-02   1.53086306622     -0.800023362104E-17   8.78731549953       3.06172613245      0.604509252118      0.604509252118      0.321844561988    
   4.57812500000      0.300608283792E-02   1.54157102393     -0.790078761415E-17   8.88339903795       3.08314204787      0.608913787939      0.608913787939      0.323743448055    
   4.59375000000      0.300459972402E-02   1.55237072973     -0.841205008823E-17   8.98004956468       3.10474145945      0.613346061606      0.613346061606      0.325678606513    
   4.60937500000      0.300310389291E-02   1.56326303934     -0.851216687595E-17   9.07725104599       3.12652607869      0.617806234579      0.617806234579      0.327650570185    
   4.62500000000      0.300159522769E-02   1.57424880414     -0.877854180924E-17   9.17498545408       3.14849760828      0.622294470347      0.622294470347      0.329659863443    
   4.64062500000      0.300007361213E-02   1.58532887049     -0.881453608930E-17   9.27577088400       3.17065774098      0.626810934578      0.626810934578      0.331707001331    
   4.65625000000      0.299853893074E-02   1.59650407921     -0.867479026650E-17   9.37743060046       3.19300815841      0.631355795265      0.631355795265      0.333792488678    
   4.67187500000      0.299699106892E-02   1.60777526496     -0.902506154898E-17   9.47974623381       3.21555052992      0.635929222873      0.635929222873      0.335916819215    
   4.68750000000      0.299542991296E-02   1.61914325567     -0.919105861374E-17   9.58269351070       3.23828651135      0.640531390482      0.640531390482      0.338080474708    
   4.70312500000      0.299385535017E-02   1.63060887193     -0.946429946545E-17   9.68624551123       3.26121774386      0.645162473925      0.645162473925      0.340283924082    
   4.71875000000      0.299226726894E-02   1.64217292640     -0.971275491022E-17   9.79037255911       3.28434585281      0.649822651915      0.649822651915      0.342527622573    
   4.73437500000      0.299066555886E-02   1.65383622324     -0.961296264005E-17   9.89632635482       3.30767244647      0.654512106174      0.654512106174      0.344812010888    
   4.75000000000      0.298905011072E-02   1.66559955747     -0.969617720244E-17   10.0034798706       3.33119911494      0.659231021539      0.659231021539      0.347137514391    
   4.76562500000      0.298742081669E-02   1.67746371443     -0.967296060135E-17   10.1125455201       3.35492742887      0.663979586062      0.663979586062      0.349504542310    
   4.78125000000      0.298577757033E-02   1.68942946917     -0.971212338728E-17   10.2222626577       3.37885893834      0.668757991094      0.668757991094      0.351913486980    
   4.79687500000      0.298412026670E-02   1.70149758581     -0.938910443511E-17   10.3325319315       3.40299517162      0.673566431347      0.673566431347      0.354364723117    
   4.81250000000      0.298244880244E-02   1.71366881702     -0.960355529563E-17   10.4433066749       3.42733763403      0.678405104943      0.678405104943      0.356858607130    
   4.82812500000      0.298076307584E-02   1.72594390334     -0.971352470132E-17   10.5545849825       3.45188780668      0.683274213428      0.683274213428      0.359395476484    
   4.84375000000      0.297906298696E-02   1.73832357265     -0.975967829325E-17   10.6681794905       3.47664714530      0.688173961770      0.688173961770      0.361975649107    
   4.85937500000      0.297734843767E-02   1.75080853950     -0.979507066965E-17   10.7822337125       3.50161707900      0.693104558323      0.693104558323      0.364599422854    
   4.87500000000      0.297561933173E-02   1.76339950453     -0.100249033297E-16   10.8966880202       3.52679900907      0.698066214750      0.698066214750      0.367267075033    
   4.89062500000      0.297387557494E-02   1.77609715385     -0.100485781856E-16   11.0117621119       3.55219430769      0.703059145926      0.703059145926      0.369978861994    
   4.90625000000      0.297211707516E-02   1.78890215835     -0.994848049324E-17   11.1291237192       3.57780431671      0.708083569781      0.708083569781      0.372735018792    
   4.92187500000      0.297034374242E-02   1.80181517315     -0.978851073020E-17   11.2467960331       3.60363034631      0.713139707116      0.713139707116      0.375535758920    
   4.93750000000      0.296855548902E-02   1.81483683685     -0.103124936730E-16   11.3647051451       3.62967367370      0.718227781357      0.718227781357      0.378381274134    
   4.95312500000      0.296675222963E-02   1.82796777088     -0.102583516709E-16   11.4840916778       3.65593554177      0.723348018263      0.723348018263      0.381271734357    
   4.96875000000      0.296493388134E-02   1.84120857884     -0.101059311600E-16   11.6047895664       3.68241715768      0.728500645581      0.728500645581      0.384207287676    
   4.98437500000      0.296310036383E-02   1.85455984571     -0.991445773441E-17   11.7255856832       3.70911969143      0.733685892634      0.733685892634      0.387188060445    
   5.00000000000      0.296125159942E-02   1.86802213717     -0.101158081837E-16   11.8463912384       3.73604427434      0.738903989846      0.738903989846      0.390214157478    
