   0.00000000000      0.246555314836E-02  0.375000000000     -0.286169483565E-05   2.65557289168      0.750000000000      0.893616611026E-01  0.949687634344E-01  0.190669575463    
  0.125000000000      0.246371106782E-02  0.382544198701     -0.288287850321E-05   2.89829368547      0.765088397402      0.984745229726E-01  0.978240266171E-01  0.186245649111    
  0.250000000000      0.246106697154E-02  0.393373446198     -0.289736489793E-05   3.24012602508      0.786746892397      0.109361965771      0.101222801658      0.182788678769    
  0.375000000000      0.245754827273E-02  0.407785006180     -0.290219873304E-05   3.61279544907      0.815570012359      0.122139971952      0.105204677312      0.180440356916    
  0.500000000000      0.245308824523E-02  0.426052135395     -0.289532100616E-05   4.01539011557      0.852104270789      0.136893079947      0.109822120842      0.179336934606    
  0.625000000000      0.244763221913E-02  0.448398721697     -0.287641704964E-05   4.44081019726      0.896797443394      0.153663070456      0.115136046734      0.179599604507    
  0.750000000000      0.244114350849E-02  0.474975016658     -0.284771528357E-05   4.89133312040      0.949950033316      0.172443134397      0.121210123094      0.181321759167    
  0.875000000000      0.243360770786E-02  0.505840035546     -0.281445279900E-05   5.35726915640       1.01168007109      0.193180016715      0.128104165430      0.184555853401    
   1.00000000000      0.242503414847E-02  0.540955574320     -0.278470897491E-05   5.83808878701       1.08191114864      0.215783800754      0.135867434250      0.189304339315    
   1.12500000000      0.241545397616E-02  0.580194057635     -0.276841892741E-05   6.31994834349       1.16038811527      0.240141991049      0.144533079114      0.195518987472    
   1.25000000000      0.240491522653E-02  0.623358695431     -0.277561554424E-05   6.82624289008       1.24671739086      0.266133178679      0.154114991322      0.203110525430    
   1.37500000000      0.239347599621E-02  0.670211455091     -0.281423059316E-05   7.34302805904       1.34042291018      0.293636477008      0.164607761819      0.211967216265    
   1.50000000000      0.238119704531E-02  0.720503375255     -0.288797922361E-05   7.85478051463       1.44100675051      0.322535203463      0.175989537907      0.221978633885    
   1.62500000000      0.236813493612E-02  0.774002685675     -0.299487020670E-05   8.41620119589       1.54800537135      0.352715478282      0.188226822525      0.233060384869    
   1.75000000000      0.235433637075E-02  0.830518007542     -0.312674364383E-05   8.98521318608       1.66103601508      0.384061571079      0.201279997319      0.245176439144    
   1.87500000000      0.233983401091E-02  0.889915472482     -0.327002071732E-05   9.57376304475       1.77983094496      0.416449833284      0.215108591315      0.258357047883    
   2.00000000000      0.232464388025E-02  0.952129351092     -0.340762486136E-05   10.2206074214       1.90425870218      0.449742213619      0.229675907093      0.272711230381    
   2.12500000000      0.230876445179E-02   1.01716577830     -0.352183018418E-05   10.8823511803       2.03433155660      0.483779039038      0.244953389120      0.288433350144    
   2.25000000000      0.229217758696E-02   1.08509890137     -0.359763042732E-05   11.5424818700       2.17019780273      0.518369512450      0.260925854628      0.305803534288    
   2.37500000000      0.227485143127E-02   1.15605902642     -0.362612060388E-05   12.2270357900       2.31211805285      0.553278280399      0.277599015755      0.325181730271    
   2.50000000000      0.225674501836E-02   1.23021378067     -0.360732378301E-05   12.9530777913       2.46042756134      0.588208779706      0.295010090343      0.346994910622    
   2.62500000000      0.223781375029E-02   1.30774568742     -0.355178944053E-05   13.6695055396       2.61549137485      0.622789192252      0.313240392886      0.371716102286    
   2.75000000000      0.221801458425E-02   1.38883092197     -0.348008738656E-05   14.3797651147       2.77766184394      0.656572232962      0.332425942512      0.399832746497    
   2.87500000000      0.219731031662E-02   1.47362172954     -0.341924354744E-05   15.1122481132       2.94724345907      0.689060204428      0.352759843859      0.431801681249    
   3.00000000000      0.217567379549E-02   1.56222912710     -0.339577465380E-05   15.8421920543       3.12445825420      0.719757191874      0.374481048192      0.467990887032    
   3.12500000000      0.215309389175E-02   1.65469844862     -0.342670244786E-05   16.5400148704       3.30939689725      0.748234130739      0.397849433876      0.508614884010    
   3.25000000000      0.212958382925E-02   1.75097529251     -0.351213476430E-05   17.1641646949       3.50195058502      0.774182965390      0.423113902386      0.553678424732    
   3.37500000000      0.210518886609E-02   1.85087414185     -0.363374776424E-05   17.7275807624       3.70174828370      0.797445643036      0.450482239059      0.602946259753    
   3.50000000000      0.207998700091E-02   1.95407550965     -0.376106699117E-05   18.2312701843       3.90815101929      0.818026737640      0.480096792694      0.655951979313    
   3.62500000000      0.205407727931E-02   2.06017382218     -0.386271736117E-05   18.7556164109       4.12034764437      0.836111365256      0.512013928742      0.712048528186    
   3.75000000000      0.202755700500E-02   2.16877071115     -0.391649912016E-05   19.2728989840       4.33754142230      0.852095502719      0.546183535148      0.770491673285    
   3.87500000000      0.200049838739E-02   2.27957058107     -0.391342707594E-05   20.1014822209       4.55914116213      0.866605122237      0.582427196350      0.830538262480    
   4.00000000000      0.197293988798E-02   2.39241596923     -0.385579558416E-05   21.0684910494       4.78483193845      0.880464247076      0.620416769728      0.891534952422    
   4.12500000000      0.194490235941E-02   2.50722143634     -0.375341214812E-05   22.2267527476       5.01444287268      0.894590212809      0.659658855985      0.952972367547    
   4.25000000000      0.191642646871E-02   2.62382042497     -0.362185798261E-05   23.2639584782       5.24764084994      0.909838760266      0.699496087581       1.01448557712    
   4.37500000000      0.188761436241E-02   2.74179483232     -0.348287834400E-05   24.3944334921       5.48358966463      0.926861707808      0.739140688296       1.07579243621    
   4.50000000000      0.185865440493E-02   2.86037382516     -0.336383110145E-05   25.3072641832       5.72074765031      0.946043874380      0.777755080466       1.13657487031    
   4.62500000000      0.182981567134E-02   2.97845628886     -0.329327690490E-05   26.2121416792       5.95691257772      0.967542646712      0.814586705513       1.19632693664    
   4.75000000000      0.180141286463E-02   3.09475417097     -0.329161795306E-05   26.8149908907       6.18950834195      0.991386327706      0.849148120327       1.25421972294    
   4.87500000000      0.177375397545E-02   3.20800645869     -0.335555385841E-05   27.3058113159       6.41601291738       1.01754264711      0.881407214005       1.30905659757    
   5.00000000000      0.174708763052E-02   3.31719463253     -0.343411654817E-05   27.5375960619       6.63438926505       1.04588251545      0.911927631296       1.35938448577    
