   0.00000000000      0.210275381608E-02  0.375000000000     -0.132157050356E-04   1.78103493144      0.750000000000      0.850898235582E-01  0.885035410204E-01  0.201406635421    
  0.156250000000E-01  0.210273291505E-02  0.376369769891     -0.132156501332E-04   1.79107561702      0.752739539782      0.857902664949E-01  0.892139680747E-01  0.201365535322    
  0.312500000000E-01  0.210271143668E-02  0.377777376230     -0.132155954467E-04   1.80150953514      0.755554752459      0.865057893765E-01  0.899396183272E-01  0.201331968526    
  0.468750000000E-01  0.210268937085E-02  0.379223482412     -0.132155409928E-04   1.81213859216      0.758446964825      0.872365611485E-01  0.906806573601E-01  0.201306263904    
  0.625000000000E-01  0.210266670714E-02  0.380708770922     -0.132154867902E-04   1.82345650285      0.761417541845      0.879827559251E-01  0.914372560293E-01  0.201288758968    
  0.781250000000E-01  0.210264343485E-02  0.382233943709     -0.132154328599E-04   1.83506881388      0.764467887418      0.887445530766E-01  0.922095905554E-01  0.201279800077    
  0.937500000000E-01  0.210261954296E-02  0.383799722573     -0.132153792251E-04   1.84746166068      0.767599445147      0.895221373154E-01  0.929978426124E-01  0.201279742646    
  0.109375000000      0.210259502015E-02  0.385406849546     -0.132153259113E-04   1.85940075320      0.770813699092      0.903156987797E-01  0.938021994153E-01  0.201288951351    
  0.125000000000      0.210256985478E-02  0.387056087271     -0.132152729466E-04   1.87241340496      0.774112174541      0.911254331148E-01  0.946228538048E-01  0.201307800351    
  0.140625000000      0.210254403489E-02  0.388748219376     -0.132152203612E-04   1.88471569611      0.777496438752      0.919515415512E-01  0.954600043283E-01  0.201336673496    
  0.156250000000      0.210251754821E-02  0.390484050848     -0.132151681880E-04   1.89834202147      0.780968101697      0.927942309789E-01  0.963138553190E-01  0.201375964551    
  0.171875000000      0.210249038211E-02  0.392264408394     -0.132151164623E-04   1.91113726126      0.784528816789      0.936537140184E-01  0.971846169693E-01  0.201426077407    
  0.187500000000      0.210246252364E-02  0.394090140793     -0.132150652221E-04   1.92527628792      0.788180281587      0.945302090865E-01  0.980725054012E-01  0.201487426306    
  0.203125000000      0.210243395951E-02  0.395962119240     -0.132150145077E-04   1.93861454959      0.791924238479      0.954239404570E-01  0.989777427306E-01  0.201560436052    
  0.218750000000      0.210240467609E-02  0.397881237670     -0.132149643623E-04   1.95331627596      0.795762475341      0.963351383160E-01  0.999005571265E-01  0.201645542228    
  0.234375000000      0.210237465937E-02  0.399848413076     -0.132149148315E-04   1.96722535405      0.799696826152      0.972640388098E-01  0.100841182863      0.201743191403    
  0.250000000000      0.210234389502E-02  0.401864585792     -0.132148659635E-04   1.98247818593      0.803729171583      0.982108840869E-01  0.101799860365      0.201853841340    
  0.265625000000      0.210231236831E-02  0.403930719766     -0.132148178091E-04   1.99711253784      0.807861439532      0.991759223307E-01  0.102776836245      0.201977961190    
  0.281250000000      0.210228006419E-02  0.406047802803     -0.132147704217E-04   2.01271043213      0.812095605607      0.100159407784      0.103772363334      0.202116031684    
  0.296875000000      0.210224696720E-02  0.408216846777     -0.132147238572E-04   2.02859184928      0.816433693555      0.101161600766      0.104786700698      0.202268545313    
  0.312500000000      0.210221306155E-02  0.410438887811     -0.132146781738E-04   2.04451356375      0.820877775623      0.102182767673      0.105820113646      0.202436006492    
  0.328125000000      0.210217833104E-02  0.412714986421     -0.132146334323E-04   2.06132332821      0.825429972842      0.103223180975      0.106872873732      0.202618931715    
  0.343750000000      0.210214275912E-02  0.415046227617     -0.132145896956E-04   2.07762019707      0.830092455235      0.104283119193      0.107945258735      0.202817849689    
  0.359375000000      0.210210632886E-02  0.417433720964     -0.132145470288E-04   2.09530596422      0.834867441928      0.105362866873      0.109037552634      0.203033301457    
  0.375000000000      0.210206902295E-02  0.419878600584     -0.132145054991E-04   2.11186586018      0.839757201168      0.106462714531      0.110150045565      0.203265840487    
  0.390625000000      0.210203082372E-02  0.422382025114     -0.132144651755E-04   2.13051341745      0.844764050227      0.107582958597      0.111283033762      0.203516032754    
  0.406250000000      0.210199171312E-02  0.424945177597     -0.132144261289E-04   2.14811346432      0.849890355195      0.108723901335      0.112436819482      0.203784456780    
  0.421875000000      0.210195167271E-02  0.427569265319     -0.132143884314E-04   2.16688270863      0.855138530638      0.109885850746      0.113611710918      0.204071703655    
  0.437500000000      0.210191068372E-02  0.430255519563     -0.132143521566E-04   2.18565968319      0.860511039127      0.111069120457      0.114808022084      0.204378377023    
  0.453125000000      0.210186872700E-02  0.433005195308     -0.132143173792E-04   2.20442161752      0.866010390617      0.112274029586      0.116026072688      0.204705093034    
  0.468750000000      0.210182578303E-02  0.435819570835     -0.132142841743E-04   2.22436966968      0.871639141670      0.113500902589      0.117266187983      0.205052480263    
  0.484375000000      0.210178183197E-02  0.438699947258     -0.132142526178E-04   2.24359256849      0.877399894515      0.114750069086      0.118528698594      0.205421179577    
  0.500000000000      0.210173685363E-02  0.441647647968     -0.132142227853E-04   2.26439177421      0.883295295935      0.116021863665      0.119813940327      0.205811843975    
  0.515625000000      0.210169082747E-02  0.444664017984     -0.132141947524E-04   2.28603695149      0.889328035967      0.117316625662      0.121122253951      0.206225138370    
  0.531250000000      0.210164373266E-02  0.447750423209     -0.132141685937E-04   2.30640449281      0.895500846419      0.118634698920      0.122453984960      0.206661739330    
  0.546875000000      0.210159554805E-02  0.450908249590     -0.132141443828E-04   2.32954889427      0.901816499180      0.119976431521      0.123809483305      0.207122334764    
  0.562500000000      0.210154625220E-02  0.454138902169     -0.132141221914E-04   2.35135993745      0.908277804338      0.121342175496      0.125189103114      0.207607623559    
  0.578125000000      0.210149582339E-02  0.457443804040     -0.132141020891E-04   2.37374521171      0.914887608079      0.122732286512      0.126593202366      0.208118315161    
  0.593750000000      0.210144423966E-02  0.460824395188     -0.132140841425E-04   2.39734701223      0.921648790376      0.124147123530      0.128022142564      0.208655129094    
  0.609375000000      0.210139147879E-02  0.464282131231     -0.132140684148E-04   2.42016302285      0.928564262462      0.125587048438      0.129476288363      0.209218794430    
  0.625000000000      0.210133751836E-02  0.467818482043     -0.132140549650E-04   2.44397733851      0.935636964086      0.127052425669      0.130956007184      0.209810049190    
  0.640625000000      0.210128233573E-02  0.471434930276     -0.132140438474E-04   2.47045118574      0.942869860551      0.128543621782      0.132461668800      0.210429639694    
  0.656250000000      0.210122590812E-02  0.475132969769     -0.132140351106E-04   2.49529113845      0.950265939537      0.130061005031      0.133993644900      0.211078319838    
  0.671875000000      0.210116821259E-02  0.478914103855     -0.132140287966E-04   2.52066538097      0.957828207711      0.131604944902      0.135552308627      0.211756850326    
  0.687500000000      0.210110922608E-02  0.482779843566     -0.132140249402E-04   2.54757183001      0.965559687132      0.133175811639      0.137138034100      0.212465997828    
  0.703125000000      0.210104892544E-02  0.486731705731     -0.132140235682E-04   2.57348584975      0.973463411462      0.134773975742      0.138751195905      0.213206534084    
  0.718750000000      0.210098728748E-02  0.490771210991     -0.132140246979E-04   2.60036565884      0.981542421983      0.136399807455      0.140392168580      0.213979234956    
  0.734375000000      0.210092428895E-02  0.494899881720     -0.132140283370E-04   2.63008670265      0.989799763441      0.138053676229      0.142061326077      0.214784879414    
  0.750000000000      0.210085990665E-02  0.499119239864     -0.132140344815E-04   2.65941433394      0.998238479729      0.139735950179      0.143759041207      0.215624248478    
  0.765625000000      0.210079411739E-02  0.503430804711     -0.132140431158E-04   2.68674440504       1.00686160942      0.141446995527      0.145485685077      0.216498124108    
  0.781250000000      0.210072689805E-02  0.507836090595     -0.132140542106E-04   2.72101196146       1.01567218119      0.143187176034      0.147241626515      0.217407288046    
  0.796875000000      0.210065822565E-02  0.512336604545     -0.132140677224E-04   2.75582254507       1.02467320909      0.144956852434      0.149027231489      0.218352520622    
  0.812500000000      0.210058807734E-02  0.516933843895     -0.132140835922E-04   2.78862358609       1.03386768779      0.146756381853      0.150842862524      0.219334599518    
  0.828125000000      0.210051643045E-02  0.521629293855     -0.132141017444E-04   2.82307380063       1.04325858771      0.148586117238      0.152688878112      0.220354298506    
  0.843750000000      0.210044326255E-02  0.526424425072     -0.132141220855E-04   2.86051421436       1.05284885014      0.150446406787      0.154565632131      0.221412386154    
  0.859375000000      0.210036855145E-02  0.531320691172     -0.132141445029E-04   2.89831422396       1.06264138234      0.152337593383      0.156473473269      0.222509624520    
  0.875000000000      0.210029227527E-02  0.536319526322     -0.132141688639E-04   2.93549933263       1.07263905264      0.154260014044      0.158412744449      0.223646767828    
  0.890625000000      0.210021441247E-02  0.541422342799     -0.132141950145E-04   2.97185289661       1.08284468560      0.156213999379      0.160383782281      0.224824561139    
  0.906250000000      0.210013494185E-02  0.546630528598     -0.132142227781E-04   3.01198389446       1.09326105720      0.158199873068      0.162386916513      0.226043739017    
  0.921875000000      0.210005384265E-02  0.551945445086     -0.132142519544E-04   3.05284242510       1.10389089017      0.160217951355      0.164422469519      0.227305024211    
  0.937500000000      0.209997109454E-02  0.557368424709     -0.132142823184E-04   3.09524183828       1.11473684942      0.162268542574      0.166490755790      0.228609126344    
  0.953125000000      0.209988667766E-02  0.562900768779     -0.132143136192E-04   3.13594891248       1.12580153756      0.164351946689      0.168592081471      0.229956740619    
  0.968750000000      0.209980057267E-02  0.568543745342     -0.132143455790E-04   3.17834478158       1.13708749068      0.166468454875      0.170726743908      0.231348546559    
  0.984375000000      0.209971276074E-02  0.574298587133     -0.132143778921E-04   3.21958732326       1.14859717427      0.168618349123      0.172895031237      0.232785206774    
   1.00000000000      0.209962322364E-02  0.580166489653     -0.132144102241E-04   3.26380175579       1.16033297931      0.170801901879      0.175097222005      0.234267365769    
   1.01562500000      0.209953194373E-02  0.586148609348     -0.132144422107E-04   3.31236449601       1.17229721870      0.173019375727      0.177333584825      0.235795648795    
   1.03125000000      0.209943890398E-02  0.592246061919     -0.132144734573E-04   3.35803169507       1.18449212384      0.175271023100      0.179604378067      0.237370660751    
   1.04687500000      0.209934408801E-02  0.598459920770     -0.132145035381E-04   3.40429377005       1.19691984154      0.177557086037      0.181909849594      0.238992985138    
   1.06250000000      0.209924748010E-02  0.604791215584     -0.132145319954E-04   3.45133410389       1.20958243117      0.179877795979      0.184250236533      0.240663183073    
   1.07812500000      0.209914906525E-02  0.611240931060     -0.132145583392E-04   3.49963164198       1.22248186212      0.182233373605      0.186625765092      0.242381792364    
   1.09375000000      0.209904882911E-02  0.617810005786     -0.132145820468E-04   3.54675181341       1.23562001157      0.184624028714      0.189036650418      0.244149326654    
   1.10937500000      0.209894675809E-02  0.624499331276     -0.132146025621E-04   3.59501035509       1.24899866255      0.187049960148      0.191483096497      0.245966274630    
   1.12500000000      0.209884283932E-02  0.631309751160     -0.132146192960E-04   3.64803193719       1.26261950232      0.189511355755      0.193965296102      0.247833099303    
   1.14062500000      0.209873706066E-02  0.638242060533     -0.132146316255E-04   3.70142538429       1.27648412107      0.192008392396      0.196483430773      0.249750237364    
   1.15625000000      0.209862941073E-02  0.645297005458     -0.132146388945E-04   3.75069204537       1.29059401092      0.194541235998      0.199037670854      0.251718098606    
   1.17187500000      0.209851987890E-02  0.652475282631     -0.132146404131E-04   3.80413320776       1.30495056526      0.197110041638      0.201628175561      0.253737065432    
   1.18750000000      0.209840845529E-02  0.659777539199     -0.132146354585E-04   3.85773242216       1.31955507840      0.199714953680      0.204255093093      0.255807492426    
   1.20312500000      0.209829513079E-02  0.667204372732     -0.132146232750E-04   3.91359319314       1.33440874546      0.202356105936      0.206918560788      0.257929706007    
   1.21875000000      0.209817989703E-02  0.674756331338     -0.132146030742E-04   3.96528418856       1.34951266268      0.205033621876      0.209618705309      0.260104004154    
   1.23437500000      0.209806274640E-02  0.682433913937     -0.132145740362E-04   4.02045902929       1.36486782787      0.207747614864      0.212355642869      0.262330656204    
   1.25000000000      0.209794367203E-02  0.690237570658     -0.132145353097E-04   4.07263590596       1.38047514132      0.210498188438      0.215129479497      0.264609902724    
   1.26562500000      0.209782266779E-02  0.698167703387     -0.132144860132E-04   4.12802936442       1.39633540677      0.213285436607      0.217940311327      0.266941955453    
   1.28125000000      0.209769972827E-02  0.706224666435     -0.132144252355E-04   4.18790273016       1.41244933287      0.216109444193      0.220788224926      0.269326997316    
   1.29687500000      0.209757484878E-02  0.714408767335     -0.132143520371E-04   4.24887911092       1.42881753467      0.218970287191      0.223673297642      0.271765182502    
   1.31250000000      0.209744802533E-02  0.722720267756     -0.132142654511E-04   4.30521634590       1.44544053551      0.221868033154      0.226595597988      0.274256636614    
   1.32812500000      0.209731925460E-02  0.731159384528     -0.132141644845E-04   4.36736378804       1.46231876906      0.224802741605      0.229555186045      0.276801456878    
   1.34375000000      0.209718853396E-02  0.739726290775     -0.132140481195E-04   4.42350888595       1.47945258155      0.227774464471      0.232552113885      0.279399712419    
   1.35937500000      0.209705586142E-02  0.748421117150     -0.132139153149E-04   4.48378397941       1.49684223430      0.230783246530      0.235586426019      0.282051444601    
   1.37500000000      0.209692123560E-02  0.757243953156     -0.132137650077E-04   4.54061311390       1.51448790631      0.233829125878      0.238658159862      0.284756667417    
   1.39062500000      0.209678465574E-02  0.766194848572     -0.132135961144E-04   4.59845836143       1.53238969714      0.236912134413      0.241767346207      0.287515367951    
   1.40625000000      0.209664612168E-02  0.775273814946     -0.132134075333E-04   4.65633793918       1.55054762989      0.240032298331      0.244914009725      0.290327506890    
   1.42187500000      0.209650563379E-02  0.784480827180     -0.132131981456E-04   4.71906028763       1.56896165436      0.243189638625      0.248098169462      0.293193019093    
   1.43750000000      0.209636319299E-02  0.793815825186     -0.132129668176E-04   4.77884420823       1.58763165037      0.246384171606      0.251319839361      0.296111814219    
   1.45312500000      0.209621880071E-02  0.803278715611     -0.132127124026E-04   4.83965224929       1.60655743122      0.249615909424      0.254579028776      0.299083777411    
   1.46875000000      0.209607245884E-02  0.812869373641     -0.132124337429E-04   4.89975059288       1.62573874728      0.252884860593      0.257875743009      0.302108770038    
   1.48437500000      0.209592416975E-02  0.822587644857     -0.132121296715E-04   4.95847872804       1.64517528971      0.256191030526      0.261209983839      0.305186630491    
   1.50000000000      0.209577393621E-02  0.832433347172     -0.132117990147E-04   5.01958074967       1.66486669434      0.259534422072      0.264581750060      0.308317175040    
   1.51562500000      0.209562176139E-02  0.842406272822     -0.132114405940E-04   5.08630496087       1.68481254564      0.262915036050      0.267991038023      0.311500198749    
   1.53125000000      0.209546764883E-02  0.852506190426     -0.132110532283E-04   5.15250463561       1.70501238085      0.266332871791      0.271437842174      0.314735476461    
   1.54687500000      0.209531160238E-02  0.862732847112     -0.132106357364E-04   5.22061724220       1.72546569422      0.269787927680      0.274922155595      0.318022763837    
   1.56250000000      0.209515362618E-02  0.873085970710     -0.132101869388E-04   5.28817030983       1.74617194142      0.273280201687      0.278443970550      0.321361798474    
   1.57812500000      0.209499372467E-02  0.883565272016     -0.132097056607E-04   5.35412066457       1.76713054403      0.276809691912      0.282003279016      0.324752301088    
   1.59375000000      0.209483190246E-02  0.894170447129     -0.132091907338E-04   5.42362818984       1.78834089426      0.280376397119      0.285600073226      0.328193976785    
   1.60937500000      0.209466816439E-02  0.904901179876     -0.132086409993E-04   5.48701002166       1.80980235975      0.283980317269      0.289234346203      0.331686516404    
   1.62500000000      0.209450251542E-02  0.915757144308     -0.132080553097E-04   5.55922046535       1.83151428862      0.287621454054      0.292906092290      0.335229597963    
   1.64062500000      0.209433496065E-02  0.926738007305     -0.132074325318E-04   5.62143859553       1.85347601461      0.291299811430      0.296615307685      0.338822888191    
   1.65625000000      0.209416550521E-02  0.937843431276     -0.132067715490E-04   5.69519997145       1.87568686255      0.295015396143      0.300361990962      0.342466044172    
   1.67187500000      0.209399415428E-02  0.949073076970     -0.132060712637E-04   5.76051810788       1.89814615394      0.298768218260      0.304146143602      0.346158715107    
   1.68750000000      0.209382091302E-02  0.960426606410     -0.132053306000E-04   5.83165396461       1.92085321282      0.302558291699      0.307967770513      0.349900544198    
   1.70312500000      0.209364578652E-02  0.971903685970     -0.132045485063E-04   5.90118883455       1.94380737194      0.306385634754      0.311826880552      0.353691170664    
   1.71875000000      0.209346877975E-02  0.983503989597     -0.132037239575E-04   5.96839593082       1.96700797919      0.310250270630      0.315723487047      0.357530231920    
   1.73437500000      0.209328989751E-02  0.995227202197     -0.132028559579E-04   6.04349703704       1.99045440439      0.314152227974      0.319657608319      0.361417365904    
   1.75000000000      0.209310914439E-02   1.00707302321     -0.132019435433E-04   6.10762568461       2.01414604643      0.318091541416      0.323629268204      0.365352213594    
   1.76562500000      0.209292652469E-02   1.01904117040     -0.132009857838E-04   6.18708513475       2.03808234080      0.322068252114      0.327638496579      0.369334421706    
   1.78125000000      0.209274204237E-02   1.03113138382     -0.131999817862E-04   6.25635862301       2.06226276764      0.326082408308      0.331685329894      0.373363645619    
   1.79687500000      0.209255570099E-02   1.04334343011     -0.131989306964E-04   6.33098098703       2.08668686021      0.330134065892      0.335769811705      0.377439552509    
   1.81250000000      0.209236750363E-02   1.05567710696     -0.131978317016E-04   6.40910582488       2.11135421393      0.334223288990      0.339891993223      0.381561824752    
   1.82812500000      0.209217745283E-02   1.06813224800     -0.131966840327E-04   6.47385978653       2.13626449601      0.338350150560      0.344051933867      0.385730163576    
   1.84375000000      0.209198555049E-02   1.08070872788     -0.131954869666E-04   6.56276147153       2.16141745576      0.342514733022      0.348249701838      0.389944293019    
   1.85937500000      0.209179179781E-02   1.09340646780     -0.131942398282E-04   6.63689550243       2.18681293560      0.346717128904      0.352485374703      0.394203964195    
   1.87500000000      0.209159619518E-02   1.10622544142     -0.131929419929E-04   6.71453950089       2.21245088284      0.350957441530      0.356759040004      0.398508959887    
   1.89062500000      0.209139874210E-02   1.11916568116     -0.131915928881E-04   6.80196098325       2.23833136231      0.355235785744      0.361070795895      0.402859099518    
   1.90625000000      0.209119943707E-02   1.13222728497     -0.131901919953E-04   6.87425602807       2.26445456994      0.359552288680      0.365420751803      0.407254244488    
   1.92187500000      0.209099827748E-02   1.14541042364     -0.131887388521E-04   6.96450611787       2.29082084729      0.363907090582      0.369809029129      0.411694303932    
   1.93750000000      0.209079525947E-02   1.15871534858     -0.131872330542E-04   7.05262209264       2.31743069716      0.368300345685      0.374235761994      0.416179240902    
   1.95312500000      0.209059037785E-02   1.17214240020     -0.131856742568E-04   7.12372856232       2.34428480040      0.372732223170      0.378701098030      0.420709079001    
   1.96875000000      0.209038362591E-02   1.18569201692     -0.131840621770E-04   7.22533613524       2.37138403385      0.377202908190      0.383205199236      0.425283909499    
   1.98437500000      0.209017499531E-02   1.19936474480     -0.131823965953E-04   7.31708495475       2.39872948960      0.381712602985      0.387748242891      0.429903898926    
   2.00000000000      0.208996447591E-02   1.21316124783     -0.131806773580E-04   7.38939177006       2.42632249567      0.386261528096      0.392330422561      0.434569297176    
   2.01562500000      0.208975205558E-02   1.22708231899     -0.131789043795E-04   7.49824253090       2.45416463798      0.390849923688      0.396951949188      0.439280446115    
   2.03125000000      0.208953772008E-02   1.24112889197     -0.131770776453E-04   7.59705041826       2.48225778395      0.395478050986      0.401613052285      0.444037788704    
   2.04687500000      0.208932145280E-02   1.25530205369     -0.131751972148E-04   7.71902338309       2.51060410739      0.400146193837      0.406313981249      0.448841878608    
   2.06250000000      0.208910323460E-02   1.26960305754     -0.131732632253E-04   7.83420447568       2.53920611507      0.404854660419      0.411055006816      0.453693390300    
   2.07812500000      0.208888304359E-02   1.28403333734     -0.131712758968E-04   7.92885971648       2.56806667468      0.409603785082      0.415836422663      0.458593129593    
   2.09375000000      0.208866085488E-02   1.29859452210     -0.131692355375E-04   8.06362891236       2.59718904419      0.414393930347      0.420658547178      0.463542044570    
   2.10937500000      0.208843664040E-02   1.31328845132     -0.131671425502E-04   8.20422361841       2.62657690263      0.419225489063      0.425521725423      0.468541236830    
   2.12500000000      0.208821036859E-02   1.32811719096     -0.131649974405E-04   8.32772630366       2.65623438192      0.424098886711      0.430426331291      0.473591972959    
   2.14062500000      0.208798200421E-02   1.34308304986     -0.131628008257E-04   8.42648369331       2.68616609973      0.429014583878      0.435372769890      0.478695696095    
   2.15625000000      0.208775150805E-02   1.35818859647     -0.131605534458E-04   8.58561913618       2.71637719294      0.433973078871      0.440361480145      0.483854037455    
   2.17187500000      0.208751883666E-02   1.37343667572     -0.131582561755E-04   8.74506826101       2.74687335144      0.438974910470      0.445392937641      0.489068827609    
   2.18750000000      0.208728394215E-02   1.38883042582     -0.131559100378E-04   8.88589033574       2.77766085164      0.444020660814      0.450467657695      0.494342107313    
   2.20312500000      0.208704677188E-02   1.40437329465     -0.131535162192E-04   9.00039766508       2.80874658930      0.449110958379      0.455586198655      0.499676137615    
   2.21875000000      0.208680726824E-02   1.42006905540     -0.131510760855E-04   9.13832683568       2.84013811080      0.454246481032      0.460749165403      0.505073408964    
   2.23437500000      0.208656536844E-02   1.43592182114     -0.131485911989E-04   9.32572608558       2.87184364228      0.459427959130      0.465957213042      0.510536648970    
   2.25000000000      0.208632100433E-02   1.45193605780     -0.131460633358E-04   9.49894489506       2.90387211559      0.464656178607      0.471211050713      0.516068828477    
   2.26562500000      0.208607410216E-02   1.46811659506     -0.131434945038E-04   9.68036455107       2.93623319012      0.469931984022      0.476511445494      0.521673165543    
   2.28125000000      0.208582458253E-02   1.48446863475     -0.131408869589E-04   9.85156684488       2.96893726950      0.475256281497      0.481859226312      0.527353126942    
   2.29687500000      0.208557236029E-02   1.50099775607     -0.131382432214E-04   9.99938450177       3.00199551214      0.480630041501      0.487255287795      0.533112426774    
   2.31250000000      0.208531734448E-02   1.51770991716     -0.131355660898E-04   10.1984585712       3.03541983433      0.486054301400      0.492700593954      0.538955021810    
   2.32812500000      0.208505943841E-02   1.53461145255     -0.131328586523E-04   10.4514375771       3.06922290511      0.491530167727      0.498196181616      0.544885103211    
   2.34375000000      0.208479853975E-02   1.55170906588     -0.131301242956E-04   10.6881507998       3.10341813176      0.497058818080      0.503743163479      0.550907084322    
   2.35937500000      0.208453454074E-02   1.56900981762     -0.131273667091E-04   10.9180332108       3.13801963524      0.502641502596      0.509342730683      0.557025584343    
   2.37500000000      0.208426732842E-02   1.58652110744     -0.131245898855E-04   11.1287142210       3.17304221488      0.508279544906      0.514996154784      0.563245407749    
   2.39062500000      0.208399678502E-02   1.60425065100     -0.131217981169E-04   11.3204931798       3.20850130200      0.513974342517      0.520704789006      0.569571519479    
   2.40625000000      0.208372278838E-02   1.62220645125     -0.131189959851E-04   11.5857603978       3.24441290249      0.519727366534      0.526470068655      0.576009016056    
   2.42187500000      0.208344521249E-02   1.64039676421     -0.131161883476E-04   11.8378744775       3.28079352842      0.525540160663      0.532293510613      0.582563092935    
   2.43750000000      0.208316392805E-02   1.65883005976     -0.131133803183E-04   12.0824165928       3.31766011952      0.531414339419      0.538176711790      0.589239008554    
   2.45312500000      0.208287880317E-02   1.67751497769     -0.131105772438E-04   12.3089682729       3.35502995538      0.537351585493      0.544121346494      0.596042045702    
   2.46875000000      0.208258970412E-02   1.69646027982     -0.131077846745E-04   12.5299609757       3.39292055964      0.543353646228      0.550129162639      0.602977470952    
   2.48437500000      0.208229649605E-02   1.71567479897     -0.131050083331E-04   12.8439130394       3.43134959794      0.549422329166      0.556201976796      0.610050493010    
   2.50000000000      0.208199904383E-02   1.73516738566     -0.131022540786E-04   13.1587575909       3.47033477132      0.555559496664      0.562341668064      0.617266220932    
   2.51562500000      0.208169721290E-02   1.75494685355     -0.130995278687E-04   13.4626214228       3.50989370710      0.561767059579      0.568550170821      0.624629623152    
   2.53125000000      0.208139087008E-02   1.77502192476     -0.130968357197E-04   13.7668032220       3.55004384953      0.568046970052      0.574829466418      0.632145488293    
   2.54687500000      0.208107988440E-02   1.79540117605     -0.130941836654E-04   14.0565405134       3.59080235209      0.574401213467      0.581181573923      0.639818388657    
   2.56250000000      0.208076412790E-02   1.81609298691     -0.130915777148E-04   14.3361161094       3.63218597382      0.580831799655      0.587608540057      0.647652647199    
   2.57812500000      0.208044347633E-02   1.83710549065     -0.130890238102E-04   14.7121787509       3.67421098131      0.587340753477      0.594112428489      0.655652308687    
   2.59375000000      0.208011780993E-02   1.85844652917     -0.130865277853E-04   15.0925585204       3.71689305833      0.593930104918      0.600695308684      0.663821115563    
   2.60937500000      0.207978701396E-02   1.88012361226     -0.130840953234E-04   15.4718786683       3.76024722452      0.600601878871      0.607359244504      0.672162488885    
   2.62500000000      0.207945097930E-02   1.90214388212     -0.130817319167E-04   15.8368664855       3.80428776424      0.607358084768      0.614106282791      0.680679514561    
   2.64062500000      0.207910960290E-02   1.92451408331     -0.130794428272E-04   16.2062709599       3.84902816662      0.614200706269      0.620938442116      0.689374934926    
   2.65625000000      0.207876278814E-02   1.94724053864     -0.130772330474E-04   16.5701378895       3.89448107728      0.621131691166      0.627857701919      0.698251145553    
   2.67187500000      0.207841044510E-02   1.97032913100     -0.130751072630E-04   16.9168567520       3.94065826201      0.628152941704      0.634865992192      0.707310197108    
   2.68750000000      0.207805249080E-02   1.99378529122     -0.130730698168E-04   17.2438436903       3.98757058244      0.635266305443      0.641965183861      0.716553801917    
   2.70312500000      0.207768884922E-02   2.01761399168     -0.130711246730E-04   17.5484655665       4.03522798336      0.642473566814      0.649157079998      0.725983344869    
   2.71875000000      0.207731945138E-02   2.04181974561     -0.130692753836E-04   17.8280659598       4.08363949123      0.649776439467      0.656443407921      0.735599898224    
   2.73437500000      0.207694423523E-02   2.06640661161     -0.130675250545E-04   18.1026905178       4.13281322321      0.657176559472      0.663825812279      0.745404239854    
   2.75000000000      0.207656314554E-02   2.09137820301     -0.130658763137E-04   18.4955734256       4.18275640601      0.664675479424      0.671305849121      0.755396874462    
   2.76562500000      0.207617613365E-02   2.11673770176     -0.130643312791E-04   18.8837184631       4.23347540351      0.672274663462      0.678884981002      0.765578057293    
   2.78125000000      0.207578315722E-02   2.14248787619     -0.130628915281E-04   19.2533317994       4.28497575238      0.679975483184      0.686564573101      0.775947819904    
   2.79687500000      0.207538417992E-02   2.16863110233     -0.130615580665E-04   19.6022715519       4.33726220466      0.687779214425      0.694345890348      0.786505997557    
   2.81250000000      0.207497917101E-02   2.19516938824     -0.130603312986E-04   19.9295640601       4.39033877647      0.695687034845      0.702230095562      0.797252257829    
   2.82812500000      0.207456810496E-02   2.22210440092     -0.130592109974E-04   20.2537906403       4.44420880184      0.703700022275      0.710218248547      0.808186130099    
   2.84375000000      0.207415096102E-02   2.24943749544     -0.130581962753E-04   20.6021316484       4.49887499089      0.711819153735      0.718311306160      0.819307035550    
   2.85937500000      0.207372772270E-02   2.27716974579     -0.130572855550E-04   20.9263801884       4.55433949158      0.720045305078      0.726510123280      0.830614317431    
   2.87500000000      0.207329837731E-02   2.30530197716     -0.130564765413E-04   21.2248913993       4.61060395432      0.728379251182      0.734815454675      0.842107271302    
   2.89062500000      0.207286291543E-02   2.33383479938     -0.130557661937E-04   21.5036867102       4.66766959877      0.736821666627      0.743227957692      0.853785175064    
   2.90625000000      0.207242133039E-02   2.36276864114     -0.130551506994E-04   21.7535527985       4.72553728228      0.745373126817      0.751748195721      0.865647318602    
   2.92187500000      0.207197361776E-02   2.39210378474     -0.130546254485E-04   21.9881079080       4.78420756948      0.754034109475      0.760376642367      0.877693032899    
   2.93750000000      0.207151977478E-02   2.42184040126     -0.130541850094E-04   22.2852220564       4.84368080252      0.762804996484      0.769113686244      0.889921718533    
   2.95312500000      0.207105979985E-02   2.45197858578     -0.130538231068E-04   22.5532852212       4.90395717157      0.771686076011      0.777959636285      0.902332873488    
   2.96875000000      0.207059369196E-02   2.48251839259     -0.130535325998E-04   22.7914542004       4.96503678518      0.780677544874      0.786914727468      0.914926120250    
   2.98437500000      0.207012145019E-02   2.51345987011     -0.130533054618E-04   23.0086408767       5.02691974022      0.789779511097      0.795979126823      0.927701232188    
   3.00000000000      0.206964307318E-02   2.54480309543     -0.130531327608E-04   23.1905104774       5.08960619085      0.798991996590      0.805152939588      0.940658159248    
   3.01562500000      0.206915855859E-02   2.57654820826     -0.130530046394E-04   23.4045400279       5.15309641652      0.808314939875      0.814436215372      0.953797053013    
   3.03125000000      0.206866790261E-02   2.60869544417     -0.130529102949E-04   23.6475125867       5.21739088834      0.817748198804      0.823828954167      0.967118291199    
   3.04687500000      0.206817109945E-02   2.64124516689     -0.130528379574E-04   23.8677510866       5.28249033379      0.827291553158      0.833331112041      0.980622501696    
   3.06250000000      0.206766814091E-02   2.67419789966     -0.130527748671E-04   24.0614497702       5.34839579933      0.836944707042      0.842942606353      0.994310586268    
   3.07812500000      0.206715901584E-02   2.70755435538     -0.130527072482E-04   24.2228617837       5.41510871075      0.846707291008      0.852663320322       1.00818374405    
   3.09375000000      0.206664370979E-02   2.74131546555     -0.130526202819E-04   24.3687353593       5.48263093110      0.856578863784      0.862493106784       1.02224349498    
   3.10937500000      0.206612220452E-02   2.77548240794     -0.130524980764E-04   24.4908746369       5.55096481589      0.866558913570      0.872431790989       1.03649170338    
   3.12500000000      0.206559447762E-02   2.81005663288     -0.130523236371E-04   24.6847276823       5.62011326577      0.876646858823      0.882479172291       1.05093060177    
   3.14062500000      0.206506050214E-02   2.84503988822     -0.130520788362E-04   24.8976435384       5.69007977643      0.886842048492      0.892635024609       1.06556281512    
   3.15625000000      0.206452024621E-02   2.88043424296     -0.130517443838E-04   25.0575025659       5.76086848592      0.897143761695      0.902899095550       1.08039138572    
   3.17187500000      0.206397367274E-02   2.91624210969     -0.130512998023E-04   25.3092217620       5.83248421939      0.907551206855      0.913271104146       1.09541979869    
   3.18750000000      0.206342073901E-02   2.95246626573     -0.130507234047E-04   25.5530000132       5.90493253146      0.918063520309      0.923750737148       1.11065200827    
   3.20312500000      0.206286139648E-02   2.98910987314     -0.130499922778E-04   25.7405672659       5.97821974628      0.928679764485      0.934337643909       1.12609246475    
   3.21875000000      0.206229559040E-02   3.02617649764     -0.130490822716E-04   25.8772771179       6.05235299528      0.939398925720      0.945031429901       1.14174614202    
   3.23437500000      0.206172325959E-02   3.06367012632     -0.130479679926E-04   26.0379893744       6.12734025265      0.950219911863      0.955831648972       1.15761856549    
   3.25000000000      0.206114433618E-02   3.10159518418     -0.130466227993E-04   26.1677425482       6.20319036836      0.961141549799      0.966737794534       1.17371583985    
   3.26562500000      0.206055874538E-02   3.13995654925     -0.130450187953E-04   26.1964604824       6.27991309850      0.972162583108      0.977749289931       1.19004467621    
   3.28125000000      0.205996640527E-02   3.17875956620     -0.130431268181E-04   26.4168220339       6.35751913239      0.983281670085      0.988865478322       1.20661241779    
   3.29687500000      0.205936722659E-02   3.21801005798     -0.130409164158E-04   26.7362202677       6.43602011596      0.994497382411       1.00008561250       1.22342706307    
   3.31250000000      0.205876111268E-02   3.25771433525     -0.130383558093E-04   26.9713689914       6.51542867050       1.00580820483       1.01140884517       1.24049728525    
   3.32812500000      0.205814795927E-02   3.29787920303     -0.130354118351E-04   27.1031434407       6.59575840606       1.01721253626       1.02283422040       1.25783244637    
   3.34375000000      0.205752765451E-02   3.33851196419     -0.130320498684E-04   27.3251462224       6.67702392838       1.02870869295       1.03436066693       1.27544260432    
   3.35937500000      0.205690007892E-02   3.37962041936     -0.130282337320E-04   27.5074971903       6.75924083873       1.04029491419       1.04598699449       1.29333851069    
   3.37500000000      0.205626510549E-02   3.42121286285     -0.130239255972E-04   27.6259241439       6.84242572571       1.05196937168       1.05771189414       1.31153159704    
   3.39062500000      0.205562259976E-02   3.46329807425     -0.130190858882E-04   27.6802552370       6.92659614850       1.06373018325       1.06953394402       1.33003394698    
   3.40625000000      0.205497242008E-02   3.50588530541     -0.130136732135E-04   27.7702439001       7.01177061082       1.07557543220       1.08145162198       1.34885825123    
   3.42187500000      0.205431441789E-02   3.54898426258     -0.130076443593E-04   28.1237946823       7.09796852515       1.08750319351       1.09346332667       1.36801774240    
   3.43750000000      0.205364843807E-02   3.59260508315     -0.130009543915E-04   28.6499806960       7.18521016630       1.09951156797       1.10556740903       1.38752610615    
   3.45312500000      0.205297431939E-02   3.63675830692     -0.129935568997E-04   29.0181532939       7.27351661383       1.11159872587       1.11776221591       1.40739736514    
   3.46875000000      0.205229189504E-02   3.68145484170     -0.129854044177E-04   29.3744501851       7.36290968341       1.12376296146       1.13004614805       1.42764573220    
   3.48437500000      0.205160099319E-02   3.72670592420     -0.129764490670E-04   29.5680059942       7.45341184841       1.13600276025       1.14241773460       1.44828542936    
   3.50000000000      0.205090143753E-02   3.77252307812     -0.129666434949E-04   29.6571485731       7.54504615623       1.14831688137       1.15487572652       1.46933047023    
   3.51562500000      0.205019304782E-02   3.81891807320     -0.129559421804E-04   29.7168774680       7.63783614640       1.16070445782       1.16741921112       1.49079440425    
   3.53125000000      0.204947564042E-02   3.86590289024     -0.129443031338E-04   29.6284664075       7.73180578048       1.17316511780       1.18004774978       1.51269002266    
   3.54687500000      0.204874902867E-02   3.91348969723     -0.129316899860E-04   29.7001321504       7.82697939446       1.18569912951       1.19276153930       1.53502902842    
   3.56250000000      0.204801302314E-02   3.96169084057     -0.129180744822E-04   29.5763022061       7.92338168115       1.19830757076       1.20556159571       1.55782167410    
   3.57812500000      0.204726743168E-02   4.01051885223     -0.129034394322E-04   29.8667853298       8.02103770446       1.21099252133       1.21844995632       1.58107637458    
   3.59375000000      0.204651205939E-02   4.05998646979     -0.128877821027E-04   30.3600912602       8.11997293959       1.22375727301       1.23142989292       1.60479930386    
   3.60937500000      0.204574670820E-02   4.11010666377     -0.128711178384E-04   30.7838286418       8.22021332753       1.23660654865       1.24450612661       1.62899398851    
   3.62500000000      0.204497117649E-02   4.16089266574     -0.128534835326E-04   31.2682386427       8.32178533148       1.24954671952       1.25768503323       1.65366091299    
   3.64062500000      0.204418525835E-02   4.21235799324     -0.128349406415E-04   31.5703610180       8.42471598647       1.26258601028       1.27097482792       1.67879715503    
   3.65625000000      0.204338874302E-02   4.26451647046     -0.128155776730E-04   31.8623190547       8.52903294092       1.27573468132       1.28438571751       1.70439607163    
   3.67187500000      0.204258141423E-02   4.31738224659     -0.127955122156E-04   32.1028145832       8.63476449318       1.28900517942       1.29793001021       1.73044705695    
   3.68750000000      0.204176304981E-02   4.37096981215     -0.127748924267E-04   32.2119856442       8.74193962430       1.30241224716       1.31162217145       1.75693539354    
   3.70312500000      0.204093342164E-02   4.42529400815     -0.127538977129E-04   32.4451748673       8.85058801629       1.31597297927       1.32547881373       1.78384221515    
   3.71875000000      0.204009229621E-02   4.48037001384     -0.127327383871E-04   32.5478548762       8.96074002768       1.32970681108       1.33951860760       1.81114459516    
   3.73437500000      0.203923943582E-02   4.53621329186     -0.127116543215E-04   32.6633912566       9.07242658372       1.34363542166       1.35376210273       1.83881576747    
   3.75000000000      0.203837460066E-02   4.59283946908     -0.126909126758E-04   32.7228759534       9.18567893816       1.35778253690       1.36823145386       1.86682547832    
   3.76562500000      0.203749755188E-02   4.65026414039     -0.126708045547E-04   32.9040473284       9.30052828079       1.37217362519       1.38295005673       1.89514045847    
   3.78125000000      0.203660805559E-02   4.70850259666     -0.126516402715E-04   32.9902828138       9.41700519332       1.38683549039       1.39794210976       1.92372499651    
   3.79687500000      0.203570588766E-02   4.76756949068     -0.126337430757E-04   33.1401168541       9.53513898137       1.40179577754       1.41323212604       1.95254158710    
   3.81250000000      0.203479083931E-02   4.82747846100     -0.126174415969E-04   33.1570703641       9.65495692200       1.41708241359       1.42884442348       1.98155162393    
   3.82812500000      0.203386272306E-02   4.88824173234     -0.126030614894E-04   33.8758510944       9.77648346469       1.43272300683       1.44480262034       2.01071610517    
   3.84375000000      0.203292137895E-02   4.94986970804     -0.125909167111E-04   34.0484822166       9.89973941608       1.44874422869       1.46112915918       2.03999632017    
   3.85937500000      0.203196668062E-02   5.01237056830     -0.125813007946E-04   34.6926987878       10.0247411366       1.46517120138       1.47784487858       2.06935448834    
   3.87500000000      0.203099854108E-02   5.07574989059     -0.125744785774E-04   34.7103663374       10.1514997812       1.48202691735       1.49496864855       2.09875432470    
   3.89062500000      0.203001691786E-02   5.14001031284     -0.125706789422E-04   35.3252008471       10.2800206257       1.49933171803       1.51251708361       2.12816151120    
   3.90625000000      0.202902181705E-02   5.20515126483     -0.125700889320E-04   35.5980877342       10.4103025297       1.51710285949       1.53050434625       2.15754405909    
   3.92187500000      0.202801329612E-02   5.27116879470     -0.125728493520E-04   36.1057656113       10.5423375894       1.53535418753       1.54894205250       2.18687255467    
   3.93750000000      0.202699146485E-02   5.33805551519     -0.125790520286E-04   36.3685897169       10.6761110304       1.55409593672       1.56783928890       2.21612028957    
   3.95312500000      0.202595648441E-02   5.40580068740     -0.125887391119E-04   37.0228313524       10.8116013748       1.57333465561       1.58720274697       2.24526328481    
   3.96875000000      0.202490856410E-02   5.47439044993     -0.126019047140E-04   38.1458525238       10.9487808999       1.59307324725       1.60703697604       2.27428022664    
   3.98437500000      0.202384795592E-02   5.54380819012     -0.126184987161E-04   39.0344231570       11.0876163802       1.61331110207       1.62734474922       2.30315233884    
   4.00000000000      0.202277494707E-02   5.61403504250     -0.126384322339E-04   39.5144972021       11.2280700850       1.63404429288       1.64812752776       2.33186322186    
   4.01562500000      0.202168985080E-02   5.68505048798     -0.126615843091E-04   43.1188409642       11.3701009760       1.65526579930       1.66938599783       2.36039869085    
   4.03125000000      0.202059299606E-02   5.75683301711     -0.126878095173E-04   45.3789568563       11.5136660342       1.67696573394       1.69112064045       2.38874664272    
   4.04687500000      0.201948471679E-02   5.82936081426     -0.127169458303E-04   46.5042298752       11.6587216285       1.69913155373       1.71333228437       2.41689697615    
   4.06250000000      0.201836534153E-02   5.90261241970     -0.127488215708E-04   47.3957522783       11.8052248394       1.72174825615       1.73602258492       2.44484157863    
   4.07812500000      0.201723518387E-02   5.97656733114     -0.127832606912E-04   46.8203145033       11.9531346623       1.74479857567       1.75919437299       2.47257438249    
   4.09375000000      0.201609453451E-02   6.05120651398     -0.128200872160E-04   48.7813607011       12.1024130280       1.76826320676       1.78285182787       2.50009147935    
   4.10937500000      0.201494365501E-02   6.12651280105     -0.128591311696E-04   49.5757575894       12.2530256021       1.79212108417       1.80700044538       2.52739127149    
   4.12500000000      0.201378277348E-02   6.20247117657     -0.129002379272E-04   50.0386516901       12.4049423531       1.81634974996       1.83164679536       2.55447463125    
   4.14062500000      0.201261208200E-02   6.27906895132     -0.129432805778E-04   50.1023478148       12.5581379026       1.84092582994       1.85679808413       2.58134503724    
   4.15625000000      0.201143173559E-02   6.35629584359     -0.129881723769E-04   50.8262022650       12.7125916872       1.86582563008       1.88246155391       2.60800865960    
   4.17187500000      0.201024185242E-02   6.43414398355     -0.130348756289E-04   51.1664508380       12.8682879671       1.89102584763       1.90864376061       2.63447437531    
   4.18750000000      0.200904251485E-02   6.51260785860     -0.130834047212E-04   51.3594595251       13.0252157172       1.91650437479       1.93534977615       2.66075370766    
   4.20312500000      0.200783377110E-02   6.59168421688     -0.131338232154E-04   51.3801185681       13.1833684338       1.94224115694       1.96258236286       2.68686069708    
   4.21875000000      0.200661563726E-02   6.67137194214     -0.131862360256E-04   52.0200087264       13.3427438843       1.96821905403       1.99034116778       2.71281172033    
   4.23437500000      0.200538809957E-02   6.75167190743     -0.132407770293E-04   52.6735913701       13.5033438149       1.99442464507       2.01862198388       2.73862527848    
   4.25000000000      0.200415111691E-02   6.83258680844     -0.132975910186E-04   53.0298364728       13.6651736169       2.02084891241       2.04741612378       2.76432177225    
   4.26562500000      0.200290462348E-02   6.91412097452     -0.133568087737E-04   55.6380385148       13.8282419490       2.04748774688       2.07670994982       2.78992327781    
   4.28125000000      0.200164853174E-02   6.99628015669     -0.134185162130E-04   57.6346177660       13.9925603134       2.07434222652       2.10648460058       2.81545332959    
   4.29687500000      0.200038273569E-02   7.07907129689     -0.134827216983E-04   59.0401338441       14.1581425938       2.10141863665       2.13671594975       2.84093671050    
   4.31250000000      0.199910711431E-02   7.16250228663     -0.135493271040E-04   59.8593093644       14.3250045733       2.12872821440       2.16737482611       2.86639924613    
   4.32812500000      0.199782153506E-02   7.24658172686     -0.136181070111E-04   60.0770416112       14.4931634537       2.15628661439       2.19842751289       2.89186759958    
   4.34375000000      0.199652585709E-02   7.33131870362     -0.136886977906E-04   59.6696404287       14.6626374072       2.18411310765       2.22983652803       2.91736906794    
   4.35937500000      0.199521993406E-02   7.41672259720     -0.137605967646E-04   59.0884882647       14.8334451944       2.21222954562       2.26156166210       2.94293138947    
   4.37500000000      0.199390361605E-02   7.50280294294     -0.138331716838E-04   58.8536661116       15.0056058859       2.24065914525       2.29356122041       2.96858257728    
   4.39062500000      0.199257675083E-02   7.58956935778     -0.139056804827E-04   59.5033258996       15.1791387156       2.26942517102       2.32579338782       2.99435079893    
   4.40625000000      0.199123918419E-02   7.67703153577     -0.139772985262E-04   60.3450929721       15.3540630715       2.29854959883       2.35821761689       3.02026432005    
   4.42187500000      0.198989075950E-02   7.76519930151     -0.140471463502E-04   60.7977359241       15.5303986030       2.32805184156       2.39079593522       3.04635152473    
   4.43750000000      0.198853131673E-02   7.85408269785     -0.141143096776E-04   60.8142817637       15.7081653957       2.35794760367       2.42349407696       3.07264101722    
   4.45312500000      0.198716069128E-02   7.94369207914     -0.141778486555E-04   61.2860599852       15.8873841583       2.38824791989       2.45628236143       3.09916179782    
   4.46875000000      0.198577871287E-02   8.03403818596     -0.142368017214E-04   61.6077272631       16.0680763719       2.41895842840       2.48913626680       3.12594349076    
   4.48437500000      0.198438520521E-02   8.12513218631     -0.142901931355E-04   61.5044015905       16.2502643726       2.45007892722       2.52203667470       3.15301658439    
   4.50000000000      0.198297998627E-02   8.21698567451     -0.143370485299E-04   61.7158093132       16.4339713490       2.48160325820       2.55496978776       3.18041262855    
   4.51562500000      0.198156286934E-02   8.30961061930     -0.143764173034E-04   61.8653809630       16.6192212386       2.51351954486       2.58792674688       3.20816432756    
   4.53125000000      0.198013366450E-02   8.40301925401     -0.144074032632E-04   62.7201821526       16.8060385080       2.54581077980       2.62090299953       3.23630547467    
   4.54687500000      0.197869218020E-02   8.49722391235     -0.144292096993E-04   64.5328930312       16.9944478247       2.57845572036       2.65389750000       3.26487069200    
   4.56250000000      0.197723822505E-02   8.59223683503     -0.144411960932E-04   65.7764771080       17.1844736701       2.61143002389       2.68691185092       3.29389496022    
   4.57812500000      0.197577160973E-02   8.68806999124     -0.144429240867E-04   66.4796174757       17.3761399825       2.64470754610       2.71994951041       3.32341293474    
   4.59375000000      0.197429214927E-02   8.78473495522     -0.144341716383E-04   66.8236024701       17.5694699104       2.67826173300       2.75301517251       3.35345804972    
   4.60937500000      0.197279966562E-02   8.88224284366     -0.144149316337E-04   66.4558843237       17.7644856873       2.71206704367       2.78611438265       3.38406141733    
   4.62500000000      0.197129399008E-02   8.98060427429     -0.143854413904E-04   66.8805366707       17.9612085486       2.74610033478       2.81925339533       3.41525054418    
   4.64062500000      0.196977496548E-02   9.07982928762     -0.143462569472E-04   67.1747921708       18.1596585752       2.78034212564       2.85243924908       3.44704791290    
   4.65625000000      0.196824244782E-02   9.17992720233     -0.142983152311E-04   68.4768379748       18.3598544047       2.81477766347       2.88568003244       3.47946950643    
   4.67187500000      0.196669630782E-02   9.28090642858     -0.142429125989E-04   70.7841322491       18.5618128572       2.84939772834       2.91898533089       3.51252336935    
   4.68750000000      0.196513643240E-02   9.38277429075     -0.141816030698E-04   72.5226699385       18.7655485815       2.88419914514       2.95236685030       3.54620829531    
   4.70312500000      0.196356272637E-02   9.48553689271     -0.141160918913E-04   73.6058208309       18.9710737854       2.91918499410       2.98583918964       3.58051270897    
   4.71875000000      0.196197511358E-02   9.58919901902     -0.140481728787E-04   74.2447722585       19.1783980380       2.95436453404       3.01942068106       3.61541380393    
   4.73437500000      0.196037353721E-02   9.69376405115     -0.139796685392E-04   74.4023827956       19.3875281023       2.98975287646       3.05313415596       3.65087701873    
   4.75000000000      0.195875795874E-02   9.79923390833     -0.139123036123E-04   73.9786554443       19.5984678167       3.02537046009       3.08700747984       3.68685596840    
   4.76562500000      0.195712835585E-02   9.90560908028     -0.138475158450E-04   75.9016925027       19.8112181606       3.06124236633       3.12107375097       3.72329296298    
   4.78125000000      0.195548471937E-02   10.0128888502     -0.137862860302E-04   76.0133448261       20.0257777005       3.09739749852       3.15537113597       3.76012021575    
   4.79687500000      0.195382704928E-02   10.1210717500     -0.137290484996E-04   76.7218541330       20.2421435000       3.13386764472       3.18994234603       3.79726175923    
   4.81250000000      0.195215534953E-02   10.2301561516     -0.136756536537E-04   78.6254893925       20.4603123031       3.17068645909       3.22483373302       3.83463595945    
   4.82812500000      0.195046962148E-02   10.3401408072     -0.136253246094E-04   79.8934743854       20.6802816144       3.20788842256       3.26009398065       3.87215840400    
   4.84375000000      0.194876985632E-02   10.4510252230     -0.135766277770E-04   80.5071655031       20.9020504461       3.24550786422       3.29577243774       3.90974492108    
   4.85937500000      0.194705602719E-02   10.5628099450     -0.135275466033E-04   81.0343384459       21.1256198900       3.28357812122       3.33191723553       3.94731458827    
   4.87500000000      0.194532808214E-02   10.6754969401     -0.134756866827E-04   80.8047353210       21.3509938802       3.32213087588       3.36857335436       3.98479270987    
   4.89062500000      0.194358593842E-02   10.7890901439     -0.134185083649E-04   79.7712254203       21.5781802879       3.36119565235       3.40578075760       4.02211373398    
   4.90625000000      0.194182947818E-02   10.9035960391     -0.133534577611E-04   78.5733505730       21.8071920781       3.40079943265       3.44357268665       4.05922391978    
   4.92187500000      0.194005854586E-02   11.0190240363     -0.132779987075E-04   78.8888360934       22.0380480726       3.44096638818       3.48197424365       4.09608340447    
   4.93750000000      0.193827294763E-02   11.1353865011     -0.131896777568E-04   78.3921865050       22.2707730022       3.48171777345       3.52100139896       4.13266732871    
   4.95312500000      0.193647245439E-02   11.2526983822     -0.130863198403E-04   77.0175703028       22.5053967645       3.52307201692       3.56066049073       4.16896587459    
   4.96875000000      0.193465680969E-02   11.3709764751     -0.129662976530E-04   76.3363070428       22.7419529502       3.56504495499       3.60094819469       4.20498332544    
   4.98437500000      0.193282574355E-02   11.4902383980     -0.128287263563E-04   77.0395113244       22.9804767959       3.60765006505       3.64185190314       4.24073642976    
   5.00000000000      0.193097899174E-02   11.6105013452     -0.126734973967E-04   77.3900650170       23.2210026904       3.65089854533       3.68335044551       4.27625235436    
