   0.00000000000      0.917073504390E-02  0.375000000000     -0.320786354433E-07   1.67422498467      0.750000000000      0.967438849848E-01  0.965937151979E-01  0.181662399817    
  0.125000000000      0.916996830197E-02  0.380582760940     -0.320910048334E-07   1.73634364752      0.761165521880      0.986070493009E-01  0.984570345644E-01  0.183518677075    
  0.250000000000      0.916898839169E-02  0.387717644890     -0.321019859610E-07   1.79195874520      0.775435289781      0.101083350021      0.100934327034      0.185699967834    
  0.375000000000      0.916778567343E-02  0.396474802288     -0.321106201260E-07   1.84007533758      0.792949604577      0.104204042138      0.104056879089      0.188213881062    
  0.500000000000      0.916634822151E-02  0.406941030889     -0.321155528777E-07   1.87986524444      0.813882061777      0.108006161556      0.107861756567      0.191073112765    
  0.625000000000      0.916466176069E-02  0.419220245403     -0.321150469423E-07   1.91068284295      0.838440490806      0.112532245559      0.112391524280      0.194296475564    
  0.750000000000      0.916270989872E-02  0.433431787742     -0.321070331521E-07   1.93207294109      0.866863575485      0.117829294775      0.117693206913      0.197909286054    
  0.875000000000      0.916047470054E-02  0.449706240362     -0.320891885960E-07   1.94377175295      0.899412480724      0.123946861279      0.123816375714      0.201943003369    
   1.00000000000      0.915793756464E-02  0.468179028921     -0.320590207686E-07   1.94580818133      0.936358057842      0.130934358288      0.130810456399      0.206434214235    
   1.12500000000      0.915508027238E-02  0.488982762235     -0.320139293432E-07   1.97183459763      0.977965524471      0.138837919905      0.138721586755      0.211423255575    
   1.25000000000      0.915188602438E-02  0.512239669881     -0.319512144493E-07   2.09334663724       1.02447933976      0.147697297165      0.147589510363      0.216952862354    
   1.37500000000      0.914834028147E-02  0.538055470604     -0.318679998827E-07   2.24991790905       1.07611094121      0.157543291828      0.157445008276      0.223067170500    
   1.50000000000      0.914443128723E-02  0.566515566290     -0.317610441395E-07   2.42536985650       1.13303113258      0.168396104967      0.168308246140      0.229811215182    
   1.62500000000      0.914015023609E-02  0.597683816576     -0.316264223061E-07   2.61240705165       1.19536763315      0.180264775131      0.180188212093      0.237230829352    
   1.75000000000      0.913549113317E-02  0.631603555270     -0.314590788236E-07   2.80876054081       1.26320711054      0.193147676787      0.193083216565      0.245372661918    
   1.87500000000      0.913045044490E-02  0.668300122446     -0.312522701697E-07   3.00863860974       1.33660024489      0.207033894610      0.206982269731      0.254283958105    
   2.00000000000      0.912502665941E-02  0.707784047102     -0.309969297158E-07   3.21258062929       1.41556809420      0.221905198286      0.221867061085      0.264011787731    
   2.12500000000      0.911921986598E-02  0.750054083274     -0.306809854876E-07   3.41901439456       1.50010816655      0.237738306550      0.237714229255      0.274601547470    
   2.25000000000      0.911303143527E-02  0.795099505784     -0.302886393542E-07   3.63422070005       1.59019901157      0.254507131043      0.254497611706      0.286094763034    
   2.37500000000      0.910646384453E-02  0.842901344863     -0.297995730548E-07   3.85066658338       1.68580268973      0.272184717786      0.272190191010      0.298526436067    
   2.50000000000      0.909952065062E-02  0.893432539708     -0.291879855635E-07   4.07508848740       1.78686507942      0.290744653317      0.290765503754      0.311922382638    
   2.62500000000      0.909220657094E-02  0.946657303028     -0.284212924684E-07   4.31356954037       1.89331460606      0.310161777681      0.310198353659      0.326297171688    
   2.75000000000      0.908452758776E-02   1.00253031318     -0.274582309874E-07   4.56708987552       2.00506062635      0.330412148686      0.330464773291      0.341653391198    
   2.87500000000      0.907649094531E-02   1.06099668621     -0.262460047105E-07   4.83333222362       2.12199337242      0.351472317896      0.351541295525      0.357983072788    
   3.00000000000      0.906810486760E-02   1.12199399072     -0.247159585577E-07   5.10957458613       2.24398798144      0.373318071546      0.373403689302      0.375272229870    
