   0.00000000000      0.216133951617E-02  0.375000000000     -0.627077526970E-06   2.15537938882      0.750000000000      0.817339627247E-01  0.810133019040E-01  0.212252735371    
  0.625000000000E-01  0.216104611486E-02  0.379807038266     -0.627068932827E-06   2.14157861983      0.759614076533      0.842446367872E-01  0.835208050176E-01  0.212041596462    
  0.125000000000      0.216071563194E-02  0.385221618492     -0.627062197699E-06   2.12727955871      0.770443236984      0.870165842496E-01  0.862890592193E-01  0.211915975023    
  0.187500000000      0.216034501579E-02  0.391293736787     -0.627058006412E-06   2.11295005236      0.782587473574      0.900619993509E-01  0.893301952664E-01  0.211901542170    
  0.250000000000      0.215993081626E-02  0.398079918120     -0.627057103710E-06   2.17324305051      0.796159836239      0.933947292114E-01  0.926579763657E-01  0.212027212543    
  0.312500000000      0.215946916405E-02  0.405643554452     -0.627060284366E-06   2.24343198946      0.811287108905      0.970303319827E-01  0.962878544475E-01  0.212325368022    
  0.375000000000      0.215895576048E-02  0.414055072153     -0.627068378808E-06   2.32061509048      0.828110144306      0.100986075741      0.100236967945      0.212832028467    
  0.437500000000      0.215838588365E-02  0.423391831315     -0.627082233437E-06   2.40603711942      0.846783662629      0.105280853673      0.104524057152      0.213586920490    
  0.500000000000      0.215775441795E-02  0.433737642061     -0.627102684743E-06   2.50107410088      0.867475284122      0.109934988646      0.109169270864      0.214633382551    
  0.562500000000      0.215705591436E-02  0.445181777910     -0.627130526230E-06   2.60713134523      0.890363555819      0.114969901450      0.114193839227      0.216018037233    
  0.625000000000      0.215628468756E-02  0.457817384393     -0.627166467048E-06   2.72476413097      0.915634768785      0.120407624270      0.119619594800      0.217790165324    
  0.687500000000      0.215543495312E-02  0.471739232196     -0.627211081020E-06   2.85204512760      0.943478464392      0.126270156346      0.125468338941      0.220000736909    
  0.750000000000      0.215450100240E-02  0.487040851765     -0.627264744795E-06   2.99215083900      0.974081703530      0.132578682696      0.131761073859      0.222701095210    
  0.812500000000      0.215347740585E-02  0.503811202051     -0.627327564467E-06   3.16234640687       1.00762240410      0.139352706243      0.138517149518      0.225941346290    
  0.875000000000      0.215235922809E-02  0.522131146027     -0.627399292056E-06   3.31979024103       1.04426229205      0.146609172362      0.145753402541      0.229768571124    
  0.937500000000      0.215114223266E-02  0.542070094623     -0.627479236976E-06   3.51657009358       1.08414018925      0.154361683628      0.153483382746      0.234225028249    
   1.00000000000      0.214982305296E-02  0.563683204680     -0.627566182787E-06   3.72043598228       1.12736640936      0.162619903447      0.161716764030      0.239346537203    
   1.06250000000      0.214839930939E-02  0.587009458269     -0.627658324476E-06   3.91062102937       1.17401891654      0.171389226950      0.170459016727      0.245161214593    
   1.12500000000      0.214686966069E-02  0.612070820353     -0.627753244080E-06   4.15364386801       1.22414164071      0.180670759700      0.179711381769      0.251688678884    
   1.18750000000      0.214523378751E-02  0.638872504615     -0.627847940795E-06   4.38872818660       1.27774500923      0.190461599114      0.189471142400      0.258939763100    
   1.25000000000      0.214349231622E-02  0.667404218911     -0.627938925212E-06   4.63923886466       1.33480843782      0.200755371694      0.199732148123      0.266916699093    
   1.31250000000      0.214164669724E-02  0.697642149856     -0.628022377392E-06   4.86712567560       1.39528429971      0.211542950513      0.210485517263      0.275613682080    
   1.37500000000      0.213969905585E-02  0.729551397829     -0.628094357373E-06   5.10869587174       1.45910279566      0.222813265931      0.221720432914      0.285017698984    
   1.43750000000      0.213765203206E-02  0.763088585112     -0.628151046964E-06   5.35749341665       1.52617717022      0.234554127056      0.233424951191      0.295109506865    
   1.50000000000      0.213550862356E-02  0.798204412832     -0.628188995033E-06   5.59208415142       1.59640882566      0.246752987350      0.245586756056      0.305864669425    
   1.56250000000      0.213327204099E-02  0.834846014786     -0.628205335712E-06   5.86428393511       1.66969202957      0.259397609428      0.258193816062      0.317254589295    
   1.62500000000      0.213094558055E-02  0.872959029477     -0.628197949907E-06   6.15741094964       1.74591805895      0.272476606257      0.271234920137      0.329247503083    
   1.68750000000      0.212853251504E-02  0.912489374225     -0.628165544480E-06   6.45539085772       1.82497874845      0.285979855344      0.284700088593      0.341809430288    
   1.75000000000      0.212603600169E-02  0.953384752194     -0.628107629283E-06   6.72663372026       1.90676950439      0.299898796971      0.298580869903      0.354905085320    
   1.81250000000      0.212345900281E-02  0.995595955253     -0.628024378609E-06   6.99484358539       1.99119191051      0.314226636731      0.312870542958      0.368498775565    
   1.87500000000      0.212080421449E-02   1.03907804595     -0.627916369153E-06   7.31173118344       2.07815609191      0.328958476754      0.327564248720      0.382555320479    
   1.93750000000      0.211807399723E-02   1.08379151536     -0.627784190488E-06   7.58993924991       2.16758303072      0.344091400061      0.342659075393      0.397041039906    
   2.00000000000      0.211527030186E-02   1.12970352409     -0.627627926404E-06   7.85238738817       2.25940704819      0.359624529300      0.358154118175      0.411924876618    
   2.06250000000      0.211239458352E-02   1.17678934460     -0.627446507858E-06   8.19844088632       2.35357868920      0.375559075525      0.374050529295      0.427179739779    
   2.12500000000      0.210944769558E-02   1.22503413314     -0.627236944892E-06   8.47397602882       2.45006826628      0.391898384681      0.390351566129      0.442784182330    
   2.18750000000      0.210642975527E-02   1.27443516527     -0.626993462736E-06   8.79175670077       2.54887033054      0.408647977931      0.407062633833      0.458724553507    
   2.25000000000      0.210333997326E-02   1.32500465672     -0.626706605319E-06   9.14860978372       2.65000931344      0.425815564528      0.424191301427      0.474997790767    
   2.31250000000      0.210017644259E-02   1.37677324299     -0.626362454925E-06   9.39884713731       2.75354648599      0.443410979777      0.441747243916      0.491615019300    
   2.37500000000      0.209693588904E-02   1.42979407976     -0.625942304565E-06   9.84146625049       2.85958815951      0.461445965451      0.459742027528      0.508606086778    
   2.43750000000      0.209361339743E-02   1.48414733042     -0.625423366261E-06   10.1227636988       2.96829466085      0.479933674527      0.478188619941      0.526025035955    
   2.50000000000      0.209020214665E-02   1.53994452149     -0.624781189438E-06   10.6226689607       3.07988904298      0.498887770826      0.497100496287      0.543956254378    
   2.56250000000      0.208669320909E-02   1.59733187484     -0.623994401970E-06   10.8790184944       3.19466374968      0.518321037983      0.516490250826      0.562520586031    
   2.62500000000      0.208307549079E-02   1.65649130875     -0.623052247902E-06   11.5405472626       3.31298261750      0.538243531359      0.536367739314      0.581880038074    
   2.68750000000      0.207933590032E-02   1.71763757783     -0.621964177795E-06   12.0218941219       3.43527515565      0.558660549286      0.556738039568      0.602238988973    
   2.75000000000      0.207545982650E-02   1.78101035309     -0.620767710317E-06   12.4293112359       3.56202070618      0.579571098104      0.577599934115      0.623839320868    
   2.81250000000      0.207143196203E-02   1.84686079305     -0.619528581782E-06   13.2918517377       3.69372158610      0.600967793064      0.598945837282      0.646947162703    
   2.87500000000      0.206723742919E-02   1.91543302115     -0.618328793286E-06   13.9541318648       3.83086604230      0.622838808903      0.620763735284      0.671830476964    
   2.93750000000      0.206286307334E-02   1.98694249635     -0.617242118462E-06   14.5317059926       3.97388499269      0.645171756150      0.643041077673      0.698729662523    
   3.00000000000      0.205829871416E-02   2.06155534721     -0.616302173086E-06   15.3893121284       4.12311069442      0.667958698247      0.665769883045      0.727826765920    
   3.06250000000      0.205353809888E-02   2.13937305199     -0.615476171196E-06   16.2500936736       4.27874610398      0.691200723864      0.688951317595      0.759221010533    
   3.12500000000      0.204857933179E-02   2.22042529532     -0.614659818756E-06   16.9641713027       4.44085059064      0.714910004421      0.712597641762      0.792917649135    
   3.18750000000      0.204342468429E-02   2.30467289898     -0.613695936693E-06   17.5969275356       4.60934579795      0.739108548483      0.736730990031      0.828833360462    
   3.25000000000      0.203807983771E-02   2.39202112619     -0.612401751301E-06   18.2735041326       4.78404225238      0.763824965087      0.761380263940      0.866815897162    
   3.31250000000      0.203255271313E-02   2.48233956509     -0.610587302546E-06   18.8943209127       4.96467913019      0.789090929034      0.786577529949      0.906671106111    
   3.37500000000      0.202685213868E-02   2.57548292558     -0.608061969543E-06   19.2936227448       5.15096585115      0.814938515113      0.812355332565      0.948189077898    
   3.43750000000      0.202098665621E-02   2.67130993303     -0.604638300186E-06   19.8888516917       5.34261986607      0.841399966688      0.838746890573      0.991163075774    
   3.50000000000      0.201496366343E-02   2.76969852438     -0.600140548672E-06   20.2943991090       5.53939704876      0.868510709014      0.865789471594       1.03539834377    
   3.56250000000      0.200878890447E-02   2.87055338941     -0.594415940510E-06   20.4126888217       5.74110677881      0.896313477079      0.893528298391       1.08071161394    
   3.62500000000      0.200246626680E-02   2.97380588774     -0.587345504955E-06   20.2154199185       5.94761177548      0.924861050535      0.922019388760       1.12692544844    
   3.68750000000      0.199599782877E-02   3.07941421839     -0.578856211696E-06   20.2827990052       6.15882843678      0.954218597371      0.951332802654       1.17386281836    
   3.75000000000      0.198938393886E-02   3.18736659949     -0.568892739241E-06   20.1643875093       6.37473319899      0.984466111498      0.981555065756       1.22134542224    
   3.81250000000      0.198262312591E-02   3.29768064018     -0.557320266790E-06   20.0741186669       6.59536128036       1.01569709391       1.01278670422       1.26919684205    
   3.87500000000      0.197571202701E-02   3.41040090448     -0.543859419748E-06   20.1506881216       6.82080180895       1.04801320415       1.04513712228       1.31725057805    
   3.93750000000      0.196864558333E-02   3.52560203175     -0.528083996431E-06   19.9267932590       7.05120406350       1.08152007925       1.07872141123       1.36536054126    
   4.00000000000      0.196141744953E-02   3.64338688860     -0.509348110996E-06   20.0135993607       7.28677377720       1.11632326612       1.11365480684       1.41340881563    
   4.06250000000      0.195402075864E-02   3.76386422003     -0.486715560374E-06   19.8701520279       7.52772844007       1.15251758483       1.15003927307       1.46130736213    
   4.12500000000      0.194644972701E-02   3.88711476701     -0.459062130813E-06   19.4281920605       7.77422953402       1.19017185155       1.18794882640       1.50899408906    
   4.18750000000      0.193870206287E-02   4.01316475048     -0.425182646238E-06   19.5367532339       8.02632950096       1.22931925008       1.22742290538       1.55642259502    
   4.25000000000      0.193078136649E-02   4.14195680150     -0.383789814588E-06   20.5098313233       8.28391360300       1.26995327207       1.26846112935       1.60354240008    
   4.31250000000      0.192269883761E-02   4.27330386344     -0.333648300328E-06   21.8783383228       8.54660772688       1.31201989771       1.31101240028       1.65027156545    
   4.37500000000      0.191447400260E-02   4.40686076859     -0.273914678214E-06   24.1174416337       8.81372153718       1.35541454613       1.35497579734       1.69647042512    
   4.43750000000      0.190613376259E-02   4.54215803668     -0.204460851175E-06   25.8872444839       9.08431607336       1.40000465713       1.40023043506       1.74192294448    
   4.50000000000      0.189770871300E-02   4.67868620695     -0.125908822452E-06   27.8292447385       9.35737241390       1.44567548413       1.44668029379       1.78633042904    
   4.56250000000      0.188922651543E-02   4.81599632391     -0.395757277353E-07   29.2298073599       9.63199264783       1.49237494334       1.49428997331       1.82933140727    
   4.62500000000      0.188070373156E-02   4.95380852619      0.519810463936E-07   30.9679922728       9.90761705238       1.54013975242       1.54310061725       1.87056815652    
   4.68750000000      0.187213920527E-02   5.09211846517      0.144756879195E-06   31.9784105194       10.1842369303       1.58909508233       1.59321803666       1.90980534618    
   4.75000000000      0.186351289223E-02   5.23125002835      0.235220099453E-06   33.2149921705       10.4625000567       1.63941807369       1.64475985716       1.94707209751    
   4.81250000000      0.185479287522E-02   5.37177815803      0.322345281721E-06   34.5999173574       10.7435563161       1.69125419369       1.69775457423       1.98276939012    
   4.87500000000      0.184594984083E-02   5.51428330432      0.405956868997E-06   36.5951007148       11.0285666086       1.74458926489       1.75200992514       2.01768411428    
   4.93750000000      0.183697386677E-02   5.65900887243      0.483528796817E-06   38.1974365709       11.3180177449       1.79911383891       1.80700761948       2.05288741405    
   5.00000000000      0.182788585045E-02   5.80560832757      0.550769905987E-06   39.2388944855       11.6112166551       1.85415303773       1.86190549528       2.08954979456    
