   0.00000000000      0.416699380590E-02  0.500000000000     -0.218957181695E-17   2.16081647275       1.00000000000      0.863956813958E-01  0.863956813958E-01  0.327208637208    
  0.312500000000E-01  0.416566773912E-02  0.500339473098     -0.165685499896E-17   2.15560589257       1.00067894620      0.867043450665E-01  0.867043450665E-01  0.326930782965    
  0.625000000000E-01  0.416427625900E-02  0.500695692007     -0.218853755492E-17   2.15018534642       1.00139138401      0.870279040985E-01  0.870279040985E-01  0.326639883810    
  0.937500000000E-01  0.416281951189E-02  0.501068619267     -0.227975368499E-17   2.14455650762       1.00213723853      0.873662705299E-01  0.873662705299E-01  0.326336078207    
  0.125000000000      0.416129764940E-02  0.501458216064     -0.292398705365E-17   2.13872111059       1.00291643213      0.877193532863E-01  0.877193532863E-01  0.326019509492    
  0.156250000000      0.415971082845E-02  0.501864442230     -0.143291551415E-17   2.13268094987       1.00372888446      0.880870582439E-01  0.880870582439E-01  0.325690325742    
  0.187500000000      0.415805921126E-02  0.502287256229     -0.223475559838E-17   2.12643787911       1.00457451246      0.884692882938E-01  0.884692882938E-01  0.325348679641    
  0.218750000000      0.415634296546E-02  0.502726615155     -0.231067586422E-17   2.11999380998       1.00545323031      0.888659434082E-01  0.888659434082E-01  0.324994728339    
  0.250000000000      0.415456226401E-02  0.503182474724     -0.194277338587E-17   2.11335071113       1.00636494945      0.892769207079E-01  0.892769207079E-01  0.324628633309    
  0.281250000000      0.415271728534E-02  0.503654789265     -0.215057810844E-17   2.10651060703       1.00730957853      0.897021145317E-01  0.897021145317E-01  0.324250560201    
  0.312500000000      0.415080821329E-02  0.504143511710     -0.195549154015E-17   2.09947557687       1.00828702342      0.901414165065E-01  0.901414165065E-01  0.323860678697    
  0.343750000000      0.414883523719E-02  0.504648593591     -0.227940071309E-17   2.09224775335       1.00929718718      0.905947156190E-01  0.905947156190E-01  0.323459162353    
  0.375000000000      0.414679855190E-02  0.505169985025     -0.239829537551E-17   2.08482932151       1.01033997005      0.910618982887E-01  0.910618982887E-01  0.323046188448    
  0.406250000000      0.414469835781E-02  0.505707634714     -0.118326705718E-17   2.07722251753       1.01141526943      0.915428484419E-01  0.915428484419E-01  0.322621937830    
  0.437500000000      0.414253486088E-02  0.506261489927     -0.212026355870E-17   2.06942962745       1.01252297985      0.920374475867E-01  0.920374475867E-01  0.322186594753    
  0.468750000000      0.414030827271E-02  0.506831496497     -0.213800321467E-17   2.06145298593       1.01366299299      0.925455748887E-01  0.925455748887E-01  0.321740346720    
  0.500000000000      0.413801881054E-02  0.507417598814     -0.186608304616E-17   2.05329497497       1.01483519763      0.930671072482E-01  0.930671072482E-01  0.321283384317    
  0.531250000000      0.413566669728E-02  0.508019739808     -0.143141838951E-17   2.04495802258       1.01603947962      0.936019193774E-01  0.936019193774E-01  0.320815901053    
  0.562500000000      0.413325216157E-02  0.508637860952     -0.140780433574E-17   2.03644460148       1.01727572190      0.941498838792E-01  0.941498838792E-01  0.320338093193    
  0.593750000000      0.413077543777E-02  0.509271902242     -0.149731101108E-17   2.02775722777       1.01854380448      0.947108713254E-01  0.947108713254E-01  0.319850159592    
  0.625000000000      0.412823676607E-02  0.509921802199     -0.228484704645E-17   2.01889845954       1.01984360440      0.952847503368E-01  0.952847503368E-01  0.319352301526    
  0.656250000000      0.412563639242E-02  0.510587497853     -0.249161409940E-17   2.00987089551       1.02117499571      0.958713876625E-01  0.958713876625E-01  0.318844722528    
  0.687500000000      0.412297456864E-02  0.511268924740     -0.301720069594E-17   2.00067717368       1.02253784948      0.964706482605E-01  0.964706482605E-01  0.318327628219    
  0.718750000000      0.412025155243E-02  0.511966016890     -0.324044712164E-17   1.99131996986       1.02393203378      0.970823953782E-01  0.970823953782E-01  0.317801226134    
  0.750000000000      0.411746760737E-02  0.512678706827     -0.288228437105E-17   1.98180199634       1.02535741365      0.977064906327E-01  0.977064906327E-01  0.317265725561    
  0.781250000000      0.411462300297E-02  0.513406925553     -0.287225727065E-17   1.97212600040       1.02681385111      0.983427940921E-01  0.983427940921E-01  0.316721337368    
  0.812500000000      0.411171801471E-02  0.514150602548     -0.285180401433E-17   1.96229476291       1.02830120510      0.989911643561E-01  0.989911643561E-01  0.316168273836    
  0.843750000000      0.410875292403E-02  0.514909665762     -0.270867440311E-17   1.95231109693       1.02981933152      0.996514586370E-01  0.996514586370E-01  0.315606748488    
  0.875000000000      0.410572801837E-02  0.515684041610     -0.258394346242E-17   1.94217784617       1.03136808322      0.100323532840      0.100323532840      0.315036975930    
  0.906250000000      0.410264359121E-02  0.516473654964     -0.272171971664E-17   1.93189788363       1.03294730993      0.101007241644      0.101007241644      0.314459171676    
  0.937500000000      0.409949994203E-02  0.517278429153     -0.247685452385E-17   1.92147411010       1.03455685831      0.101702438583      0.101702438583      0.313873551988    
  0.968750000000      0.409629737640E-02  0.518098285956     -0.276342431244E-17   1.91090945270       1.03619657191      0.102408976122      0.102408976122      0.313280333711    
   1.00000000000      0.409303620592E-02  0.518933145597     -0.252057301233E-17   1.90020686344       1.03786629119      0.103126705743      0.103126705743      0.312679734111    
   1.03125000000      0.408971674830E-02  0.519782926749     -0.395375370405E-17   1.88936931775       1.03956585350      0.103855478018      0.103855478018      0.312071970714    
   1.06250000000      0.408633932730E-02  0.520647546523     -0.369789101043E-17   1.87839981298       1.04129509305      0.104595142689      0.104595142689      0.311457261145    
   1.09375000000      0.408290427281E-02  0.521526920475     -0.436118147392E-17   1.86730136700       1.04305384095      0.105345548750      0.105345548750      0.310835822975    
   1.12500000000      0.407941192076E-02  0.522420962600     -0.327849447677E-17   1.85607701671       1.04484192520      0.106106544518      0.106106544518      0.310207873564    
   1.15625000000      0.407586261321E-02  0.523329585332     -0.324939959068E-17   1.84472981657       1.04665917066      0.106877977712      0.106877977712      0.309573629908    
   1.18750000000      0.407225669829E-02  0.524252699551     -0.418730914735E-17   1.83326283716       1.04850539910      0.107659695531      0.107659695531      0.308933308489    
   1.21875000000      0.406859453022E-02  0.525190214577     -0.395071623709E-17   1.82167916375       1.05038042915      0.108451544725      0.108451544725      0.308287125126    
   1.25000000000      0.406487646929E-02  0.526142038176     -0.313937078966E-17   1.80998189482       1.05228407635      0.109253371671      0.109253371671      0.307635294834    
   1.28125000000      0.406110288182E-02  0.527108076567     -0.323404264242E-17   1.79817414068       1.05421615313      0.110065022445      0.110065022445      0.306978031677    
   1.31250000000      0.405727414021E-02  0.528088234420     -0.353116028086E-17   1.78625902199       1.05617646884      0.110886342894      0.110886342894      0.306315548632    
   1.34375000000      0.405339062285E-02  0.529082414865     -0.373890893878E-17   1.77423966839       1.05816482973      0.111717178707      0.111717178707      0.305648057451    
   1.37500000000      0.404945271413E-02  0.530090519497     -0.397573073685E-17   1.76211921706       1.06018103899      0.112557375484      0.112557375484      0.304975768528    
   1.40625000000      0.404546080441E-02  0.531112448386     -0.345149174498E-17   1.74990081135       1.06222489677      0.113406778806      0.113406778806      0.304298890773    
   1.43750000000      0.404141528998E-02  0.532148100078     -0.326760143364E-17   1.73758759938       1.06429620016      0.114265234300      0.114265234300      0.303617631478    
   1.46875000000      0.403731657305E-02  0.533197371613     -0.335047970353E-17   1.72518273270       1.06639474323      0.115132587706      0.115132587706      0.302932196201    
   1.50000000000      0.403316506166E-02  0.534260158528     -0.289036505971E-17   1.71268936489       1.06852031706      0.116008684942      0.116008684942      0.302242788644    
   1.53125000000      0.402896116969E-02  0.535336354873     -0.345780627164E-17   1.70011065026       1.07067270975      0.116893372168      0.116893372168      0.301549610537    
   1.56250000000      0.402470531678E-02  0.536425853217     -0.250973495078E-17   1.68744974250       1.07285170643      0.117786495846      0.117786495846      0.300852861526    
   1.59375000000      0.402039792830E-02  0.537528544668     -0.285724202885E-17   1.67470979339       1.07505708934      0.118687902801      0.118687902801      0.300152739067    
   1.62500000000      0.401603943528E-02  0.538644318881     -0.291936918590E-17   1.66189395150       1.07728863776      0.119597440282      0.119597440282      0.299449438318    
   1.65625000000      0.401163027436E-02  0.539773064077     -0.275874460323E-17   1.64900536090       1.07954612815      0.120514956018      0.120514956018      0.298743152041    
   1.68750000000      0.400717088773E-02  0.540914667055     -0.185168576774E-17   1.63604715994       1.08182933411      0.121440298275      0.121440298275      0.298034070505    
   1.71875000000      0.400266172304E-02  0.542069013215     -0.204159872105E-17   1.62302247997       1.08413802643      0.122373315910      0.122373315910      0.297322381394    
   1.75000000000      0.399810323338E-02  0.543235986569     -0.155952561522E-17   1.60993444416       1.08647197314      0.123313858425      0.123313858425      0.296608269719    
   1.78125000000      0.399349587715E-02  0.544415469763     -0.269963774462E-17   1.59678616630       1.08883093953      0.124261776017      0.124261776017      0.295891917729    
   1.81250000000      0.398884011802E-02  0.545607344100     -0.222959644286E-17   1.58359202560       1.09121468820      0.125216919631      0.125216919631      0.295173504837    
   1.84375000000      0.398413642484E-02  0.546811489554     -0.204565524845E-17   1.57053677933       1.09362297911      0.126179141005      0.126179141005      0.294453207543    
   1.87500000000      0.397938527155E-02  0.548027784798     -0.187325258820E-17   1.55769683129       1.09605556960      0.127148292721      0.127148292721      0.293731199356    
   1.90625000000      0.397458713707E-02  0.549256107224     -0.153077234381E-17   1.54506424606       1.09851221445      0.128124228246      0.128124228246      0.293007650732    
   1.93750000000      0.396974250526E-02  0.550496332967     -0.158467263755E-17   1.53430884524       1.10099266593      0.129106801978      0.129106801978      0.292282729010    
   1.96875000000      0.396485186478E-02  0.551748336930     -0.170793850724E-17   1.52663282904       1.10349667386      0.130095869290      0.130095869290      0.291556598349    
   2.00000000000      0.395991570901E-02  0.553011992808     -0.935966222347E-18   1.52058862057       1.10602398562      0.131091286567      0.131091286567      0.290829419674    
   2.03125000000      0.395493453592E-02  0.554287173119     -0.161196682123E-17   1.51579395879       1.10857434624      0.132092911246      0.132092911246      0.290101350626    
   2.06250000000      0.394990884801E-02  0.555573749223     -0.530391463369E-18   1.51208153163       1.11114749845      0.133100601856      0.133100601856      0.289372545512    
   2.09375000000      0.394483915216E-02  0.556871591361     -0.812623272241E-18   1.50921902798       1.11374318272      0.134114218049      0.134114218049      0.288643155263    
   2.12500000000      0.393972595953E-02  0.558180568674     -0.504398011866E-18   1.50710261902       1.11636113735      0.135133620638      0.135133620638      0.287913327398    
   2.15625000000      0.393456978545E-02  0.559500549238     -0.683634479573E-18   1.50556990753       1.11900109848      0.136158671628      0.136158671628      0.287183205981    
   2.18750000000      0.392937114930E-02  0.560831400094     -0.372640009349E-18   1.50479485868       1.12166280019      0.137189234248      0.137189234248      0.286452931597    
   2.21875000000      0.392413057435E-02  0.562172987279     -0.963375417804E-18   1.50441740139       1.12434597456      0.138225172979      0.138225172979      0.285722641321    
   2.25000000000      0.391884858772E-02  0.563525175858     -0.118769363900E-17   1.50463999661       1.12705035172      0.139266353582      0.139266353582      0.284992468695    
   2.28125000000      0.391352572015E-02  0.564887829956     -0.134371138925E-17   1.50510296198       1.12977565991      0.140312643124      0.140312643124      0.284262543707    
   2.31250000000      0.390816250594E-02  0.566260812793     -0.123221676083E-17   1.50618925554       1.13252162559      0.141363910007      0.141363910007      0.283532992780    
   2.34375000000      0.390275948279E-02  0.567643986718     -0.147830623838E-17   1.50740233211       1.13528797344      0.142420023983      0.142420023983      0.282803938751    
   2.37500000000      0.389731719169E-02  0.569037213240     -0.107126957439E-17   1.50908460341       1.13807442648      0.143480856184      0.143480856184      0.282075500872    
   2.40625000000      0.389183617673E-02  0.570440353070     -0.122537218887E-17   1.51100682473       1.14088070614      0.144546279137      0.144546279137      0.281347794796    
   2.43750000000      0.388631698501E-02  0.571853266151     -0.543664238032E-18   1.51305737033       1.14370653230      0.145616166784      0.145616166784      0.280620932583    
   2.46875000000      0.388076016647E-02  0.573275811697     -0.654159484295E-18   1.51562263321       1.14655162339      0.146690394501      0.146690394501      0.279895022695    
   2.50000000000      0.387516627376E-02  0.574707848230     -0.314414579885E-18   1.51817138051       1.14941569646      0.147768839112      0.147768839112      0.279170170006    
   2.53125000000      0.386953586210E-02  0.576149233616     -0.678758713132E-18   1.52098840974       1.15229846723      0.148851378904      0.148851378904      0.278446475808    
   2.56250000000      0.386386948909E-02  0.577599825104     -0.131120084908E-17   1.52452456999       1.15519965021      0.149937893641      0.149937893641      0.277724037822    
   2.59375000000      0.385816771464E-02  0.579059479365     -0.395104979727E-18   1.53273197063       1.15811895873      0.151028264575      0.151028264575      0.277002950215    
   2.62500000000      0.385243110073E-02  0.580528052526     -0.118989461106E-17   1.54092354096       1.16105610505      0.152122374455      0.152122374455      0.276283303616    
   2.65625000000      0.384666021132E-02  0.582005400215     -0.181200142561E-17   1.54914024881       1.16401080043      0.153220107539      0.153220107539      0.275565185136    
   2.68750000000      0.384085561217E-02  0.583491377596     -0.136972856575E-17   1.55768262880       1.16698275519      0.154321349602      0.154321349602      0.274848678393    
   2.71875000000      0.383501787071E-02  0.584985839410     -0.112456880867E-17   1.56621181931       1.16997167882      0.155425987938      0.155425987938      0.274133863535    
   2.75000000000      0.382914755585E-02  0.586488640015     -0.103723612140E-17   1.57472711297       1.17297728003      0.156533911370      0.156533911370      0.273420817274    
   2.78125000000      0.382324523785E-02  0.587999633423     -0.126539625909E-17   1.58322780652       1.17599926685      0.157645010255      0.157645010255      0.272709612912    
   2.81250000000      0.381731148816E-02  0.589518673343     -0.215859990085E-17   1.59171320099       1.17903734669      0.158759176483      0.158759176483      0.272000320378    
   2.84375000000      0.381134687926E-02  0.591045613222     -0.194262813853E-17   1.60018260201       1.18209122644      0.159876303480      0.159876303480      0.271293006262    
   2.87500000000      0.380535198450E-02  0.592580306279     -0.209300665584E-17   1.60888060695       1.18516061256      0.160996286211      0.160996286211      0.270587733856    
   2.90625000000      0.379932737797E-02  0.594122605552     -0.225085140512E-17   1.61759091644       1.18824521110      0.162119021180      0.162119021180      0.269884563192    
   2.93750000000      0.379327363428E-02  0.595672363936     -0.210708946130E-17   1.62628037204       1.19134472787      0.163244406424      0.163244406424      0.269183551087    
   2.96875000000      0.378719132848E-02  0.597229434220     -0.230053549071E-17   1.63494820904       1.19445886844      0.164372341517      0.164372341517      0.268484751186    
   3.00000000000      0.378108103585E-02  0.598793669133     -0.245197536981E-17   1.64367391650       1.19758733827      0.165502727562      0.165502727562      0.267788214009    
   3.03125000000      0.377494333177E-02  0.600364921379     -0.283620787383E-17   1.65263767146       1.20072984276      0.166635467190      0.166635467190      0.267093986999    
   3.06250000000      0.376877879154E-02  0.601943043678     -0.227516224635E-17   1.66166370107       1.20388608736      0.167770464553      0.167770464553      0.266402114573    
   3.09375000000      0.376258799025E-02  0.603527888807     -0.216046456916E-17   1.67067016833       1.20705577761      0.168907625317      0.168907625317      0.265712638174    
   3.12500000000      0.375637150262E-02  0.605119309640     -0.207758147417E-17   1.67965630400       1.21023861928      0.170046856659      0.170046856659      0.265025596322    
   3.15625000000      0.375012990284E-02  0.606717159185     -0.273417660283E-17   1.68862134414       1.21343431837      0.171188067257      0.171188067257      0.264341024672    
   3.18750000000      0.374386376440E-02  0.608321290624     -0.289723905374E-17   1.69756453041       1.21664258125      0.172331167279      0.172331167279      0.263658956066    
   3.21875000000      0.373757365999E-02  0.609931557353     -0.271776078363E-17   1.70648511026       1.21986311471      0.173476068380      0.173476068380      0.262979420594    
   3.25000000000      0.373126016130E-02  0.611547813019     -0.340363111543E-17   1.71538233719       1.22309562604      0.174622683685      0.174622683685      0.262302445648    
   3.28125000000      0.372492383888E-02  0.613169911558     -0.316979479133E-17   1.72438248109       1.22633982312      0.175770927786      0.175770927786      0.261628055987    
   3.31250000000      0.371856526201E-02  0.614797707235     -0.294787080609E-17   1.73367136157       1.22959541447      0.176920716722      0.176920716722      0.260956273792    
   3.34375000000      0.371218499856E-02  0.616431054679     -0.304538945081E-17   1.74293971568       1.23286210936      0.178071967974      0.178071967974      0.260287118731    
   3.37500000000      0.370578361481E-02  0.618069808920     -0.284443069656E-17   1.75218678497       1.23613961784      0.179224600451      0.179224600451      0.259620608018    
   3.40625000000      0.369936167533E-02  0.619713825425     -0.316260663159E-17   1.76141181680       1.23942765085      0.180378534474      0.180378534474      0.258956756477    
   3.43750000000      0.369291974286E-02  0.621362960139     -0.288971790947E-17   1.77061406444       1.24272592028      0.181533691765      0.181533691765      0.258295576609    
   3.46875000000      0.368645837811E-02  0.623017069514     -0.336257920974E-17   1.77979278739       1.24603413903      0.182689995434      0.182689995434      0.257637078647    
   3.50000000000      0.367997813971E-02  0.624676010546     -0.315899119820E-17   1.78894725148       1.24935202109      0.183847369958      0.183847369958      0.256981270630    
   3.53125000000      0.367347958398E-02  0.626339640811     -0.319643290198E-17   1.79807672916       1.25267928162      0.185005741174      0.185005741174      0.256328158462    
   3.56250000000      0.366696326489E-02  0.628007818498     -0.306416823079E-17   1.80718049965       1.25601563700      0.186165036260      0.186165036260      0.255677745978    
   3.59375000000      0.366042973386E-02  0.629680402442     -0.285652972784E-17   1.81660161861       1.25936080488      0.187325183715      0.187325183715      0.255030035011    
   3.62500000000      0.365387953966E-02  0.631357252156     -0.321964738508E-17   1.82611222511       1.26271450431      0.188486113350      0.188486113350      0.254385025455    
   3.65625000000      0.364731322830E-02  0.633038227866     -0.318894923803E-17   1.83559990589       1.26607645573      0.189647756266      0.189647756266      0.253742715333    
   3.68750000000      0.364073134286E-02  0.634723190537     -0.365019125683E-17   1.84506392540       1.26944638107      0.190810044839      0.190810044839      0.253103100860    
   3.71875000000      0.363413442343E-02  0.636412001911     -0.348204547814E-17   1.85450355450       1.27282400382      0.191972912700      0.191972912700      0.252466176511    
   3.75000000000      0.362752300696E-02  0.638104524528     -0.418347480484E-17   1.86391807065       1.27620904906      0.193136294722      0.193136294722      0.251831935084    
   3.78125000000      0.362089762713E-02  0.639800621765     -0.317900441105E-17   1.87330675810       1.27960124353      0.194300126999      0.194300126999      0.251200367767    
   3.81250000000      0.361425881427E-02  0.641500157858     -0.333183825760E-17   1.88266890805       1.28300031572      0.195464346828      0.195464346828      0.250571464202    
   3.84375000000      0.360760709523E-02  0.643202997930     -0.316397533600E-17   1.89200381884       1.28640599586      0.196628892690      0.196628892690      0.249945212550    
   3.87500000000      0.360094299330E-02  0.644909008024     -0.330283080783E-17   1.90131079609       1.28981801605      0.197793704234      0.197793704234      0.249321599556    
   3.90625000000      0.359426702808E-02  0.646618055122     -0.393897611496E-17   1.91071013352       1.29323611024      0.198958722256      0.198958722256      0.248700610611    
   3.93750000000      0.358757971536E-02  0.648330007177     -0.283916753404E-17   1.92043525734       1.29666001435      0.200123888679      0.200123888679      0.248082229818    
   3.96875000000      0.358088156710E-02  0.650044733133     -0.311324542603E-17   1.93013515997       1.30008946627      0.201289146540      0.201289146540      0.247466440053    
   4.00000000000      0.357417309124E-02  0.651762102952     -0.281041654985E-17   1.93980912950       1.30352420590      0.202454439962      0.202454439962      0.246853223029    
   4.03125000000      0.356745479169E-02  0.653481987638     -0.279938096709E-17   1.94945646091       1.30696397528      0.203619714142      0.203619714142      0.246242559354    
   4.06250000000      0.356072716818E-02  0.655204259255     -0.244632871970E-17   1.95907645622       1.31040851851      0.204784915329      0.204784915329      0.245634428598    
   4.09375000000      0.355399071622E-02  0.656928790956     -0.229664220784E-17   1.96866842467       1.31385758191      0.205949990803      0.205949990803      0.245028809350    
   4.12500000000      0.354724592700E-02  0.658655456997     -0.268117055586E-17   1.97823168280       1.31731091399      0.207114888860      0.207114888860      0.244425679276    
   4.15625000000      0.354049328730E-02  0.660384132761     -0.272128181018E-17   1.98776555466       1.32076826552      0.208279558789      0.208279558789      0.243825015183    
   4.18750000000      0.353373327942E-02  0.662114694778     -0.245938993500E-17   1.99726937193       1.32422938956      0.209443950853      0.209443950853      0.243226793073    
   4.21875000000      0.352696638113E-02  0.663847020741     -0.299928931343E-17   2.00674247401       1.32769404148      0.210608016270      0.210608016270      0.242630988200    
   4.25000000000      0.352019306556E-02  0.665580989525     -0.337629088919E-17   2.01618420823       1.33116197905      0.211771707197      0.211771707197      0.242037575132    
   4.28125000000      0.351341380119E-02  0.667316481204     -0.336771212322E-17   2.02590177563       1.33463296241      0.212934976703      0.212934976703      0.241446527798    
   4.31250000000      0.350662905173E-02  0.669053377067     -0.397588339332E-17   2.03577483211       1.33810675413      0.214097778758      0.214097778758      0.240857819550    
   4.34375000000      0.349983927607E-02  0.670791559635     -0.353150172374E-17   2.04561908833       1.34158311927      0.215260068210      0.215260068210      0.240271423214    
   4.37500000000      0.349304492827E-02  0.672530912672     -0.329589991651E-17   2.05543387050       1.34506182534      0.216421800765      0.216421800765      0.239687311142    
   4.40625000000      0.348624645745E-02  0.674271321203     -0.327686963546E-17   2.06521851232       1.34854264241      0.217582932970      0.217582932970      0.239105455263    
   4.43750000000      0.347944430776E-02  0.676012671522     -0.268278960277E-17   2.07497235504       1.35202534304      0.218743422193      0.218743422193      0.238525827136    
   4.46875000000      0.347263891835E-02  0.677754851211     -0.308269822651E-17   2.08469474762       1.35550970242      0.219903226606      0.219903226606      0.237948397998    
   4.50000000000      0.346583072330E-02  0.679497749143     -0.235361579694E-17   2.09438504683       1.35899549829      0.221062305164      0.221062305164      0.237373138815    
   4.53125000000      0.345902015159E-02  0.681241255501     -0.340547021521E-17   2.10404261736       1.36248251100      0.222220617589      0.222220617589      0.236800020324    
   4.56250000000      0.345220762706E-02  0.682985261782     -0.306898064410E-17   2.11382012943       1.36597052356      0.223378124348      0.223378124348      0.236229013086    
   4.59375000000      0.344539356837E-02  0.684729660806     -0.274295664803E-17   2.12379912196       1.36945932161      0.224534786640      0.224534786640      0.235660087527    
   4.62500000000      0.343857838898E-02  0.686474346731     -0.263616786976E-17   2.13375268897       1.37294869346      0.225690566375      0.225690566375      0.235093213982    
   4.65625000000      0.343176249710E-02  0.688219215052     -0.239181912666E-17   2.14368025687       1.37643843010      0.226845426156      0.226845426156      0.234528362740    
   4.68750000000      0.342494629569E-02  0.689964162612     -0.237825594754E-17   2.15358125922       1.37992832522      0.227999329262      0.227999329262      0.233965504088    
   4.71875000000      0.341813018242E-02  0.691709087610     -0.375292575352E-17   2.16345513681       1.38341817522      0.229152239633      0.229152239633      0.233404608344    
   4.75000000000      0.341131454964E-02  0.693453889602     -0.310517085674E-17   2.17330133776       1.38690777920      0.230304121849      0.230304121849      0.232845645905    
   4.78125000000      0.340449978438E-02  0.695198469508     -0.258909414777E-17   2.18311931762       1.39039693902      0.231454941113      0.231454941113      0.232288587281    
   4.81250000000      0.339768626833E-02  0.696942729616     -0.253138449485E-17   2.19290853941       1.39388545923      0.232604663241      0.232604663241      0.231733403134    
   4.84375000000      0.339087437782E-02  0.698686573586     -0.261711008242E-17   2.20266847370       1.39737314717      0.233753254637      0.233753254637      0.231180064311    
   4.87500000000      0.338406448383E-02  0.700429906448     -0.286700924762E-17   2.21239859870       1.40085981290      0.234900682282      0.234900682282      0.230628541885    
   4.90625000000      0.337725695194E-02  0.702172634612     -0.314836082035E-17   2.22240314010       1.40434526922      0.236046913715      0.236046913715      0.230078807181    
   4.93750000000      0.337045214237E-02  0.703914665861     -0.296410164562E-17   2.23257006270       1.40782933172      0.237191917022      0.237191917022      0.229530831817    
   4.96875000000      0.336365040997E-02  0.705655909356     -0.359686697412E-17   2.24270931849       1.41131181871      0.238335660814      0.238335660814      0.228984587728    
   5.00000000000      0.335685210419E-02  0.707396275637     -0.340025666302E-17   2.25282036037       1.41479255127      0.239478114218      0.239478114218      0.228440047201    
   5.03125000000      0.335005756911E-02  0.709135676617     -0.361370272623E-17   2.26290264848       1.41827135323      0.240619246857      0.240619246857      0.227897182904    
   5.06250000000      0.334326714344E-02  0.710874025587     -0.317032434656E-17   2.27295565027       1.42174805117      0.241759028838      0.241759028838      0.227355967911    
   5.09375000000      0.333648116054E-02  0.712611237211     -0.343090040639E-17   2.28297884055       1.42522247442      0.242897430740      0.242897430740      0.226816375731    
   5.12500000000      0.332969994839E-02  0.714347227522     -0.352586931413E-17   2.29297170158       1.42869445504      0.244034423593      0.244034423593      0.226278380336    
   5.15625000000      0.332292382963E-02  0.716081913923     -0.341106486269E-17   2.30293372313       1.43216382785      0.245169978871      0.245169978871      0.225741956181    
   5.18750000000      0.331615312160E-02  0.717815215180     -0.348834798220E-17   2.31286440253       1.43563043036      0.246304068474      0.246304068474      0.225207078231    
   5.21875000000      0.330938813629E-02  0.719547051419     -0.333364864364E-17   2.32276324469       1.43909410284      0.247436664718      0.247436664718      0.224673721983    
   5.25000000000      0.330262918042E-02  0.721277344122     -0.349241685061E-17   2.33262976221       1.44255468824      0.248567740319      0.248567740319      0.224141863484    
   5.28125000000      0.329587655542E-02  0.723006016122     -0.358396450480E-17   2.34246347539       1.44601203224      0.249697268381      0.249697268381      0.223611479359    
   5.31250000000      0.328913055747E-02  0.724732991596     -0.395456364708E-17   2.35226391230       1.44946598319      0.250825222387      0.250825222387      0.223082546821    
   5.34375000000      0.328239147754E-02  0.726458196059     -0.429277353344E-17   2.36203060878       1.45291639212      0.251951576182      0.251951576182      0.222555043696    
   5.37500000000      0.327565960136E-02  0.728181556360     -0.434739700215E-17   2.37187670348       1.45636311272      0.253076303962      0.253076303962      0.222028948437    
   5.40625000000      0.326893520952E-02  0.729903000672     -0.422497233359E-17   2.38208446998       1.45980600134      0.254199380265      0.254199380265      0.221504240141    
   5.43750000000      0.326221857744E-02  0.731622458485     -0.431272969334E-17   2.39226034906       1.46324491697      0.255320779960      0.255320779960      0.220980898565    
   5.46875000000      0.325550997543E-02  0.733339860600     -0.413561344575E-17   2.40240384835       1.46667972120      0.256440478231      0.256440478231      0.220458904138    
   5.50000000000      0.324880966871E-02  0.735055139118     -0.395896233660E-17   2.41251448295       1.47011027824      0.257558450572      0.257558450572      0.219938237975    
   5.53125000000      0.324211791748E-02  0.736768227435     -0.427453804512E-17   2.42259177546       1.47353645487      0.258674672772      0.258674672772      0.219418881890    
   5.56250000000      0.323543497688E-02  0.738479060228     -0.419839152751E-17   2.43263525599       1.47695812046      0.259789120910      0.259789120910      0.218900818408    
   5.59375000000      0.322876109711E-02  0.740187573451     -0.399987990380E-17   2.44264446224       1.48037514690      0.260901771339      0.260901771339      0.218384030773    
   5.62500000000      0.322209652340E-02  0.741893704320     -0.372358246348E-17   2.45261893953       1.48378740864      0.262012600681      0.262012600681      0.217868502957    
   5.65625000000      0.321544149610E-02  0.743597391308     -0.346563357754E-17   2.46255824080       1.48719478262      0.263121585818      0.263121585818      0.217354219673    
   5.68750000000      0.320879625070E-02  0.745298574131     -0.324421384078E-17   2.47246192668       1.49059714826      0.264228703878      0.264228703878      0.216841166376    
   5.71875000000      0.320216101786E-02  0.746997193738     -0.377025761003E-17   2.48232956550       1.49399438748      0.265333932231      0.265333932231      0.216329329275    
   5.75000000000      0.319553602347E-02  0.748693192302     -0.297527459640E-17   2.49216073332       1.49738638460      0.266437248482      0.266437248482      0.215818695338    
   5.78125000000      0.318892148869E-02  0.750386513205     -0.293153637138E-17   2.50195501396       1.50077302641      0.267538630456      0.267538630456      0.215309252293    
   5.81250000000      0.318231763000E-02  0.752077101030     -0.285757897848E-17   2.51176814354       1.50415420206      0.268638056196      0.268638056196      0.214800988638    
   5.84375000000      0.317572465923E-02  0.753764901548     -0.326892231789E-17   2.52203088445       1.50752980310      0.269735503954      0.269735503954      0.214293893641    
   5.87500000000      0.316914278361E-02  0.755449861705     -0.339542095153E-17   2.53226442679       1.51089972341      0.270830952182      0.270830952182      0.213787957342    
   5.90625000000      0.316257220585E-02  0.757131929613     -0.362553805471E-17   2.54246838582       1.51426385923      0.271924379527      0.271924379527      0.213283170558    
   5.93750000000      0.315601312414E-02  0.758811054531     -0.340889196181E-17   2.55264238360       1.51762210906      0.273015764825      0.273015764825      0.212779524882    
   5.96875000000      0.314946573222E-02  0.760487186862     -0.359674898254E-17   2.56278604902       1.52097437372      0.274105087090      0.274105087090      0.212277012682    
   6.00000000000      0.314293021945E-02  0.762160278130     -0.366331440404E-17   2.57289901782       1.52432055626      0.275192325512      0.275192325512      0.211775627105    
   6.03125000000      0.313640677084E-02  0.763830280974     -0.299713656922E-17   2.58298093254       1.52766056195      0.276277459451      0.276277459451      0.211275362072    
   6.06250000000      0.312989556709E-02  0.765497149134     -0.329622743318E-17   2.59303144263       1.53099429827      0.277360468429      0.277360468429      0.210776212277    
   6.09375000000      0.312339678467E-02  0.767160837435     -0.357197969645E-17   2.60305020438       1.53432167487      0.278441332124      0.278441332124      0.210278173187    
   6.12500000000      0.311691059584E-02  0.768821301775     -0.386726093052E-17   2.61303688096       1.53764260355      0.279520030368      0.279520030368      0.209781241038    
   6.15625000000      0.311043716874E-02  0.770478499112     -0.431619932150E-17   2.62299114241       1.54095699822      0.280596543141      0.280596543141      0.209285412830    
   6.18750000000      0.310397666742E-02  0.772132387450     -0.493296444099E-17   2.63291266568       1.54426477490      0.281670850563      0.281670850563      0.208790686324    
   6.21875000000      0.309752925189E-02  0.773782925826     -0.438800968412E-17   2.64289584112       1.54756585165      0.282742932894      0.282742932894      0.208297060037    
   6.25000000000      0.309109507819E-02  0.775430074294     -0.441110518671E-17   2.65324843458       1.55086014859      0.283812770528      0.283812770528      0.207804533237    
   6.28125000000      0.308467429842E-02  0.777073793914     -0.432673995470E-17   2.66356950029       1.55414758783      0.284880343988      0.284880343988      0.207313105939    
   6.31250000000      0.307826706083E-02  0.778714046737     -0.455558502091E-17   2.67385868544       1.55742809347      0.285945633922      0.285945633922      0.206822778893    
   6.34375000000      0.307187350985E-02  0.780350795789     -0.494486175076E-17   2.68411564387       1.56070159158      0.287008621102      0.287008621102      0.206333553585    
   6.37500000000      0.306549378613E-02  0.781984005060     -0.482764072650E-17   2.69434003611       1.56396801012      0.288069286419      0.288069286419      0.205845432223    
   6.40625000000      0.305912802665E-02  0.783613639489     -0.476218464428E-17   2.70453152933       1.56722727898      0.289127610879      0.289127610879      0.205358417732    
   6.43750000000      0.305277636469E-02  0.785239664949     -0.531017379882E-17   2.71468979739       1.57047932990      0.290183575601      0.290183575601      0.204872513748    
   6.46875000000      0.304643892999E-02  0.786862048234     -0.512947842473E-17   2.72481452085       1.57372409647      0.291237161815      0.291237161815      0.204387724604    
   6.50000000000      0.304011584870E-02  0.788480757043     -0.492900638943E-17   2.73490538695       1.57696151409      0.292288350859      0.292288350859      0.203904055325    
   6.53125000000      0.303380724352E-02  0.790095759970     -0.528535509192E-17   2.74496208959       1.58019151994      0.293337124177      0.293337124177      0.203421511617    
   6.56250000000      0.302751323370E-02  0.791707026484     -0.475992567078E-17   2.75498432936       1.58341405297      0.294383463313      0.294383463313      0.202940099858    
   6.59375000000      0.302123393512E-02  0.793314526921     -0.457395993914E-17   2.76497181353       1.58662905384      0.295427349917      0.295427349917      0.202459827088    
   6.62500000000      0.301496946033E-02  0.794918232467     -0.513724272728E-17   2.77492425600       1.58983646493      0.296468765735      0.296468765735      0.201980700996    
   6.65625000000      0.300871991863E-02  0.796518115142     -0.400864866877E-17   2.78484137737       1.59303623028      0.297507692615      0.297507692615      0.201502729912    
   6.68750000000      0.300248541610E-02  0.798114147790     -0.404424651952E-17   2.79472290485       1.59622829558      0.298544112499      0.298544112499      0.201025922792    
   6.71875000000      0.299626605565E-02  0.799706304064     -0.467578019295E-17   2.80456857233       1.59941260813      0.299578007425      0.299578007425      0.200550289214    
   6.75000000000      0.299006193712E-02  0.801294558410     -0.473451277294E-17   2.81437812029       1.60258911682      0.300609359527      0.300609359527      0.200075839355    
   6.78125000000      0.298387315725E-02  0.802878886056     -0.462059487776E-17   2.82415129582       1.60575777211      0.301638151033      0.301638151033      0.199602583990    
   6.81250000000      0.297769980982E-02  0.804459262996     -0.460130332042E-17   2.83388785262       1.60891852599      0.302664364262      0.302664364262      0.199130534472    
   6.84375000000      0.297154198567E-02  0.806035665980     -0.458325275928E-17   2.84358755095       1.61207133196      0.303687981628      0.303687981628      0.198659702723    
   6.87500000000      0.296539977272E-02  0.807608072494     -0.491159856216E-17   2.85325015764       1.61521614499      0.304708985637      0.304708985637      0.198190101221    
   6.90625000000      0.295927325608E-02  0.809176460755     -0.483554690517E-17   2.86290999761       1.61835292151      0.305727358885      0.305727358885      0.197721742984    
   6.93750000000      0.295316251806E-02  0.810740809690     -0.394212077393E-17   2.87299211269       1.62148161938      0.306743084064      0.306743084064      0.197254641562    
   6.96875000000      0.294706763822E-02  0.812301098927     -0.468227795546E-17   2.88303782423       1.62460219785      0.307756143954      0.307756143954      0.196788811019    
   7.00000000000      0.294098869348E-02  0.813857308781     -0.412316323551E-17   2.89308348607       1.62771461756      0.308766521430      0.308766521430      0.196324265921    
   7.03125000000      0.293492575809E-02  0.815409420242     -0.440614604183E-17   2.90321463135       1.63081884048      0.309774199459      0.309774199459      0.195861021323    
   7.06250000000      0.292887890372E-02  0.816957414959     -0.497614410483E-17   2.91331515221       1.63391482992      0.310779161102      0.310779161102      0.195399092755    
   7.09375000000      0.292284819954E-02  0.818501275230     -0.417373929767E-17   2.92338483781       1.63700255046      0.311781389511      0.311781389511      0.194938496207    
   7.12500000000      0.291683371220E-02  0.820040983989     -0.441206797950E-17   2.93342348299       1.64008196798      0.312780867937      0.312780867937      0.194479248115    
   7.15625000000      0.291083550594E-02  0.821576524793     -0.439060638784E-17   2.94343088818       1.64315304959      0.313777579723      0.313777579723      0.194021365347    
   7.18750000000      0.290485364259E-02  0.823107881808     -0.472822404690E-17   2.95340685946       1.64621576362      0.314771508308      0.314771508308      0.193564865192    
   7.21875000000      0.289888818168E-02  0.824635039801     -0.469514771156E-17   2.96335120848       1.64927007960      0.315762637231      0.315762637231      0.193109765338    
   7.25000000000      0.289293918043E-02  0.826157984123     -0.462133757932E-17   2.97326375245       1.65231596825      0.316750950129      0.316750950129      0.192656083866    
   7.28125000000      0.288700669380E-02  0.827676700700     -0.491764681017E-17   2.98353692947       1.65535340140      0.317736430735      0.317736430735      0.192203839229    
   7.31250000000      0.288109077457E-02  0.829191176021     -0.515661501409E-17   2.99385697229       1.65838235204      0.318719062889      0.318719062889      0.191753050243    
   7.34375000000      0.287519147338E-02  0.830701397126     -0.488152569741E-17   3.00414569512       1.66140279425      0.319698830529      0.319698830529      0.191303736067    
   7.37500000000      0.286930883875E-02  0.832207351592     -0.498290743826E-17   3.01440288709       1.66441470318      0.320675717700      0.320675717700      0.190855916192    
   7.40625000000      0.286344291714E-02  0.833709027526     -0.503226816884E-17   3.02462834279       1.66741805505      0.321649708550      0.321649708550      0.190409610425    
   7.43750000000      0.285759375298E-02  0.835206413550     -0.514782253028E-17   3.03482186232       1.67041282710      0.322620787337      0.322620787337      0.189964838877    
   7.46875000000      0.285176138875E-02  0.836699498794     -0.475135027886E-17   3.04498325120       1.67339899759      0.323588938426      0.323588938426      0.189521621942    
   7.50000000000      0.284594586497E-02  0.838188272879     -0.494495478859E-17   3.05511232040       1.67637654576      0.324554146295      0.324554146295      0.189079980290    
   7.53125000000      0.284014722031E-02  0.839672725914     -0.478680450815E-17   3.06520888627       1.67934545183      0.325516395533      0.325516395533      0.188639934848    
   7.56250000000      0.283436549155E-02  0.841152848477     -0.564146600764E-17   3.07527277056       1.68230569695      0.326475670845      0.326475670845      0.188201506786    
   7.59375000000      0.282860071368E-02  0.842628631611     -0.570614028706E-17   3.08530380038       1.68525726322      0.327431957053      0.327431957053      0.187764717505    
   7.62500000000      0.282285291992E-02  0.844100066812     -0.563773061570E-17   3.09530180817       1.68820013362      0.328385239097      0.328385239097      0.187329588618    
   7.65625000000      0.281712214178E-02  0.845567146018     -0.557082016901E-17   3.10526663168       1.69113429204      0.329335502038      0.329335502038      0.186896141941    
   7.68750000000      0.281140840904E-02  0.847029861598     -0.551944771236E-17   3.11519811394       1.69405972320      0.330282731062      0.330282731062      0.186464399474    
   7.71875000000      0.280571174987E-02  0.848488206346     -0.524449704113E-17   3.12509610323       1.69697641269      0.331226911478      0.331226911478      0.186034383390    
   7.75000000000      0.280003219081E-02  0.849942173466     -0.639509274138E-17   3.13496045307       1.69988434693      0.332168028724      0.332168028724      0.185606116019    
   7.78125000000      0.279436975681E-02  0.851391756570     -0.627992841155E-17   3.14479102217       1.70278351314      0.333106068367      0.333106068367      0.185179619835    
   7.81250000000      0.278872447130E-02  0.852836949659     -0.609696462458E-17   3.15458767440       1.70567389932      0.334041016108      0.334041016108      0.184754917443    
   7.84375000000      0.278309635621E-02  0.854277747124     -0.562462817223E-17   3.16435027878       1.70855549425      0.334972857781      0.334972857781      0.184332031562    
   7.87500000000      0.277748543196E-02  0.855714143730     -0.540883326051E-17   3.17407870942       1.71142828746      0.335901579358      0.335901579358      0.183910985014    
   7.90625000000      0.277189171759E-02  0.857146134609     -0.578090541839E-17   3.18377284551       1.71429226922      0.336827166949      0.336827166949      0.183491800710    
   7.93750000000      0.276631523070E-02  0.858573715253     -0.577222251845E-17   3.19343257130       1.71714743051      0.337749606808      0.337749606808      0.183074501638    
   7.96875000000      0.276075598754E-02  0.859996881504     -0.514392400322E-17   3.20305777601       1.71999376301      0.338668885330      0.338668885330      0.182659110843    
   8.00000000000      0.275521400300E-02  0.861415629545     -0.530899882784E-17   3.21264835385       1.72283125909      0.339584989060      0.339584989060      0.182245651425    
   8.03125000000      0.274968929069E-02  0.862829955896     -0.447499081575E-17   3.22220420398       1.72565991179      0.340497904690      0.340497904690      0.181834146516    
   8.06250000000      0.274418186294E-02  0.864239857399     -0.469293590623E-17   3.23172523045       1.72847971480      0.341407619065      0.341407619065      0.181424619270    
   8.09375000000      0.273869173084E-02  0.865645331218     -0.486671739679E-17   3.24121134219       1.73129066244      0.342314119182      0.342314119182      0.181017092855    
   8.12500000000      0.273321890425E-02  0.867046374825     -0.543086148078E-17   3.25066245294       1.73409274965      0.343217392196      0.343217392196      0.180611590433    
   8.15625000000      0.272776339186E-02  0.868442985997     -0.475787651155E-17   3.26007848125       1.73688597199      0.344117425422      0.344117425422      0.180208135153    
   8.18750000000      0.272232520121E-02  0.869835162804     -0.501811794321E-17   3.26975989919       1.73967032561      0.345014206334      0.345014206334      0.179806750137    
   8.21875000000      0.271690433870E-02  0.871222903607     -0.498593129594E-17   3.27955247231       1.74244580721      0.345907722571      0.345907722571      0.179407458466    
   8.25000000000      0.271150080963E-02  0.872606207049     -0.464465377151E-17   3.28930978195       1.74521241410      0.346797961938      0.346797961938      0.179010283173    
   8.28125000000      0.270611461823E-02  0.873985072046     -0.420774838619E-17   3.29903171875       1.74797014409      0.347684912411      0.347684912411      0.178615247225    
   8.31250000000      0.270074576769E-02  0.875359497784     -0.470669952075E-17   3.30871817812       1.75071899557      0.348568562133      0.348568562133      0.178222373518    
   8.34375000000      0.269539426018E-02  0.876729483708     -0.423306555807E-17   3.31836906019       1.75345896742      0.349448899424      0.349448899424      0.177831684860    
   8.37500000000      0.269006009684E-02  0.878095029521     -0.428284580442E-17   3.32798426988       1.75619005904      0.350325912779      0.350325912779      0.177443203963    
   8.40625000000      0.268474327789E-02  0.879456135173     -0.450098600522E-17   3.33756371674       1.75891227035      0.351199590871      0.351199590871      0.177056953432    
   8.43750000000      0.267944380256E-02  0.880812800859     -0.511386894849E-17   3.34710731500       1.76162560172      0.352069922553      0.352069922553      0.176672955752    
   8.46875000000      0.267416166916E-02  0.882165027008     -0.524872670322E-17   3.35678194392       1.76433005402      0.352936896863      0.352936896863      0.176291233282    
   8.50000000000      0.266889687512E-02  0.883512814282     -0.431295397808E-17   3.36654463616       1.76702562856      0.353800503022      0.353800503022      0.175911808238    
   8.53125000000      0.266364941697E-02  0.884856163568     -0.492654206284E-17   3.37627737071       1.76971232714      0.354660730439      0.354660730439      0.175534702689    
   8.56250000000      0.265841929039E-02  0.886195075974     -0.445494098572E-17   3.38598008683       1.77239015195      0.355517568715      0.355517568715      0.175159938544    
   8.59375000000      0.265320649020E-02  0.887529552823     -0.456303913502E-17   3.39588556461       1.77505910565      0.356371007640      0.356371007640      0.174787537543    
   8.62500000000      0.264801101043E-02  0.888859595644     -0.476653961005E-17   3.40595517204       1.77771919129      0.357221037199      0.357221037199      0.174417521246    
   8.65625000000      0.264283284430E-02  0.890185206174     -0.442060530823E-17   3.41599460383       1.78037041235      0.358067647574      0.358067647574      0.174049911026    
   8.68750000000      0.263767198424E-02  0.891506386348     -0.473398222311E-17   3.42600377670       1.78301277270      0.358910829144      0.358910829144      0.173684728060    
   8.71875000000      0.263252842194E-02  0.892823138296     -0.395161904778E-17   3.43598261135       1.78564627659      0.359750572489      0.359750572489      0.173321993317    
   8.75000000000      0.262740214835E-02  0.894135464337     -0.360609118724E-17   3.44593103244       1.78827092867      0.360586868392      0.360586868392      0.172961727552    
   8.78125000000      0.262229315366E-02  0.895443366976     -0.408192689545E-17   3.45584896854       1.79088673395      0.361419707839      0.361419707839      0.172603951298    
   8.81250000000      0.261720142740E-02  0.896746848899     -0.396798914915E-17   3.46573635215       1.79349369780      0.362249082022      0.362249082022      0.172248684855    
   8.84375000000      0.261212695838E-02  0.898045912969     -0.417424200886E-17   3.47559311962       1.79609182594      0.363074982343      0.363074982343      0.171895948284    
   8.87500000000      0.260706973474E-02  0.899340562220     -0.408619415483E-17   3.48541921113       1.79868112444      0.363897400411      0.363897400411      0.171545761399    
   8.90625000000      0.260202974397E-02  0.900630799856     -0.424899338802E-17   3.49521457066       1.80126159971      0.364716328048      0.364716328048      0.171198143760    
   8.93750000000      0.259700697293E-02  0.901916629245     -0.450984893317E-17   3.50497914598       1.80383325849      0.365531757291      0.365531757291      0.170853114663    
   8.96875000000      0.259200140781E-02  0.903198053913     -0.380292996680E-17   3.51471288859       1.80639610783      0.366343680389      0.366343680389      0.170510693136    
   9.00000000000      0.258701303424E-02  0.904475077548     -0.399429502421E-17   3.52441575367       1.80895015510      0.367152089809      0.367152089809      0.170170897930    
   9.03125000000      0.258204183721E-02  0.905747703987     -0.351613145906E-17   3.53408770011       1.81149540797      0.367956978237      0.367956978237      0.169833747513    
   9.06250000000      0.257708780116E-02  0.907015937218     -0.355566925270E-17   3.54372869043       1.81403187444      0.368758338576      0.368758338576      0.169499260065    
   9.09375000000      0.257215090991E-02  0.908279781375     -0.286505289317E-17   3.55333869076       1.81655956275      0.369556163954      0.369556163954      0.169167453467    
   9.12500000000      0.256723114678E-02  0.909539240738     -0.313846481641E-17   3.56291767079       1.81907848148      0.370350447718      0.370350447718      0.168838345302    
   9.15625000000      0.256232849450E-02  0.910794319722     -0.276815588220E-17   3.57246560376       1.82158863944      0.371141183441      0.371141183441      0.168511952841    
   9.18750000000      0.255744293527E-02  0.912045022884     -0.297045025359E-17   3.58198246642       1.82409004577      0.371928364919      0.371928364919      0.168188293046    
   9.21875000000      0.255257445079E-02  0.913291354911     -0.276201544289E-17   3.59146823900       1.82658270982      0.372711986177      0.372711986177      0.167867382556    
   9.25000000000      0.254772302223E-02  0.914533320623     -0.196073875428E-17   3.60092290516       1.82906664125      0.373492041467      0.373492041467      0.167549237690    
   9.28125000000      0.254288863026E-02  0.915770924968     -0.195905583003E-17   3.61034645196       1.83154184994      0.374268525267      0.374268525267      0.167233874434    
   9.31250000000      0.253807125506E-02  0.917004173019     -0.233487409994E-17   3.61973886986       1.83400834604      0.375041432288      0.375041432288      0.166921308443    
   9.34375000000      0.253327087633E-02  0.918233069973     -0.307375583827E-17   3.62910015261       1.83646613995      0.375810757470      0.375810757470      0.166611555032    
   9.37500000000      0.252848747331E-02  0.919457621146     -0.325576330212E-17   3.63843029732       1.83891524229      0.376576495985      0.376576495985      0.166304629175    
   9.40625000000      0.252372102476E-02  0.920677831975     -0.274636181526E-17   3.64772930433       1.84135566395      0.377338643239      0.377338643239      0.166000545497    
   9.43750000000      0.251897150900E-02  0.921893708009     -0.221669285126E-17   3.65699717722       1.84378741602      0.378097194867      0.378097194867      0.165699318274    
   9.46875000000      0.251423890391E-02  0.923105254913     -0.261430054103E-17   3.66623392280       1.84621050983      0.378852146744      0.378852146744      0.165400961425    
   9.50000000000      0.250952318692E-02  0.924312478463     -0.215328547380E-17   3.67543955099       1.84862495693      0.379603494975      0.379603494975      0.165105488512    
   9.53125000000      0.250482433504E-02  0.925515384544     -0.262099519916E-17   3.68461407489       1.85103076909      0.380351235904      0.380351235904      0.164812912736    
   9.56250000000      0.250014232487E-02  0.926713979147     -0.270281465699E-17   3.69375751068       1.85342795829      0.381095366107      0.381095366107      0.164523246933    
   9.59375000000      0.249547713258E-02  0.927908268372     -0.270962572678E-17   3.70286987760       1.85581653674      0.381835882401      0.381835882401      0.164236503571    
   9.62500000000      0.249082873397E-02  0.929098258418     -0.275824897023E-17   3.71195119790       1.85819651684      0.382572781836      0.382572781836      0.163952694746    
   9.65625000000      0.248619710439E-02  0.930283955589     -0.282563647556E-17   3.72100149686       1.86056791118      0.383306061702      0.383306061702      0.163671832185    
   9.68750000000      0.248158221885E-02  0.931465366287     -0.267555125825E-17   3.73002080268       1.86293073257      0.384035719526      0.384035719526      0.163393927235    
   9.71875000000      0.247698405195E-02  0.932642497013     -0.193574928915E-17   3.73900914651       1.86528499403      0.384761753073      0.384761753073      0.163118990867    
   9.75000000000      0.247240257792E-02  0.933815354366     -0.261822045918E-17   3.74796656237       1.86763070873      0.385484160345      0.385484160345      0.162847033675    
   9.78125000000      0.246783777061E-02  0.934983945037     -0.207754780902E-17   3.75689308714       1.86996789007      0.386202939585      0.386202939585      0.162578065867    
   9.81250000000      0.246328960351E-02  0.936148275815     -0.238390885728E-17   3.76578876052       1.87229655163      0.386918089271      0.386918089271      0.162312097272    
   9.84375000000      0.245875804975E-02  0.937308353577     -0.339098209084E-17   3.77465362500       1.87461670715      0.387629608123      0.387629608123      0.162049137331    
   9.87500000000      0.245424308210E-02  0.938464185295     -0.275206077524E-17   3.78348772581       1.87692837059      0.388337495097      0.388337495097      0.161789195102    
   9.90625000000      0.244974467299E-02  0.939615778028     -0.304354404648E-17   3.79247688188       1.87923155606      0.389041749387      0.389041749387      0.161532279254    
   9.93750000000      0.244526279449E-02  0.940763138924     -0.266349244244E-17   3.80161320154       1.88152627785      0.389742370428      0.389742370428      0.161278398069    
   9.96875000000      0.244079741833E-02  0.941906275220     -0.242934795507E-17   3.81071778321       1.88381255044      0.390439357890      0.390439357890      0.161027559440    
   10.0000000000      0.243634851593E-02  0.943045194236     -0.256507542977E-17   3.81979065279       1.88609038847      0.391132711683      0.391132711683      0.160779770870    
