   0.00000000000      0.381680264806E-02  0.500000000000      0.343472180514E-18   1.83780724417       1.00000000000      0.107740422390      0.107740422390      0.284519155221    
  0.312500000000E-01  0.381389937711E-02  0.500185809340      0.113628539071E-17   1.83277886508       1.00037161868      0.108026056920      0.108026056920      0.284133695500    
  0.625000000000E-01  0.381098346675E-02  0.500372427603      0.163221376937E-17   1.82773430836       1.00074485521      0.108312611391      0.108312611391      0.283747204820    
  0.937500000000E-01  0.380805499116E-02  0.500559850041      0.155440010951E-17   1.82267376545       1.00111970008      0.108600075149      0.108600075149      0.283359699744    
  0.125000000000      0.380511402471E-02  0.500748071894      0.121103109547E-17   1.81759742790       1.00149614379      0.108888437551      0.108888437551      0.282971196791    
  0.156250000000      0.380216064202E-02  0.500937088386      0.331487688425E-18   1.81250548735       1.00187417677      0.109177687972      0.109177687972      0.282581712442    
  0.187500000000      0.379919491790E-02  0.501126894730      0.194644123609E-18   1.80739813549       1.00225378946      0.109467815798      0.109467815798      0.282191263133    
  0.218750000000      0.379621692738E-02  0.501317486123      0.329200684625E-18   1.80227556409       1.00263497225      0.109758810432      0.109758810432      0.281799865258    
  0.250000000000      0.379322674570E-02  0.501508857751      0.614508845752E-18   1.79713796497       1.00301771550      0.110050661293      0.110050661293      0.281407535165    
  0.281250000000      0.379022444829E-02  0.501701004785      0.361356308010E-18   1.79198552998       1.00340200957      0.110343357815      0.110343357815      0.281014289155    
  0.312500000000      0.378721011078E-02  0.501893922385      0.235127985595E-18   1.78681845099       1.00378784477      0.110636889451      0.110636889451      0.280620143483    
  0.343750000000      0.378418380900E-02  0.502087605699      0.916988762231E-19   1.78163691989       1.00417521140      0.110931245673      0.110931245673      0.280225114354    
  0.375000000000      0.378114561897E-02  0.502282049862     -0.355514444329E-18   1.77644112856       1.00456409972      0.111226415969      0.111226415969      0.279829217923    
  0.406250000000      0.377809561688E-02  0.502477249995     -0.672377828567E-18   1.77123126887       1.00495449999      0.111522389851      0.111522389851      0.279432470292    
  0.437500000000      0.377503387913E-02  0.502673201211      0.136730001108E-18   1.76600753267       1.00534640242      0.111819156849      0.111819156849      0.279034887514    
  0.468750000000      0.377196048229E-02  0.502869898609      0.171895478249E-18   1.76077011177       1.00573979722      0.112116706512      0.112116706512      0.278636485584    
  0.500000000000      0.376887550308E-02  0.503067337278      0.219416451416E-18   1.75551919794       1.00613467456      0.112415028416      0.112415028416      0.278237280446    
  0.531250000000      0.376577901844E-02  0.503265512296     -0.196169722782E-18   1.75025498287       1.00653102459      0.112714112155      0.112714112155      0.277837287985    
  0.562500000000      0.376267110543E-02  0.503464418728      0.345012713580E-18   1.74497765821       1.00692883746      0.113013947349      0.113013947349      0.277436524030    
  0.593750000000      0.375955184131E-02  0.503664051632      0.307597792681E-18   1.73968741549       1.00732810326      0.113314523641      0.113314523641      0.277035004350    
  0.625000000000      0.375642130348E-02  0.503864406053      0.499555200467E-18   1.73438444617       1.00772881211      0.113615830698      0.113615830698      0.276632744657    
  0.656250000000      0.375327956951E-02  0.504065477027      0.996528410406E-18   1.72906894160       1.00813095405      0.113917858213      0.113917858213      0.276229760601    
  0.687500000000      0.375012671710E-02  0.504267259581      0.661830251605E-18   1.72374109300       1.00853451916      0.114220595906      0.114220595906      0.275826067770    
  0.718750000000      0.374696282413E-02  0.504469748731      0.137173691408E-17   1.71840109148       1.00893949746      0.114524033521      0.114524033521      0.275421681689    
  0.750000000000      0.374378796861E-02  0.504672939485      0.106408379474E-17   1.71304912798       1.00934587897      0.114828160832      0.114828160832      0.275016617820    
  0.781250000000      0.374060222868E-02  0.504876826840      0.543439516493E-18   1.70768539333       1.00975365368      0.115132967640      0.115132967640      0.274610891561    
  0.812500000000      0.373740568263E-02  0.505081405787      0.297978527498E-18   1.70231007816       1.01016281157      0.115438443773      0.115438443773      0.274204518241    
  0.843750000000      0.373419840889E-02  0.505286671307      0.457360236758E-18   1.69692337294       1.01057334261      0.115744579091      0.115744579091      0.273797513126    
  0.875000000000      0.373098048601E-02  0.505492618371      0.116727751736E-17   1.69152546796       1.01098523674      0.116051363480      0.116051363480      0.273389891410    
  0.906250000000      0.372775199267E-02  0.505699241945      0.180440355152E-17   1.68611655331       1.01139848389      0.116358786861      0.116358786861      0.272981668222    
  0.937500000000      0.372451300767E-02  0.505906536985      0.317803153792E-18   1.68069681886       1.01181307397      0.116666839183      0.116666839183      0.272572858619    
  0.968750000000      0.372126360992E-02  0.506114498440     -0.712672476148E-18   1.67526645428       1.01222899688      0.116975510426      0.116975510426      0.272163477588    
   1.00000000000      0.371800387847E-02  0.506323121254     -0.688628098521E-18   1.66982564901       1.01264624251      0.117284790605      0.117284790605      0.271753540044    
   1.03125000000      0.371473389245E-02  0.506532400359     -0.606324780353E-19   1.66437459224       1.01306480072      0.117594669765      0.117594669765      0.271343060829    
   1.06250000000      0.371145373111E-02  0.506742330685      0.524679031726E-19   1.65891347291       1.01348466137      0.117905137986      0.117905137986      0.270932054713    
   1.09375000000      0.370816347381E-02  0.506952907152     -0.609125251358E-18   1.65344247972       1.01390581430      0.118216185381      0.118216185381      0.270520536390    
   1.12500000000      0.370486320000E-02  0.507164124676     -0.458534627361E-18   1.64796180108       1.01432824935      0.118527802098      0.118527802098      0.270108520480    
   1.15625000000      0.370155298922E-02  0.507375978165      0.915980272922E-19   1.64247162513       1.01475195633      0.118839978319      0.118839978319      0.269696021527    
   1.18750000000      0.369823292112E-02  0.507588462524      0.670017680304E-18   1.63697213971       1.01517692505      0.119152704263      0.119152704263      0.269283053997    
   1.21875000000      0.369490307541E-02  0.507801572649     -0.282841882763E-19   1.63146353235       1.01560314530      0.119465970184      0.119465970184      0.268869632280    
   1.25000000000      0.369156353192E-02  0.508015303433      0.183835019443E-18   1.62594599030       1.01603060687      0.119779766373      0.119779766373      0.268455770686    
   1.28125000000      0.368821437051E-02  0.508229649763      0.176876710019E-18   1.62041970046       1.01645929953      0.120094083158      0.120094083158      0.268041483447    
   1.31250000000      0.368485567117E-02  0.508444606521      0.878913784023E-19   1.61488484942       1.01688921304      0.120408910903      0.120408910903      0.267626784715    
   1.34375000000      0.368148751391E-02  0.508660168585     -0.929517712479E-18   1.60934162340       1.01732033717      0.120724240013      0.120724240013      0.267211688560    
   1.37500000000      0.367810997885E-02  0.508876330829     -0.403512821391E-18   1.60379020830       1.01775266166      0.121040060929      0.121040060929      0.266796208971    
   1.40625000000      0.367472314616E-02  0.509093088122      0.276567578828E-18   1.59823078964       1.01818617624      0.121356364132      0.121356364132      0.266380359857    
   1.43750000000      0.367132709604E-02  0.509310435329     -0.112693296527E-20   1.59266355258       1.01862087066      0.121673140143      0.121673140143      0.265964155042    
   1.46875000000      0.366792190880E-02  0.509528367312      0.117717487844E-18   1.58708868190       1.01905673462      0.121990379523      0.121990379523      0.265547608267    
   1.50000000000      0.366450766476E-02  0.509746878931      0.771935018772E-18   1.58150636198       1.01949375786      0.122308072871      0.122308072871      0.265130733188    
   1.53125000000      0.366108444431E-02  0.509965965040      0.239319257599E-18   1.57591677681       1.01993193008      0.122626210831      0.122626210831      0.264713543378    
   1.56250000000      0.365765232787E-02  0.510185620492     -0.582609470341E-18   1.57032010999       1.02037124098      0.122944784084      0.122944784084      0.264296052325    
   1.59375000000      0.365421139591E-02  0.510405840137     -0.520334142735E-18   1.56471654466       1.02081168027      0.123263783355      0.123263783355      0.263878273428    
   1.62500000000      0.365076172893E-02  0.510626618824      0.258628284969E-18   1.55910626358       1.02125323765      0.123583199411      0.123583199411      0.263460220002    
   1.65625000000      0.364730340747E-02  0.510847951398     -0.609234167160E-19   1.55348944905       1.02169590280      0.123903023062      0.123903023062      0.263041905273    
   1.68750000000      0.364383651209E-02  0.511069832702     -0.242526103542E-19   1.54786628293       1.02213966540      0.124223245160      0.124223245160      0.262623342382    
   1.71875000000      0.364036112339E-02  0.511292257578     -0.640296564563E-18   1.54223694663       1.02258451516      0.124543856599      0.124543856599      0.262204544379    
   1.75000000000      0.363687732198E-02  0.511515220869     -0.165797022422E-18   1.53660162110       1.02303044174      0.124864848321      0.124864848321      0.261785524227    
   1.78125000000      0.363338518847E-02  0.511738717413     -0.558743791174E-18   1.53096048682       1.02347743483      0.125186211307      0.125186211307      0.261366294798    
   1.81250000000      0.362988480352E-02  0.511962742050     -0.510859035819E-18   1.52531372380       1.02392548410      0.125507936587      0.125507936587      0.260946868876    
   1.84375000000      0.362637624778E-02  0.512187289618      0.244158384751E-19   1.51966151154       1.02437457924      0.125830015232      0.125830015232      0.260527259154    
   1.87500000000      0.362285960190E-02  0.512412354954     -0.405945015291E-18   1.51400402907       1.02482470991      0.126152438361      0.126152438361      0.260107478233    
   1.90625000000      0.361933494653E-02  0.512637932898     -0.334498184128E-18   1.50834145491       1.02527586580      0.126475197136      0.126475197136      0.259687538625    
   1.93750000000      0.361580236234E-02  0.512864018286     -0.353598479703E-18   1.50267396707       1.02572803657      0.126798282768      0.126798282768      0.259267452749    
   1.96875000000      0.361226192998E-02  0.513090605957     -0.374772738491E-18   1.50146854377       1.02618121191      0.127121686512      0.127121686512      0.258847232933    
   2.00000000000      0.360871373009E-02  0.513317690750     -0.237551554232E-18   1.50049822318       1.02663538150      0.127445399670      0.127445399670      0.258426891410    
   2.03125000000      0.360515784328E-02  0.513545267506     -0.102312806628E-17   1.49952361945       1.02709053501      0.127769413590      0.127769413590      0.258006440325    
   2.06250000000      0.360159435018E-02  0.513773331064     -0.228272740971E-18   1.49911043653       1.02754666213      0.128093719670      0.128093719670      0.257585891724    
   2.09375000000      0.359802333137E-02  0.514001876268     -0.686028660234E-18   1.49883654444       1.02800375254      0.128418309352      0.128418309352      0.257165257565    
   2.12500000000      0.359444486741E-02  0.514230897961     -0.523849004569E-18   1.49855735974       1.02846179592      0.128743174127      0.128743174127      0.256744549708    
   2.15625000000      0.359085903884E-02  0.514460390990     -0.768892528186E-18   1.49827285982       1.02892078198      0.129068305534      0.129068305534      0.256323779921    
   2.18750000000      0.358726592617E-02  0.514690350201     -0.630089382378E-18   1.49798302265       1.02938070040      0.129393695162      0.129393695162      0.255902959876    
   2.21875000000      0.358366560984E-02  0.514920770446     -0.835504798038E-18   1.49768782673       1.02984154089      0.129719334647      0.129719334647      0.255482101153    
   2.25000000000      0.358005817031E-02  0.515151646576     -0.135458728749E-17   1.49781694818       1.03030329315      0.130045215672      0.130045215672      0.255061215233    
   2.28125000000      0.357644368793E-02  0.515382973448     -0.853072893391E-18   1.49808147006       1.03076594690      0.130371329972      0.130371329972      0.254640313504    
   2.31250000000      0.357282224306E-02  0.515614745920     -0.372272781901E-18   1.49834057735       1.03122949184      0.130697669330      0.130697669330      0.254219407260    
   2.34375000000      0.356919391597E-02  0.515846958854     -0.278761011164E-18   1.49861065671       1.03169391771      0.131024225579      0.131024225579      0.253798507695    
   2.37500000000      0.356555878689E-02  0.516079607115     -0.215471136525E-18   1.49893844956       1.03215921423      0.131350990602      0.131350990602      0.253377625911    
   2.40625000000      0.356191693599E-02  0.516312685572     -0.188847309970E-18   1.49925939647       1.03262537114      0.131677956330      0.131677956330      0.252956772912    
   2.43750000000      0.355826844339E-02  0.516546189099     -0.378899664279E-18   1.49957345485       1.03309237820      0.132005114747      0.132005114747      0.252535959605    
   2.46875000000      0.355461338912E-02  0.516780112572     -0.445072960607E-18   1.49988058285       1.03356022514      0.132332457885      0.132332457885      0.252115196801    
   2.50000000000      0.355095185315E-02  0.517014450874     -0.220173666029E-18   1.50018073942       1.03402890175      0.132659977829      0.132659977829      0.251694495215    
   2.53125000000      0.354728391540E-02  0.517249198890     -0.387881676947E-18   1.50056619954       1.03449839778      0.132987666713      0.132987666713      0.251273865465    
   2.56250000000      0.354360965567E-02  0.517484351513      0.943520969307E-19   1.50138645068       1.03496870303      0.133315516721      0.133315516721      0.250853318070    
   2.59375000000      0.353992915371E-02  0.517719903638     -0.879814943100E-18   1.50219961636       1.03543980728      0.133643520092      0.133643520092      0.250432863455    
   2.62500000000      0.353624248918E-02  0.517955850168     -0.300037570001E-18   1.50300563821       1.03591170034      0.133971669112      0.133971669112      0.250012511945    
   2.65625000000      0.353254974165E-02  0.518192186010     -0.123747190755E-19   1.50380445866       1.03638437202      0.134299956121      0.134299956121      0.249592273769    
   2.68750000000      0.352885099061E-02  0.518428906077     -0.617149774706E-18   1.50459602101       1.03685781215      0.134628373509      0.134628373509      0.249172159058    
   2.71875000000      0.352514631543E-02  0.518666005288     -0.340137209971E-18   1.50538026935       1.03733201058      0.134956913721      0.134956913721      0.248752177847    
   2.75000000000      0.352143579540E-02  0.518903478570      0.366112516726E-18   1.50615714865       1.03780695714      0.135285569249      0.135285569249      0.248332340072    
   2.78125000000      0.351771950972E-02  0.519141320854      0.176940417601E-18   1.50692660466       1.03828264171      0.135614332641      0.135614332641      0.247912655571    
   2.81250000000      0.351399753746E-02  0.519379527078     -0.620381371810E-19   1.50768858402       1.03875905416      0.135943196496      0.135943196496      0.247493134086    
   2.84375000000      0.351026995759E-02  0.519618092190      0.445643071534E-19   1.50844303414       1.03923618438      0.136272153464      0.136272153464      0.247073785261    
   2.87500000000      0.350653684898E-02  0.519857011141      0.334686926499E-18   1.50922238378       1.03971402228      0.136601196250      0.136601196250      0.246654618641    
   2.90625000000      0.350279829036E-02  0.520096278893      0.757025750312E-18   1.50999772144       1.04019255779      0.136930317608      0.136930317608      0.246235643676    
   2.93750000000      0.349905436037E-02  0.520335890412      0.779642181458E-18   1.51076408495       1.04067178082      0.137259510349      0.137259510349      0.245816869715    
   2.96875000000      0.349530513750E-02  0.520575840675      0.121186728486E-17   1.51152142754       1.04115168135      0.137588767331      0.137588767331      0.245398306013    
   3.00000000000      0.349155070014E-02  0.520816124666      0.625923009809E-18   1.51272563971       1.04163224933      0.137918081471      0.137918081471      0.244979961725    
   3.03125000000      0.348779112654E-02  0.521056737377      0.274055437660E-19   1.51396027061       1.04211347475      0.138247445734      0.138247445734      0.244561845910    
   3.06250000000      0.348402649481E-02  0.521297673808      0.586686464411E-18   1.51518588442       1.04259534762      0.138576853140      0.138576853140      0.244143967529    
   3.09375000000      0.348025688293E-02  0.521538928968     -0.234211163108E-18   1.51640242197       1.04307785794      0.138906296761      0.138906296761      0.243726335446    
   3.12500000000      0.347648236874E-02  0.521780497876      0.403981545959E-18   1.51760982498       1.04356099575      0.139235769724      0.139235769724      0.243308958428    
   3.15625000000      0.347270302995E-02  0.522022375559      0.507332154924E-18   1.51880803613       1.04404475112      0.139565265207      0.139565265207      0.242891845145    
   3.18750000000      0.346891894410E-02  0.522264557053      0.572799473831E-18   1.51999699898       1.04452911411      0.139894776442      0.139894776442      0.242475004170    
   3.21875000000      0.346513018861E-02  0.522507037404      0.893801446986E-18   1.52117665804       1.04501407481      0.140224296713      0.140224296713      0.242058443979    
   3.25000000000      0.346133684073E-02  0.522749811669     -0.220234414550E-18   1.52234695870       1.04549962334      0.140553819359      0.140553819359      0.241642172951    
   3.28125000000      0.345753897755E-02  0.522992874912     -0.262096142197E-19   1.52350784728       1.04598574982      0.140883337771      0.140883337771      0.241226199370    
   3.31250000000      0.345373667602E-02  0.523236222210      0.345553415261E-18   1.52465927099       1.04647244442      0.141212845394      0.141212845394      0.240810531422    
   3.34375000000      0.344993001291E-02  0.523479848649      0.679356372909E-18   1.52580117797       1.04695969730      0.141542335725      0.141542335725      0.240395177199    
   3.37500000000      0.344611906485E-02  0.523723749325      0.537330918266E-18   1.52693351722       1.04744749865      0.141871802316      0.141871802316      0.239980144694    
   3.40625000000      0.344230390826E-02  0.523967919347      0.610313174154E-18   1.52805623866       1.04793583869      0.142201238770      0.142201238770      0.239565441807    
   3.43750000000      0.343848461944E-02  0.524212353831      0.128694713486E-17   1.52916929308       1.04842470766      0.142530638745      0.142530638745      0.239151076342    
   3.46875000000      0.343466127448E-02  0.524457047909      0.153668749125E-17   1.53027263217       1.04891409582      0.142859995951      0.142859995951      0.238737056006    
   3.50000000000      0.343083394931E-02  0.524701996720      0.813250182382E-18   1.53136620850       1.04940399344      0.143189304153      0.143189304153      0.238323388413    
   3.53125000000      0.342700271967E-02  0.524947195417      0.984652680985E-18   1.53244997552       1.04989439083      0.143518557168      0.143518557168      0.237910081082    
   3.56250000000      0.342316766113E-02  0.525192639163      0.957832461872E-18   1.53352388754       1.05038527833      0.143847748864      0.143847748864      0.237497141434    
   3.59375000000      0.341932884906E-02  0.525438323136      0.609848938174E-18   1.53472051008       1.05087664627      0.144176873167      0.144176873167      0.237084576802    
   3.62500000000      0.341548635865E-02  0.525684242522      0.896390196330E-18   1.53609188687       1.05136848504      0.144505924052      0.144505924052      0.236672394418    
   3.65625000000      0.341164026489E-02  0.525930392522      0.154610311410E-17   1.53745226751       1.05186078504      0.144834895548      0.144834895548      0.236260601426    
   3.68750000000      0.340779064260E-02  0.526176768350      0.122353768158E-17   1.53880160264       1.05235353670      0.145163781738      0.145163781738      0.235849204873    
   3.71875000000      0.340393756636E-02  0.526423365229      0.171789833315E-17   1.54013984378       1.05284673046      0.145492576757      0.145492576757      0.235438211714    
   3.75000000000      0.340008111059E-02  0.526670178398      0.152472795022E-17   1.54148453220       1.05334035680      0.145821274793      0.145821274793      0.235027628812    
   3.78125000000      0.339622134949E-02  0.526917203108      0.184288027739E-17   1.54294144325       1.05383440622      0.146149870086      0.146149870086      0.234617462935    
   3.81250000000      0.339235835705E-02  0.527164434624      0.701307231172E-18   1.54438742811       1.05432886925      0.146478356931      0.146478356931      0.234207720761    
   3.84375000000      0.338849220706E-02  0.527411868224      0.944769782303E-18   1.54582244052       1.05482373645      0.146806729674      0.146806729674      0.233798408876    
   3.87500000000      0.338462297310E-02  0.527659499197      0.114861188653E-17   1.54724643505       1.05531899839      0.147134982712      0.147134982712      0.233389533772    
   3.90625000000      0.338075072852E-02  0.527907322850      0.193326531842E-17   1.54865936715       1.05581464570      0.147463110498      0.147463110498      0.232981101854    
   3.93750000000      0.337687554647E-02  0.528155334501      0.176617534505E-17   1.55006119313       1.05631066900      0.147791107535      0.147791107535      0.232573119431    
   3.96875000000      0.337299749988E-02  0.528403529483      0.124915542730E-17   1.55145187011       1.05680705897      0.148118968379      0.148118968379      0.232165592726    
   4.00000000000      0.336911666145E-02  0.528651903143      0.958222099272E-18   1.55283135609       1.05730380629      0.148446687637      0.148446687637      0.231758527869    
   4.03125000000      0.336523310366E-02  0.528900450842      0.145198824554E-17   1.55419960989       1.05780090168      0.148774259970      0.148774259970      0.231351930903    
   4.06250000000      0.336134689875E-02  0.529149167955      0.134587396191E-17   1.55555659116       1.05829833591      0.149101680089      0.149101680089      0.230945807778    
   4.09375000000      0.335745811876E-02  0.529398049875      0.168102368669E-17   1.55690226038       1.05879609975      0.149428942759      0.149428942759      0.230540164358    
   4.12500000000      0.335356683547E-02  0.529647092005      0.106939812839E-17   1.55823657887       1.05929418401      0.149756042794      0.149756042794      0.230135006417    
   4.15625000000      0.334967312044E-02  0.529896289767      0.196274210573E-17   1.55955950874       1.05979257953      0.150082975063      0.150082975063      0.229730339641    
   4.18750000000      0.334577704499E-02  0.530145638596      0.156584485525E-17   1.56087101292       1.06029127719      0.150409734483      0.150409734483      0.229326169630    
   4.21875000000      0.334187868019E-02  0.530395133944      0.249366295969E-17   1.56217105515       1.06079026789      0.150736316025      0.150736316025      0.228922501895    
   4.25000000000      0.333797809688E-02  0.530644771275      0.214522305636E-17   1.56345959999       1.06128954255      0.151062714708      0.151062714708      0.228519341859    
   4.28125000000      0.333407536565E-02  0.530894546074      0.223265520717E-17   1.56473661277       1.06178909215      0.151388925607      0.151388925607      0.228116694861    
   4.31250000000      0.333017055685E-02  0.531144453837      0.250834252253E-17   1.56600205963       1.06228890767      0.151714943843      0.151714943843      0.227714566152    
   4.34375000000      0.332626374058E-02  0.531394490079      0.218714962156E-17   1.56725590749       1.06278898016      0.152040764589      0.152040764589      0.227312960900    
   4.37500000000      0.332235498668E-02  0.531644650328      0.207479457052E-17   1.56870165337       1.06328930066      0.152366383072      0.152366383072      0.226911884185    
   4.40625000000      0.331844436474E-02  0.531894930133      0.250265215877E-17   1.57024924318       1.06378986027      0.152691794564      0.152691794564      0.226511341004    
   4.43750000000      0.331453194409E-02  0.532145325054      0.318492001999E-17   1.57178537817       1.06429065011      0.153016994392      0.153016994392      0.226111336270    
   4.46875000000      0.331061779383E-02  0.532395830671      0.278551233912E-17   1.57331001902       1.06479166134      0.153341977930      0.153341977930      0.225711874811    
   4.50000000000      0.330670198276E-02  0.532646442579      0.296756078896E-17   1.57482312719       1.06529288516      0.153666740603      0.153666740603      0.225312961374    
   4.53125000000      0.330278457944E-02  0.532897156392      0.316083099582E-17   1.57632466490       1.06579431278      0.153991277886      0.153991277886      0.224914600621    
   4.56250000000      0.329886565216E-02  0.533147967738      0.311029717692E-17   1.57781459515       1.06629593548      0.154315585303      0.154315585303      0.224516797132    
   4.59375000000      0.329494526894E-02  0.533398872263      0.277851108137E-17   1.57929288172       1.06679774453      0.154639658428      0.154639658428      0.224119555407    
   4.62500000000      0.329102349755E-02  0.533649865633      0.257276052544E-17   1.58075948911       1.06729973127      0.154963492885      0.154963492885      0.223722879863    
   4.65625000000      0.328710040546E-02  0.533900943526      0.259981291995E-17   1.58221438262       1.06780188705      0.155287084344      0.155287084344      0.223326774838    
   4.68750000000      0.328317605989E-02  0.534152101642      0.341888570275E-17   1.58365752826       1.06830420328      0.155610428527      0.155610428527      0.222931244588    
   4.71875000000      0.327925052779E-02  0.534403335697      0.355874111573E-17   1.58508889281       1.06880667139      0.155933521204      0.155933521204      0.222536293290    
   4.75000000000      0.327532387580E-02  0.534654641425      0.301187008178E-17   1.58650844379       1.06930928285      0.156256358191      0.156256358191      0.222141925042    
   4.78125000000      0.327139617031E-02  0.534906014575      0.269751393025E-17   1.58791614945       1.06981202915      0.156578935356      0.156578935356      0.221748143863    
   4.81250000000      0.326746747744E-02  0.535157450920      0.282931822561E-17   1.58931197876       1.07031490184      0.156901248612      0.156901248612      0.221354953695    
   4.84375000000      0.326353786299E-02  0.535408946244      0.247188700243E-17   1.59069590144       1.07081789249      0.157223293922      0.157223293922      0.220962358400    
   4.87500000000      0.325960739251E-02  0.535660496355      0.200950057771E-17   1.59206788791       1.07132099271      0.157545067295      0.157545067295      0.220570361764    
   4.90625000000      0.325567613124E-02  0.535912097076      0.236808275979E-17   1.59342790932       1.07182419415      0.157866564789      0.157866564789      0.220178967499    
   4.93750000000      0.325174414415E-02  0.536163744250      0.216685962274E-17   1.59477593753       1.07232748850      0.158187782506      0.158187782506      0.219788179237    
   4.96875000000      0.324781149592E-02  0.536415433737      0.193686531371E-17   1.59611194510       1.07283086747      0.158508716600      0.158508716600      0.219398000537    
   5.00000000000      0.324387825093E-02  0.536667161416      0.203006372427E-17   1.59743590529       1.07333432283      0.158829363267      0.158829363267      0.219008434883    
   5.03125000000      0.323994447327E-02  0.536918923186      0.217681625357E-17   1.59874779209       1.07383784637      0.159149718752      0.159149718752      0.218619485683    
   5.06250000000      0.323601022674E-02  0.537170714964      0.266243600247E-17   1.60004758014       1.07434142993      0.159469779346      0.159469779346      0.218231156273    
   5.09375000000      0.323207557484E-02  0.537422532686      0.259267837539E-17   1.60133524479       1.07484506537      0.159789541386      0.159789541386      0.217843449915    
   5.12500000000      0.322814058077E-02  0.537674372306      0.213772092441E-17   1.60261076206       1.07534874461      0.160109001254      0.160109001254      0.217456369798    
   5.15625000000      0.322420530744E-02  0.537926229800      0.260353556417E-17   1.60387410868       1.07585245960      0.160428155380      0.160428155380      0.217069919040    
   5.18750000000      0.322026981745E-02  0.538178101159      0.211672193317E-17   1.60553804163       1.07635620232      0.160747000236      0.160747000236      0.216684100687    
   5.21875000000      0.321633417310E-02  0.538429982397      0.235484286004E-17   1.60799689274       1.07685996479      0.161065532342      0.161065532342      0.216298917713    
   5.25000000000      0.321239843640E-02  0.538681869546      0.263597727470E-17   1.61044873042       1.07736373909      0.161383748261      0.161383748261      0.215914373024    
   5.28125000000      0.320846266904E-02  0.538933758657      0.265304601517E-17   1.61289353469       1.07786751731      0.161701644602      0.161701644602      0.215530469453    
   5.31250000000      0.320452693240E-02  0.539185645802      0.357832938361E-17   1.61533128583       1.07837129160      0.162019218018      0.162019218018      0.215147209765    
   5.34375000000      0.320059128757E-02  0.539437527071      0.370502152485E-17   1.61776196433       1.07887505414      0.162336465206      0.162336465206      0.214764596659    
   5.37500000000      0.319665579532E-02  0.539689398575      0.370419414428E-17   1.62018555095       1.07937879715      0.162653382906      0.162653382906      0.214382632763    
   5.40625000000      0.319272051611E-02  0.539941256445      0.352129157645E-17   1.62273460844       1.07988251289      0.162969967904      0.162969967904      0.214001320637    
   5.43750000000      0.318878551008E-02  0.540193096830      0.379785658614E-17   1.62533654199       1.08038619366      0.163286217027      0.163286217027      0.213620662776    
   5.46875000000      0.318485083708E-02  0.540444915902      0.391860523246E-17   1.62793069769       1.08088983180      0.163602127147      0.163602127147      0.213240661608    
   5.50000000000      0.318091655663E-02  0.540696709851      0.351903169745E-17   1.63051705104       1.08139341970      0.163917695178      0.163917695178      0.212861319496    
   5.53125000000      0.317698272794E-02  0.540948474887      0.359056662002E-17   1.63309557776       1.08189694977      0.164232918076      0.164232918076      0.212482638736    
   5.56250000000      0.317304940989E-02  0.541200207242      0.411512068463E-17   1.63566625388       1.08240041448      0.164547792841      0.164547792841      0.212104621561    
   5.59375000000      0.316911666107E-02  0.541451903167      0.411919595920E-17   1.63822905566       1.08290380633      0.164862316514      0.164862316514      0.211727270140    
   5.62500000000      0.316518453972E-02  0.541703558933      0.448884669746E-17   1.64078395963       1.08340711787      0.165176486178      0.165176486178      0.211350586578    
   5.65625000000      0.316125310379E-02  0.541955170833      0.441659096441E-17   1.64333094261       1.08391034167      0.165490298958      0.165490298958      0.210974572917    
   5.68750000000      0.315732241088E-02  0.542206735179      0.409440484841E-17   1.64586998166       1.08441347036      0.165803752020      0.165803752020      0.210599231139    
   5.71875000000      0.315339251829E-02  0.542458248305      0.421778067507E-17   1.64840105413       1.08491649661      0.166116842572      0.166116842572      0.210224563161    
   5.75000000000      0.314946348300E-02  0.542709706564      0.420826946684E-17   1.65092413762       1.08541941313      0.166429567861      0.166429567861      0.209850570842    
   5.78125000000      0.314553536164E-02  0.542961106330      0.430111792750E-17   1.65343921000       1.08592221266      0.166741925176      0.166741925176      0.209477255979    
   5.81250000000      0.314160821055E-02  0.543212444001      0.405395692215E-17   1.65594624940       1.08642488800      0.167053911845      0.167053911845      0.209104620310    
   5.84375000000      0.313768208571E-02  0.543463715990      0.374520728854E-17   1.65844523423       1.08692743198      0.167365525238      0.167365525238      0.208732665513    
   5.87500000000      0.313375704280E-02  0.543714918736      0.395991012436E-17   1.66093614316       1.08742983747      0.167676762764      0.167676762764      0.208361393209    
   5.90625000000      0.312983313716E-02  0.543966048697      0.405155421457E-17   1.66341895513       1.08793209739      0.167987621869      0.167987621870      0.207990804958    
   5.93750000000      0.312591042381E-02  0.544217102352      0.454027973575E-17   1.66589364935       1.08843420470      0.168298100043      0.168298100043      0.207620902267    
   5.96875000000      0.312198895743E-02  0.544468076200      0.385003909072E-17   1.66836020527       1.08893615240      0.168608194809      0.168608194809      0.207251686582    
   6.00000000000      0.311806879239E-02  0.544718966763      0.350883875646E-17   1.67081860266       1.08943793353      0.168917903734      0.168917903734      0.206883159295    
   6.03125000000      0.311414998270E-02  0.544969770583      0.330047721516E-17   1.67326882150       1.08993954117      0.169227224420      0.169227224420      0.206515321743    
   6.06250000000      0.311023258207E-02  0.545220484223      0.332115268199E-17   1.67571084207       1.09044096845      0.169536154508      0.169536154508      0.206148175206    
   6.09375000000      0.310631664386E-02  0.545471104269      0.312001201328E-17   1.67817417905       1.09094220854      0.169844691678      0.169844691678      0.205781720912    
   6.12500000000      0.310240222109E-02  0.545721627326      0.346788507726E-17   1.68075666266       1.09144325465      0.170152833646      0.170152833646      0.205415960033    
   6.15625000000      0.309848936648E-02  0.545972050021      0.311978414841E-17   1.68333257641       1.09194410004      0.170460578166      0.170460578166      0.205050893689    
   6.18750000000      0.309457813239E-02  0.546222369003      0.261579126032E-17   1.68590190177       1.09244473801      0.170767923028      0.170767923028      0.204686522947    
   6.21875000000      0.309066857084E-02  0.546472580942      0.294378931594E-17   1.68846462043       1.09294516188      0.171074866059      0.171074866059      0.204322848823    
   6.25000000000      0.308676073354E-02  0.546722682529      0.280869790109E-17   1.69102071427       1.09344536506      0.171381405124      0.171381405124      0.203959872281    
   6.28125000000      0.308285467185E-02  0.546972670477      0.261637144213E-17   1.69357016543       1.09394534095      0.171687538122      0.171687538122      0.203597594233    
   6.31250000000      0.307895043680E-02  0.547222541520      0.256805356669E-17   1.69611295626       1.09444508304      0.171993262989      0.171993262989      0.203236015542    
   6.34375000000      0.307504807908E-02  0.547472292415      0.273446167679E-17   1.69864906933       1.09494458483      0.172298577697      0.172298577697      0.202875137022    
   6.37500000000      0.307114764903E-02  0.547721919938      0.288985644565E-17   1.70117848743       1.09544383988      0.172603480250      0.172603480250      0.202514959437    
   6.40625000000      0.306724919669E-02  0.547971420887      0.255596945723E-17   1.70370119357       1.09594284177      0.172907968692      0.172907968692      0.202155483502    
   6.43750000000      0.306335277173E-02  0.548220792085      0.302929666953E-17   1.70621717101       1.09644158417      0.173212041099      0.173212041099      0.201796709887    
   6.46875000000      0.305945842349E-02  0.548470030372      0.245812247472E-17   1.70872640319       1.09694006074      0.173515695580      0.173515695580      0.201438639212    
   6.50000000000      0.305556620099E-02  0.548719132612      0.240784040509E-17   1.71122887380       1.09743826522      0.173818930281      0.173818930281      0.201081272050    
   6.53125000000      0.305167615289E-02  0.548968095691      0.200355880486E-17   1.71372456675       1.09793619138      0.174121743380      0.174121743380      0.200724608931    
   6.56250000000      0.304778832751E-02  0.549216916515      0.266129006864E-17   1.71621346615       1.09843383303      0.174424133089      0.174424133089      0.200368650336    
   6.59375000000      0.304390277286E-02  0.549465592013      0.263907900794E-17   1.71869555637       1.09893118403      0.174726097654      0.174726097654      0.200013396704    
   6.62500000000      0.304001953657E-02  0.549714119135      0.279790941676E-17   1.72117082197       1.09942823827      0.175027635353      0.175027635353      0.199658848428    
   6.65625000000      0.303613866598E-02  0.549962494853      0.276269872368E-17   1.72363924773       1.09992498971      0.175328744497      0.175328744497      0.199305005858    
   6.68750000000      0.303226020804E-02  0.550210716161      0.227622780127E-17   1.72610081867       1.10042143232      0.175629423430      0.175629423430      0.198951869301    
   6.71875000000      0.302838420940E-02  0.550458780074      0.279601833452E-17   1.72855552003       1.10091756015      0.175929670527      0.175929670527      0.198599439020    
   6.75000000000      0.302451071635E-02  0.550706683629      0.234710102434E-17   1.73100333724       1.10141336726      0.176229484196      0.176229484196      0.198247715237    
   6.78125000000      0.302063977485E-02  0.550954423885      0.238173332932E-17   1.73344425598       1.10190884777      0.176528862876      0.176528862876      0.197896698133    
   6.81250000000      0.301677143051E-02  0.551201997923      0.198438665188E-17   1.73587826215       1.10240399585      0.176827805037      0.176827805037      0.197546387849    
   6.84375000000      0.301290572862E-02  0.551449402844      0.255945809209E-17   1.73830534186       1.10289880569      0.177126309180      0.177126309180      0.197196784483    
   6.87500000000      0.300904271411E-02  0.551696635773      0.173241705724E-17   1.74072548142       1.10339327155      0.177424373839      0.177424373839      0.196847888096    
   6.90625000000      0.300518243158E-02  0.551943693855      0.202916354351E-17   1.74313866739       1.10388738771      0.177721997574      0.177721997574      0.196499698707    
   6.93750000000      0.300132492528E-02  0.552190574257      0.223930736145E-17   1.74554488654       1.10438114851      0.178019178979      0.178019178979      0.196152216299    
   6.96875000000      0.299747023915E-02  0.552437274170      0.231934012717E-17   1.74794412585       1.10487454834      0.178315916677      0.178315916677      0.195805440817    
   7.00000000000      0.299361841676E-02  0.552683790803      0.236915346691E-17   1.75033637252       1.10536758161      0.178612209318      0.178612209318      0.195459372166    
   7.03125000000      0.298976950134E-02  0.552930121390      0.228258592449E-17   1.75272161397       1.10586024278      0.178908055586      0.178908055586      0.195114010217    
   7.06250000000      0.298592353582E-02  0.553176263183      0.221548391148E-17   1.75509983783       1.10635252637      0.179203454191      0.179203454191      0.194769354802    
   7.09375000000      0.298208056274E-02  0.553422213461      0.234754646826E-17   1.75747103195       1.10684442692      0.179498403870      0.179498403870      0.194425405720    
   7.12500000000      0.297824062433E-02  0.553667969519      0.196574549212E-17   1.75983518441       1.10733593904      0.179792903393      0.179792903393      0.194082162732    
   7.15625000000      0.297440376248E-02  0.553913528677      0.250116643756E-17   1.76219228348       1.10782705735      0.180086951555      0.180086951555      0.193739625567    
   7.18750000000      0.297057001874E-02  0.554158888276      0.215434910538E-17   1.76454231767       1.10831777655      0.180380547180      0.180380547180      0.193397793917    
   7.21875000000      0.296673943431E-02  0.554404045679      0.159855880505E-17   1.76688527568       1.10880809136      0.180673689119      0.180673689119      0.193056667442    
   7.25000000000      0.296291205008E-02  0.554648998270      0.167863835572E-17   1.76922114645       1.10929799654      0.180966376251      0.180966376251      0.192716245769    
   7.28125000000      0.295908790658E-02  0.554893743455      0.130861355888E-17   1.77154991911       1.10978748691      0.181258607481      0.181258607481      0.192376528492    
   7.31250000000      0.295526704399E-02  0.555138278660      0.181559984571E-17   1.77387158302       1.11027655732      0.181550381743      0.181550381743      0.192037515174    
   7.34375000000      0.295144950220E-02  0.555382601335      0.161407159114E-17   1.77618612774       1.11076520267      0.181841697995      0.181841697995      0.191699205344    
   7.37500000000      0.294763532071E-02  0.555626708950      0.207034066318E-17   1.77849354305       1.11125341790      0.182132555224      0.182132555224      0.191361598503    
   7.40625000000      0.294382453872E-02  0.555870598997      0.117987485848E-17   1.78079381894       1.11174119799      0.182422952439      0.182422952439      0.191024694120    
   7.43750000000      0.294001719509E-02  0.556114268990      0.150268211320E-17   1.78308694561       1.11222853798      0.182712888678      0.182712888678      0.190688491633    
   7.46875000000      0.293621332832E-02  0.556357716463      0.156458866481E-17   1.78537291348       1.11271543293      0.183002363005      0.183002363005      0.190352990454    
   7.50000000000      0.293241297661E-02  0.556600938972      0.139832283910E-17   1.78765171317       1.11320187794      0.183291374505      0.183291374505      0.190018189962    
   7.53125000000      0.292861617781E-02  0.556843934096      0.159430971725E-17   1.78992333550       1.11368786819      0.183579922292      0.183579922292      0.189684089511    
   7.56250000000      0.292482296942E-02  0.557086699433      0.181929012328E-17   1.79240981905       1.11417339887      0.183868005504      0.183868005504      0.189350688426    
   7.59375000000      0.292103338863E-02  0.557329232603      0.134073803183E-17   1.79499511259       1.11465846521      0.184155623300      0.184155623300      0.189017986003    
   7.62500000000      0.291724747229E-02  0.557571531249      0.154857537004E-17   1.79757401253       1.11514306250      0.184442774868      0.184442774868      0.188685981513    
   7.65625000000      0.291346525691E-02  0.557813593033      0.153928665738E-17   1.80014650502       1.11562718607      0.184729459416      0.184729459416      0.188354674200    
   7.68750000000      0.290968677869E-02  0.558055415639      0.108191814284E-17   1.80271257643       1.11611083128      0.185015676178      0.185015676178      0.188024063284    
   7.71875000000      0.290591207347E-02  0.558296996773      0.108477963007E-17   1.80527221332       1.11659399355      0.185301424409      0.185301424409      0.187694147955    
   7.75000000000      0.290214117678E-02  0.558538334162      0.128310079458E-17   1.80782540245       1.11707666832      0.185586703389      0.185586703389      0.187364927384    
   7.78125000000      0.289837412382E-02  0.558779425551      0.117207612056E-17   1.81037213075       1.11755885110      0.185871512419      0.185871512419      0.187036400713    
   7.81250000000      0.289461094944E-02  0.559020268712      0.900045953466E-18   1.81291238538       1.11804053742      0.186155850825      0.186155850825      0.186708567062    
   7.84375000000      0.289085168818E-02  0.559260861432      0.102266315871E-17   1.81544615367       1.11852172286      0.186439717953      0.186439717953      0.186381425527    
   7.87500000000      0.288709637425E-02  0.559501201524      0.885546162208E-18   1.81797342314       1.11900240305      0.186723113171      0.186723113171      0.186054975182    
   7.90625000000      0.288334504154E-02  0.559741286817      0.419994825326E-18   1.82049418153       1.11948257363      0.187006035870      0.187006035870      0.185729215077    
   7.93750000000      0.287959772358E-02  0.559981115166      0.658914738572E-18   1.82300841675       1.11996223033      0.187288485462      0.187288485462      0.185404144242    
   7.96875000000      0.287585445363E-02  0.560220684444      0.825464081189E-18   1.82551611689       1.12044136889      0.187570461380      0.187570461380      0.185079761683    
   8.00000000000      0.287211526457E-02  0.560459992543      0.794228628072E-18   1.82801727027       1.12091998509      0.187851963078      0.187851963078      0.184756066387    
   8.03125000000      0.286838018898E-02  0.560699037381      0.187308310508E-18   1.83051186538       1.12139807476      0.188132990031      0.188132990031      0.184433057319    
   8.06250000000      0.286464925912E-02  0.560937816892      0.838176642852E-19   1.83299989089       1.12187563378      0.188413541733      0.188413541733      0.184110733425    
   8.09375000000      0.286092250693E-02  0.561176329032      0.107478149143E-17   1.83548133567       1.12235265806      0.188693617701      0.188693617701      0.183789093630    
   8.12500000000      0.285719996402E-02  0.561414571779      0.854592692559E-18   1.83795618880       1.12282914356      0.188973217469      0.188973217469      0.183468136840    
   8.15625000000      0.285348166166E-02  0.561652543129      0.102979481081E-17   1.84042443952       1.12330508626      0.189252340593      0.189252340593      0.183147861944    
   8.18750000000      0.284976763084E-02  0.561890241102      0.910255469890E-18   1.84288607727       1.12378048220      0.189530986646      0.189530986646      0.182828267810    
   8.21875000000      0.284605790220E-02  0.562127663735      0.529645018432E-18   1.84534109169       1.12425532747      0.189809155223      0.189809155223      0.182509353289    
   8.25000000000      0.284235250608E-02  0.562364809086      0.277443916427E-18   1.84778947259       1.12472961817      0.190086845936      0.190086845936      0.182191117214    
   8.28125000000      0.283865147249E-02  0.562601675237      0.486657706309E-18   1.85023120999       1.12520335047      0.190364058416      0.190364058416      0.181873558404    
   8.31250000000      0.283495483112E-02  0.562838260284      0.672508178223E-18   1.85266629406       1.12567652057      0.190640792314      0.190640792314      0.181556675656    
   8.34375000000      0.283126261135E-02  0.563074562349      0.393616846606E-18   1.85509471520       1.12614912470      0.190917047297      0.190917047297      0.181240467756    
   8.37500000000      0.282757484226E-02  0.563310579571      0.125748728901E-18   1.85751646397       1.12662115914      0.191192823051      0.191192823051      0.180924933470    
   8.40625000000      0.282389155260E-02  0.563546310110      0.193845391822E-18   1.85993153112       1.12709262022      0.191468119279      0.191468119279      0.180610071551    
   8.43750000000      0.282021277079E-02  0.563781752145      0.544565661329E-18   1.86233990760       1.12756350429      0.191742935704      0.191742935704      0.180295880736    
   8.46875000000      0.281653852498E-02  0.564016903877      0.247972379166E-18   1.86474158452       1.12803380775      0.192017272064      0.192017272064      0.179982359748    
   8.50000000000      0.281286884298E-02  0.564251763525      0.282549036710E-18   1.86713655320       1.12850352705      0.192291128114      0.192291128114      0.179669507296    
   8.53125000000      0.280920375229E-02  0.564486329329     -0.910697451915E-19   1.86952480512       1.12897265866      0.192564503627      0.192564503627      0.179357322075    
   8.56250000000      0.280554328012E-02  0.564720599548     -0.499699584935E-18   1.87190633195       1.12944119910      0.192837398392      0.192837398392      0.179045802765    
   8.59375000000      0.280188745334E-02  0.564954572462     -0.416804321721E-19   1.87428112556       1.12990914492      0.193109812213      0.193109812213      0.178734948035    
   8.62500000000      0.279823629855E-02  0.565188246368      0.295335235574E-18   1.87664917799       1.13037649274      0.193381744914      0.193381744914      0.178424756541    
   8.65625000000      0.279458984202E-02  0.565421619587      0.375082119614E-18   1.87901048144       1.13084323917      0.193653196330      0.193653196330      0.178115226927    
   8.68750000000      0.279094810971E-02  0.565654690454     -0.493938988879E-19   1.88136502833       1.13130938091      0.193924166315      0.193924166315      0.177806357823    
   8.71875000000      0.278731112731E-02  0.565887457328     -0.797853209143E-18   1.88371281124       1.13177491466      0.194194654738      0.194194654738      0.177498147851    
   8.75000000000      0.278367892017E-02  0.566119918585     -0.459017516696E-18   1.88605382292       1.13223983717      0.194464661482      0.194464661482      0.177190595620    
   8.78125000000      0.278005151336E-02  0.566352072621     -0.389295257352E-18   1.88838805632       1.13270414524      0.194734186447      0.194734186447      0.176883699727    
   8.81250000000      0.277642893164E-02  0.566583917851      0.926385829805E-19   1.89071550456       1.13316783570      0.195003229545      0.195003229545      0.176577458761    
   8.84375000000      0.277281119947E-02  0.566815452710      0.273895304036E-18   1.89303616093       1.13363090542      0.195271790705      0.195271790705      0.176271871300    
   8.87500000000      0.276919834102E-02  0.567046675650     -0.164154753304E-18   1.89535001891       1.13409335130      0.195539869869      0.195539869869      0.175966935912    
   8.90625000000      0.276559038016E-02  0.567277585145     -0.136883617765E-18   1.89765707214       1.13455517029      0.195807466994      0.195807466994      0.175662651157    
   8.93750000000      0.276198734047E-02  0.567508179686      0.336712894676E-18   1.89995731446       1.13501635937      0.196074582051      0.196074582051      0.175359015584    
   8.96875000000      0.275838924521E-02  0.567738457782     -0.178518120847E-18   1.90225073987       1.13547691556      0.196341215024      0.196341215024      0.175056027735    
   9.00000000000      0.275479611737E-02  0.567968417964     -0.292892852862E-18   1.90453734253       1.13593683593      0.196607365910      0.196607365910      0.174753686144    
   9.03125000000      0.275120797966E-02  0.568198058778     -0.393546305589E-18   1.90681711682       1.13639611756      0.196873034721      0.196873034721      0.174451989336    
   9.06250000000      0.274762485445E-02  0.568427378791      0.105655968654E-18   1.90909005724       1.13685475758      0.197138221481      0.197138221481      0.174150935829    
   9.09375000000      0.274404676388E-02  0.568656376587     -0.230709223934E-18   1.91135615850       1.13731275317      0.197402926227      0.197402926227      0.173850524133    
   9.12500000000      0.274047372975E-02  0.568885050772     -0.167403765635E-18   1.91361541546       1.13777010154      0.197667149009      0.197667149009      0.173550752753    
   9.15625000000      0.273690577361E-02  0.569113399965     -0.701803412834E-19   1.91586782317       1.13822679993      0.197930889889      0.197930889889      0.173251620186    
   9.18750000000      0.273334291670E-02  0.569341422807     -0.471538651553E-18   1.91811337685       1.13868284561      0.198194148942      0.198194148942      0.172953124922    
   9.21875000000      0.272978517999E-02  0.569569117956     -0.482690834653E-18   1.92035207186       1.13913823591      0.198456926255      0.198456926255      0.172655265447    
   9.25000000000      0.272623258415E-02  0.569796484090     -0.117175737805E-18   1.92258390377       1.13959296818      0.198719221925      0.198719221925      0.172358040240    
   9.28125000000      0.272268514958E-02  0.570023519902     -0.994353542033E-18   1.92480886829       1.14004703980      0.198981036064      0.198981036064      0.172061447775    
   9.31250000000      0.271914289641E-02  0.570250224106     -0.998406696752E-18   1.92702696131       1.14050044821      0.199242368792      0.199242368792      0.171765486521    
   9.34375000000      0.271560584445E-02  0.570476595431     -0.104967475775E-17   1.92923817889       1.14095319086      0.199503220244      0.199503220244      0.171470154943    
   9.37500000000      0.271207401328E-02  0.570702632626     -0.119490702951E-17   1.93144251725       1.14140526525      0.199763590562      0.199763590562      0.171175451501    
   9.40625000000      0.270854742217E-02  0.570928334457     -0.657931339841E-18   1.93363997278       1.14185666891      0.200023479904      0.200023479904      0.170881374650    
   9.43750000000      0.270502609012E-02  0.571153699708     -0.375904711307E-18   1.93583054204       1.14230739942      0.200282888433      0.200282888433      0.170587922843    
   9.46875000000      0.270151003586E-02  0.571378727180     -0.645122789971E-18   1.93801422174       1.14275745436      0.200541816326      0.200541816326      0.170295094527    
   9.50000000000      0.269799927786E-02  0.571603415693     -0.108425506307E-17   1.94019100876       1.14320683139      0.200800263772      0.200800263772      0.170002888150    
   9.53125000000      0.269449383428E-02  0.571827764082     -0.723505652157E-18   1.94236090016       1.14365552816      0.201058230965      0.201058230965      0.169711302152    
   9.56250000000      0.269099372305E-02  0.572051771200     -0.105028838935E-17   1.94452389313       1.14410354240      0.201315718114      0.201315718114      0.169420334973    
   9.59375000000      0.268749896180E-02  0.572275435920     -0.132704985589E-17   1.94667998506       1.14455087184      0.201572725434      0.201572725434      0.169129985052    
   9.62500000000      0.268400956792E-02  0.572498757129     -0.882021275535E-18   1.94882917347       1.14499751426      0.201829253153      0.201829253153      0.168840250822    
   9.65625000000      0.268052555850E-02  0.572721733731     -0.102569562894E-17   1.95097145604       1.14544346746      0.202085301507      0.202085301507      0.168551130718    
   9.68750000000      0.267704695040E-02  0.572944364650     -0.907305602399E-18   1.95310683064       1.14588872930      0.202340870740      0.202340870740      0.168262623170    
   9.71875000000      0.267357376019E-02  0.573166648824     -0.970858651935E-18   1.95523529527       1.14633329765      0.202595961107      0.202595961107      0.167974726609    
   9.75000000000      0.267010600418E-02  0.573388585208     -0.125745470345E-17   1.95735684810       1.14677717042      0.202850572872      0.202850572872      0.167687439465    
   9.78125000000      0.266664369843E-02  0.573610172776     -0.996348668333E-18   1.95947148745       1.14722034555      0.203104706305      0.203104706305      0.167400760166    
   9.81250000000      0.266318685873E-02  0.573831410517     -0.120912577788E-17   1.96157921181       1.14766282103      0.203358361689      0.203358361689      0.167114687139    
   9.84375000000      0.265973550062E-02  0.574052297436     -0.134857795035E-17   1.96368001981       1.14810459487      0.203611539312      0.203611539312      0.166829218812    
   9.87500000000      0.265628963939E-02  0.574272832555     -0.137701287286E-17   1.96577391025       1.14854566511      0.203864239471      0.203864239471      0.166544353612    
   9.90625000000      0.265284929004E-02  0.574493014913     -0.624674488193E-18   1.96801145601       1.14898602983      0.204116462473      0.204116462473      0.166260089968    
   9.93750000000      0.264941446735E-02  0.574712843565     -0.809151414913E-18   1.97041885325       1.14942568713      0.204368208630      0.204368208630      0.165976426306    
   9.96875000000      0.264598518583E-02  0.574932317582     -0.144014177939E-17   1.97281989601       1.14986463516      0.204619478264      0.204619478264      0.165693361055    
   10.0000000000      0.264256145975E-02  0.575151436052     -0.106263955338E-17   1.97521457851       1.15030287210      0.204870271704      0.204870271704      0.165410892644    
