   0.00000000000      0.364819819404E-02  0.375000000000     -0.526383348196E-03   2.17787931986      0.750000000000      0.122764855612      0.753900975688E-01  0.176845046819    
  0.125000000000      0.364429838159E-02  0.382099208496     -0.525739677816E-03   2.20550474256      0.764198416991      0.123324693993      0.787024557654E-01  0.180072058737    
  0.250000000000      0.363932684903E-02  0.391149441057     -0.525099244693E-03   2.22218811659      0.782298882113      0.125332241908      0.828627637451E-01  0.182954435403    
  0.375000000000      0.363324593513E-02  0.402219247997     -0.524459919892E-03   2.22657759373      0.804438495995      0.128813997834      0.878828449376E-01  0.185522405226    
  0.500000000000      0.362601049891E-02  0.415390793890     -0.523824565608E-03   2.39821012882      0.830781587781      0.133787475144      0.937684198398E-01  0.187834898907    
  0.625000000000      0.361757117838E-02  0.430753927351     -0.523201051374E-03   2.60723485418      0.861507854701      0.140259630719      0.100518958038      0.189975338593    
  0.750000000000      0.360787969297E-02  0.448396530538     -0.522601904792E-03   2.82879903474      0.896793061077      0.148224335131      0.108127670971      0.192044524436    
  0.875000000000      0.359689553273E-02  0.468392343819     -0.522043771342E-03   3.06410278839      0.936784687637      0.157659362411      0.116581454135      0.194151527272    
   1.00000000000      0.358459295603E-02  0.490788227762     -0.521546954828E-03   3.30302205643      0.981576455524      0.168523696340      0.125860662459      0.196403868962    
   1.12500000000      0.357096699172E-02  0.515593236130     -0.521135273755E-03   3.55911991576       1.03118647226      0.180756073587      0.135938723793      0.198898438750    
   1.25000000000      0.355603724289E-02  0.542771689292     -0.520836274884E-03   3.81120768688       1.08554337858      0.194275482186      0.146781713566      0.201714493540    
   1.37500000000      0.353984874618E-02  0.572241607012     -0.520681553347E-03   4.06322597402       1.14448321402      0.208983826930      0.158348082745      0.204909697337    
   1.50000000000      0.352246982773E-02  0.603878608844     -0.520706666900E-03   4.33192043404       1.20775721769      0.224770353165      0.170588725656      0.208519530023    
   1.62500000000      0.350398757571E-02  0.637524154731     -0.520950038345E-03   4.58471341609       1.27504830946      0.241516952362      0.183447500100      0.212559702270    
   1.75000000000      0.348450198047E-02  0.672996212733     -0.521450394812E-03   4.84533845981       1.34599242547      0.259103340200      0.196862203991      0.217030668542    
   1.87500000000      0.346411986080E-02  0.710100317634     -0.522242667488E-03   5.11782652598       1.42020063527      0.277411304650      0.210765916914      0.221923096069    
   2.00000000000      0.344294944850E-02  0.748639431181     -0.523352739465E-03   5.37239979669       1.49727886236      0.296327618381      0.225088565256      0.227223247543    
   2.12500000000      0.342109610959E-02  0.788421732827     -0.524791811254E-03   5.61695755726       1.57684346565      0.315745605298      0.239758572474      0.232917555055    
   2.25000000000      0.339865931140E-02  0.829266141574     -0.526551327586E-03   5.89168072923       1.65853228315      0.335565615653      0.254704492602      0.238996033319    
   2.37500000000      0.337573070622E-02  0.871005804403     -0.528599347636E-03   6.14710364405       1.74201160881      0.355694765753      0.269856568182      0.245454470468    
   2.50000000000      0.335239310965E-02  0.913489955762     -0.530879004426E-03   6.38573150414       1.82697991152      0.376046274831      0.285148184384      0.252295496546    
   2.62500000000      0.332872016181E-02  0.956584533941     -0.533309386527E-03   6.63529667342       1.91316906788      0.396538643957      0.300517204822      0.259528685162    
   2.75000000000      0.330477651373E-02   1.00017184157     -0.535788871684E-03   6.92126661300       2.00034368314      0.417094820691      0.315907176670      0.267169844209    
   2.87500000000      0.328061843353E-02   1.04414944228     -0.538200695098E-03   7.19679375366       2.08829888456      0.437641409512      0.331268390507      0.275239642259    
   3.00000000000      0.325629475448E-02   1.08842843511     -0.540420355884E-03   7.42737697535       2.17685687022      0.458107936499      0.346558777880      0.283761720731    
   3.12500000000      0.323184808662E-02   1.13293124914     -0.542324343400E-03   7.66886385680       2.26586249829      0.478426161913      0.361744628575      0.292760458655    
   3.25000000000      0.320731619311E-02   1.17758913837     -0.543799584081E-03   7.96881295218       2.35517827674      0.498529452901      0.376801110838      0.302258574629    
   3.37500000000      0.318273340402E-02   1.22233960816     -0.544752955778E-03   8.23674776237       2.44467921631      0.518352270360      0.391712582402      0.312274755394    
   3.50000000000      0.315813191864E-02   1.26712404463     -0.545120184724E-03   8.42197951920       2.53424808926      0.537829871983      0.406472688376      0.322821484270    
   3.62500000000      0.313354284319E-02   1.31188582557     -0.544873432421E-03   8.70107922818       2.62377165114      0.556898367315      0.421084251537      0.333903206718    
   3.75000000000      0.310899683212E-02   1.35656915270     -0.544026905336E-03   8.91616293691       2.71313830541      0.575495262235      0.435558966450      0.345514924019    
   3.87500000000      0.308452424915E-02   1.40111875838     -0.542639892773E-03   9.06388058842       2.80223751675      0.593560589853      0.449916906289      0.357641262234    
   4.00000000000      0.306015483144E-02   1.44548051639     -0.540816770632E-03   9.31370660058       2.89096103278      0.611038644841      0.464185838209      0.370256033339    
   4.12500000000      0.303591691600E-02   1.48960284993     -0.538703706976E-03   9.45446866452       2.97920569985      0.627880233776      0.478400323421      0.383322292730    
   4.25000000000      0.301183635457E-02   1.53343870656     -0.536482062274E-03   9.72945086693       3.06687741312      0.644045247810      0.492600560615      0.396792898132    
   4.37500000000      0.298793528956E-02   1.57694778613     -0.534358769330E-03   10.0789515802       3.15389557226      0.659505280395      0.506830926749      0.410611578989    
   4.50000000000      0.296423098044E-02   1.62009867703     -0.532554268813E-03   10.5113549119       3.24019735405      0.674245970676      0.521138185925      0.424714520425    
   4.62500000000      0.294073485542E-02   1.66287058224     -0.531288825838E-03   10.8478056372       3.32574116449      0.688268761984      0.535569376985      0.439032443273    
   4.75000000000      0.291745192285E-02   1.70525439069     -0.530768229394E-03   11.2184638279       3.41050878139      0.701591822785      0.550169448087      0.453493119820    
   4.87500000000      0.289438061896E-02   1.74725295432     -0.531169964512E-03   11.5213372141       3.49450590863      0.714249973569      0.564978770656      0.468024210091    
   5.00000000000      0.287151310393E-02   1.78888054900     -0.532630947336E-03   11.7941949622       3.57776109799      0.726293580003      0.580030721837      0.482556247155    
