   0.00000000000      0.260598633471E-02  0.375000000000     -0.135793775951E-04   1.48892228319      0.750000000000      0.826718206715E-01  0.826579556846E-01  0.209670223644    
  0.125000000000      0.260193312224E-02  0.382378636908     -0.135747882446E-04   1.57395743570      0.764757273817      0.871098178891E-01  0.870955313941E-01  0.208173287625    
  0.250000000000      0.259725261736E-02  0.390899222464     -0.135700946526E-04   1.66627470941      0.781798444928      0.921227164886E-01  0.921079481906E-01  0.206668557785    
  0.375000000000      0.259192135698E-02  0.400604469423     -0.135653922966E-04   1.76366360408      0.801208938846      0.977105096859E-01  0.976952015246E-01  0.205198758213    
  0.500000000000      0.258591781480E-02  0.411533564977     -0.135607874096E-04   1.86468008006      0.823067129955      0.103870987737      0.103855084355      0.203807492885    
  0.625000000000      0.257922328170E-02  0.423720567994     -0.135563879634E-04   1.96636842412      0.847441135988      0.110599510147      0.110582959500      0.202538098348    
  0.750000000000      0.257182270347E-02  0.437192884052     -0.135522915230E-04   2.07187236808      0.874385768103      0.117888782581      0.117871536689      0.201432564781    
  0.875000000000      0.256370541945E-02  0.451969920708     -0.135485705952E-04   2.19017028812      0.903939841416      0.125728674349      0.125710690181      0.200530556178    
   1.00000000000      0.255486574575E-02  0.468062025770     -0.135452565030E-04   2.30364796886      0.936124051540      0.134106112085      0.134087352529      0.199868561156    
   1.12500000000      0.254530335303E-02  0.485469799532     -0.135423231669E-04   2.42025325688      0.970939599064      0.143005077905      0.142985512791      0.199479208837    
   1.25000000000      0.253502340220E-02  0.504183847703     -0.135396723952E-04   2.54749402009       1.00836769541      0.152406727233      0.152386334327      0.199390786143    
   1.37500000000      0.252403642035E-02  0.524185007089     -0.135371223263E-04   2.66479835102       1.04837001418      0.162289625206      0.162268391128      0.199626990754    
   1.50000000000      0.251235792190E-02  0.545445035284     -0.135344004861E-04   2.79832638047       1.09089007057      0.172630084464      0.172608005465      0.200206945355    
   1.62500000000      0.250000780222E-02  0.567927714432     -0.135311425365E-04   2.92984088525       1.13585542886      0.183402574243      0.183379656805      0.201145483385    
   1.75000000000      0.248700955064E-02  0.591590283784     -0.135268972249E-04   3.05214207064       1.18318056757      0.194580163281      0.194556424520      0.202453695983    
   1.87500000000      0.247338934324E-02  0.616385091342     -0.135211373854E-04   3.18455942825       1.23277018268      0.206134958012      0.206110425874      0.204139707456    
   2.00000000000      0.245917508107E-02  0.642261344561     -0.135132761885E-04   3.32132771898       1.28452268912      0.218038502364      0.218013215627      0.206209626570    
   2.12500000000      0.244439543794E-02  0.669166843985     -0.135026872895E-04   3.47047152973       1.33833368797      0.230262114655      0.230236122769      0.208668606561    
   2.25000000000      0.242907897252E-02  0.697049599554     -0.134887271645E-04   3.60801208760       1.39409919911      0.242777148400      0.242750511172      0.211521939982    
   2.37500000000      0.241325334716E-02  0.725859252854     -0.134707577978E-04   3.75825907637       1.45171850571      0.255555175039      0.255527962213      0.214776115602    
   2.50000000000      0.239694468098E-02  0.755548254781     -0.134481679875E-04   3.90405782654       1.51109650956      0.268568095919      0.268540386634      0.218439772228    
   2.62500000000      0.238017705176E-02  0.786072772385     -0.134203918282E-04   4.05918282360       1.57214554477      0.281788196950      0.281760079100      0.222524496335    
   2.75000000000      0.236297215052E-02  0.817393317720     -0.133869233400E-04   4.21926334845       1.63478663544      0.295188161911      0.295159731380      0.227045424428    
   2.87500000000      0.234534908601E-02  0.849475103838     -0.133473266617E-04   4.38454456178       1.69895020768      0.308741059565      0.308712419318      0.232021624955    
   3.00000000000      0.232732433298E-02  0.882288138796     -0.133012416386E-04   4.56047827841       1.76457627759      0.322420316549      0.322391575544      0.237476246703    
   3.12500000000      0.230891181818E-02  0.915807069248     -0.132483849667E-04   4.74187170186       1.83161413850      0.336199683692      0.336170955579      0.243436429977    
   3.25000000000      0.229012313836E-02  0.950010783487     -0.131885472755E-04   4.92336834909       1.90002156697      0.350053199549      0.350024601130      0.249932982808    
   3.37500000000      0.227096790576E-02  0.984881782569     -0.131215866517E-04   5.12700963903       1.96976356514      0.363955152995      0.363926802449      0.256999827126    
   3.50000000000      0.225145421512E-02   1.02040533006     -0.130474191465E-04   5.31683693954       2.04081066011      0.377880047776      0.377852062668      0.264673219611    
   3.62500000000      0.223158922268E-02   1.05656839808     -0.129660068090E-04   5.50859522285       2.11313679616      0.391802576372      0.391775071519      0.272990750189    
   3.75000000000      0.221137982004E-02   1.09335844059     -0.128773437886E-04   5.72522559948       2.18671688119      0.405697617953      0.405670703244      0.281990119397    
   3.87500000000      0.219083337603E-02   1.13076204298     -0.127814410770E-04   5.92723429222       2.26152408596      0.419540284059      0.419514062361      0.291707696562    
   4.00000000000      0.216995850766E-02   1.16876351848     -0.126783105336E-04   6.13477548874       2.33752703697      0.433306043625      0.433280608932      0.302176865927    
   4.12500000000      0.214876583059E-02   1.20734354208     -0.125679489500E-04   6.33648035790       2.41468708416      0.446970963385      0.446946399346      0.313426179348    
   4.25000000000      0.212726863114E-02   1.24647792716     -0.124503230347E-04   6.52484713496       2.49295585432      0.460512097977      0.460488476925      0.325477352256    
   4.37500000000      0.210548339928E-02   1.28613665511     -0.123253562940E-04   6.72830377534       2.57227331023      0.473908054646      0.473885437219      0.338343163250    
   4.50000000000      0.208343016682E-02   1.32628325969     -0.121929188123E-04   6.93848328880       2.65256651938      0.487139740255      0.487118175616      0.352025343820    
   4.62500000000      0.206113260709E-02   1.36687464547     -0.120528208486E-04   7.13199241942       2.73374929093      0.500191274745      0.500170801405      0.366512569316    
   4.75000000000      0.203861787178E-02   1.40786138472     -0.119048109583E-04   7.30772561160       2.81572276944      0.513051028457      0.513031675629      0.381778680636    
   4.87500000000      0.201591616514E-02   1.44918849263     -0.117485790183E-04   7.46246326354       2.89837698526      0.525712714547      0.525694503954      0.397781274129    
   5.00000000000      0.199306008184E-02   1.49079663261     -0.115837641338E-04   7.59379638899       2.98159326521      0.538176446062      0.538159394102      0.414460792443    
