   0.00000000000      0.246421608317E-02  0.375000000000     -0.829738772649E-07   1.92361436664      0.750000000000      0.838273956955E-01  0.837594024941E-01  0.207413201810    
  0.125000000000      0.246198941032E-02  0.384120303187     -0.825856563064E-07   2.05252782499      0.768240606374      0.889493963950E-01  0.888801858416E-01  0.206290720950    
  0.250000000000      0.245934195527E-02  0.394964109512     -0.821638801305E-07   2.18901034806      0.789928219024      0.948711327288E-01  0.948005589924E-01  0.205292417791    
  0.375000000000      0.245624237305E-02  0.407659802534     -0.816977225816E-07   2.33437119819      0.815319605067      0.101617359442      0.101545286330      0.204497156762    
  0.500000000000      0.245265901194E-02  0.422337023758     -0.811743614881E-07   2.48620270877      0.844674047516      0.109211565508      0.109137864888      0.203987593361    
  0.625000000000      0.244856134286E-02  0.439120818388     -0.805787018068E-07   2.64611723946      0.878241636776      0.117674396267      0.117598947752      0.203847474369    
  0.750000000000      0.244392158166E-02  0.458124990978     -0.798933261845E-07   2.81242455352      0.916249981956      0.127021925646      0.126944618078      0.204158447255    
  0.875000000000      0.243871635753E-02  0.479445271300     -0.790987444361E-07   2.98855627197      0.958890542599      0.137264006482      0.137184741509      0.204996523308    
   1.00000000000      0.243292823210E-02  0.503153091571     -0.781739432726E-07   3.17461485219       1.00630618314      0.148402943410      0.148321641110      0.206428507050    
   1.12500000000      0.242654685517E-02  0.529290850705     -0.770971454089E-07   3.36816885358       1.05858170141      0.160432698366      0.160349304482      0.208508847857    
   1.25000000000      0.241956956875E-02  0.557869438766     -0.758465981249E-07   3.56751655024       1.11573887753      0.173338760925      0.173253254977      0.211277422864    
   1.37500000000      0.241200133779E-02  0.588868518795     -0.744011579284E-07   3.77852390176       1.17773703759      0.187098715606      0.187011118986      0.214758684202    
   1.50000000000      0.240385398019E-02  0.622239680492     -0.727404486250E-07   3.99999132802       1.24447936098      0.201683442727      0.201593825893      0.218962411873    
   1.62500000000      0.239514476142E-02  0.657912196999     -0.708444554856E-07   4.22135187250       1.31582439400      0.217058820256      0.216967308368      0.223886068375    
   1.75000000000      0.238589448901E-02  0.695800831058     -0.686925613918E-07   4.45815389018       1.39160166212      0.233187760493      0.233094537107      0.229518533457    
   1.87500000000      0.237612527553E-02  0.735814999468     -0.662621914486E-07   4.68809408752       1.47162999894      0.250032411558      0.249937720347      0.235844867562    
   2.00000000000      0.236585813965E-02  0.777868600097     -0.635273629585E-07   4.94468632718       1.55573720019      0.267556363312      0.267460508116      0.242851728670    
   2.12500000000      0.235511059915E-02  0.821889871379     -0.604575026562E-07   5.20563046764       1.64377974276      0.285726700780      0.285630044444      0.250533126156    
   2.25000000000      0.234389439524E-02  0.867830713196     -0.570168797216E-07   5.48400031104       1.73566142639      0.304515730208      0.304418692737      0.258896290251    
   2.37500000000      0.233221348901E-02  0.915674892200     -0.531649151651E-07   5.76998173227       1.83134978440      0.323902160052      0.323805216399      0.267967515750    
   2.50000000000      0.232006249195E-02  0.965444469337     -0.488574738916E-07   6.07907413005       1.93088893867      0.343871465430      0.343775142803      0.277797861104    
   2.62500000000      0.230742572205E-02   1.01720366447     -0.440490318997E-07   6.40660829890       2.03440732894      0.364415135037      0.364320008922      0.288468520512    
   2.75000000000      0.229427709303E-02   1.07105930927     -0.386953557825E-07   6.76933251083       2.14211861854      0.385528548397      0.385435235634      0.300095525240    
   2.87500000000      0.228058101480E-02   1.12715715924     -0.327560944896E-07   7.15204480641       2.25431431848      0.407207416347      0.407116562819      0.312833180075    
   3.00000000000      0.226629438645E-02   1.18567373211     -0.261965964971E-07   7.56878103647       2.37134746422      0.429443066942      0.429355326986      0.326875338183    
   3.12500000000      0.225136960252E-02   1.24680399795     -0.189885427084E-07   8.04914675176       2.49360799591      0.452217328133      0.452133333081      0.342453336739    
   3.25000000000      0.223575830911E-02   1.31074599759     -0.111098619856E-07   8.54881338999       2.62149199518      0.475498203951      0.475418518548      0.359829275090    
   3.37500000000      0.221941550807E-02   1.37768403403     -0.254591415180E-08   9.08721253573       2.75536806805      0.499237747212      0.499162815141      0.379283471673    
   3.50000000000      0.220230357027E-02   1.44777223222      0.670450738395E-08   9.61644376647       2.89554446445      0.523373307465      0.523303390503      0.401095534256    
   3.62500000000      0.218439579194E-02   1.52111996655      0.166148351318E-07   10.1596549498       3.04223993311      0.547832637638      0.547767756425      0.425519572491    
   3.75000000000      0.216567925666E-02   1.59778012963      0.271084629659E-07   10.6541210929       3.19556025925      0.572542362736      0.572482249626      0.452755517265    
   3.87500000000      0.214615687182E-02   1.67774078384      0.380376281854E-07   11.1574285257       3.35548156769      0.597438413884      0.597382488920      0.482919881040    
   4.00000000000      0.212584847904E-02   1.76092060892      0.491821935304E-07   11.5627524156       3.52184121783      0.622476582518      0.622423961936      0.516020064462    
   4.12500000000      0.210479090329E-02   1.84716870117      0.602889664098E-07   11.9524917514       3.69433740234      0.647641517330      0.647591060655      0.551936123183    
   4.25000000000      0.208303676710E-02   1.93626943432      0.711576543435E-07   12.3129661500       3.87253886864      0.672953102292      0.672903500094      0.590412831936    
   4.37500000000      0.206065194743E-02   2.02795288335      0.817496425643E-07   12.5862825058       4.05590576671      0.698469780367      0.698419680796      0.631063422190    
   4.50000000000      0.203771177288E-02   2.12191040994      0.922661568155E-07   12.8054748628       4.24382081988      0.724288571488      0.724236739387      0.673385099066    
   4.62500000000      0.201429646944E-02   2.21781332755      0.103135571353E-06   12.9198901802       4.43562665511      0.750541114698      0.750486612030      0.716785600825    
   4.75000000000      0.199048686380E-02   2.31533051046      0.114877754792E-06   13.0048994006       4.63066102092      0.777384353025      0.777326723932      0.760619433501    
   4.87500000000      0.196636171041E-02   2.41413934885      0.127866361569E-06   13.0126220699       4.82827869771      0.804984181904      0.804923622280      0.804231544669    
   5.00000000000      0.194199792309E-02   2.51392480414      0.142061447041E-06   13.0058095339       5.02784960828      0.833491269277      0.833428761732      0.847004773132    
