   0.00000000000      0.260346085574E-02  0.375000000000     -0.326165165873E-05   2.37465556980      0.750000000000      0.104615673980      0.800337337414E-01  0.190350592279    
  0.125000000000      0.260177041361E-02  0.381923512124     -0.325677032797E-05   2.27203943625      0.763847024249      0.108328311662      0.875139735345E-01  0.186081226928    
  0.250000000000      0.259935307567E-02  0.391824388913     -0.325157867204E-05   2.45771958003      0.783648777827      0.112569296277      0.964582952399E-01  0.182796797396    
  0.375000000000      0.259614600197E-02  0.404959984952     -0.324620381347E-05   2.70494630787      0.809919969904      0.117380026966      0.106969993751      0.180609964235    
  0.500000000000      0.259208760692E-02  0.421582514949     -0.324080099974E-05   2.97682517283      0.843165029898      0.122815271250      0.119132107196      0.179635136503    
  0.625000000000      0.258712201090E-02  0.441920828080     -0.323555286256E-05   3.27253633917      0.883841656160      0.128937916579      0.133000510990      0.179982400512    
  0.750000000000      0.258120417701E-02  0.466159377519     -0.323067344033E-05   3.59012933660      0.932318755039      0.135812207059      0.148599298109      0.181747872352    
  0.875000000000      0.257430501982E-02  0.494417300390     -0.322641831471E-05   3.92123327102      0.988834600780      0.143495786153      0.165919799022      0.185001715215    
   1.00000000000      0.256641539559E-02  0.526732067343     -0.322309793086E-05   4.26759662607       1.05346413469      0.152031512027      0.184923608479      0.189776946837    
   1.12500000000      0.255754784246E-02  0.563052336808     -0.322108516751E-05   4.62536295570       1.12610467362      0.161440639409      0.205548546253      0.196063151146    
   1.25000000000      0.254773539671E-02  0.603242783519     -0.322080443366E-05   4.99384424197       1.20648556704      0.171719095521      0.227715332065      0.203808355933    
   1.37500000000      0.253702762384E-02  0.647100346352     -0.322269208387E-05   5.36439499122       1.29420069270      0.182837938908      0.251332567352      0.212929840092    
   1.50000000000      0.252548474939E-02  0.694378276303     -0.322712711781E-05   5.74442583962       1.38875655261      0.194747922727      0.276298494396      0.223331859181    
   1.62500000000      0.251317106925E-02  0.744813145014     -0.323434248972E-05   6.13533988625       1.48962629003      0.207387000691      0.302499456576      0.234926687747    
   1.75000000000      0.250014861526E-02  0.798150804091     -0.324433497461E-05   6.53538579312       1.59630160818      0.220689083867      0.329806310872      0.247655409351    
   1.87500000000      0.248647162658E-02  0.854169032766     -0.325679228898E-05   6.94480826872       1.70833806553      0.234592412826      0.358070736864      0.261505883076    
   2.00000000000      0.247218206449E-02  0.912695902935     -0.327105065632E-05   7.37572313774       1.82539180587      0.249046317875      0.387123270576      0.276526314483    
   2.12500000000      0.245730636298E-02  0.973623079030     -0.328608653873E-05   7.81769257904       1.94724615806      0.264015692672      0.416774075380      0.292833310979    
   2.25000000000      0.244185376784E-02   1.03691261595     -0.330053487541E-05   8.27324134275       2.07382523190      0.279483096654      0.446816284650      0.310613234648    
   2.37500000000      0.242581677823E-02   1.10259515124     -0.331271440229E-05   8.71432619971       2.20519030248      0.295448944529      0.477030751736      0.330115454973    
   2.50000000000      0.240917413465E-02   1.17075767452     -0.332063066137E-05   9.19746286655       2.34151534903      0.311930683844      0.507190796968      0.351636193703    
   2.62500000000      0.239189633181E-02   1.24152095783     -0.332192446858E-05   9.65992629298       2.48304191566      0.328962293730      0.537066260407      0.375492403692    
   2.75000000000      0.237395281719E-02   1.31501007450     -0.331374862553E-05   10.1274075206       2.63002014900      0.346595988622      0.566427316875      0.401986769001    
   2.87500000000      0.235531920106E-02   1.39132485580     -0.329260129424E-05   10.6133335960       2.78264971159      0.364908339427      0.595049024575      0.431367491794    
   3.00000000000      0.233598248627E-02   1.47051844465     -0.325422048374E-05   11.0608441763       2.94103688929      0.384011938891      0.622716941688      0.463789564066    
   3.12500000000      0.231594291245E-02   1.55258972338     -0.319371681689E-05   11.4893517473       3.10517944675      0.404070035233      0.649233351285      0.499286336858    
   3.25000000000      0.229521231200E-02   1.63749006190     -0.310612355947E-05   11.9424764369       3.27498012380      0.425306122680      0.674424449707      0.537759489513    
   3.37500000000      0.227381010609E-02   1.72513976800     -0.298741548665E-05   12.3558403269       3.45027953600      0.447997305007      0.698151335960      0.578991127032    
   3.50000000000      0.225175846220E-02   1.81544797393     -0.283580976793E-05   12.7391907506       3.63089594786      0.472443815484      0.720328692385      0.622675466061    
   3.62500000000      0.222907774760E-02   1.90833127109     -0.265293357926E-05   13.0990957640       3.81666254219      0.498917449434      0.740950857534      0.668462964126    
   3.75000000000      0.220578311057E-02   2.00372767633     -0.244438502707E-05   13.3950304069       4.00745535266      0.527602653590      0.760115999708      0.716009023031    
   3.87500000000      0.218188344744E-02   2.10160080522     -0.221940554426E-05   13.6492657674       4.20320161044      0.558547534328      0.778031898361      0.765021372530    
   4.00000000000      0.215738471398E-02   2.20192626736     -0.198973996418E-05   13.8937798369       4.40385253472      0.591635247079      0.794989366535      0.815301653747    
   4.12500000000      0.213229933641E-02   2.30465311210     -0.176807682060E-05   14.4771567118       4.60930622421      0.626574567203      0.811303190928      0.866775353972    
   4.25000000000      0.210666164506E-02   2.40964064097     -0.156654729333E-05   15.4636299318       4.81928128193      0.662901497543      0.827238259459      0.919500883964    
   4.37500000000      0.208054620875E-02   2.51658336516     -0.139559023886E-05   16.4741718741       5.03316673032      0.699987481150      0.842949231712      0.973646652296    
   4.50000000000      0.205408299663E-02   2.62494896847     -0.126322820675E-05   17.5007539813       5.24989793694      0.737061672973      0.858459039871       1.02942825562    
   4.62500000000      0.202746193459E-02   2.73395969537     -0.117469134088E-05   18.2767211121       5.46791939074      0.773265165422      0.873686761884       1.08700776807    
   4.75000000000      0.200092081585E-02   2.84264188007     -0.113250116577E-05   18.9071218070       5.68528376013      0.807753119358      0.888517574504       1.14637118621    
   4.87500000000      0.197471516236E-02   2.94994935048     -0.113742136018E-05   19.2928336632       5.89989870096      0.839841528767      0.902894818734       1.20721300298    
   5.00000000000      0.194907575773E-02   3.05493729358     -0.119067646467E-05   19.6025631336       6.10987458715      0.869165891349      0.916908691880       1.26886271035    
