   0.00000000000      0.261827793410E-02  0.375000000000     -0.107584076727E-04   2.42458287151      0.750000000000      0.105632635182      0.790580943625E-01  0.190309270455    
  0.125000000000      0.261658794600E-02  0.381921539884     -0.107551320791E-04   2.30087644901      0.763843079767      0.108982592686      0.871090964665E-01  0.185829850731    
  0.250000000000      0.261412547054E-02  0.392007189230     -0.107529129912E-04   2.52837647653      0.784014378459      0.112858107230      0.967181368211E-01  0.182430945178    
  0.375000000000      0.261082406470E-02  0.405529055204     -0.107519280188E-04   2.78981456280      0.811058110409      0.117300692902      0.107990578936      0.180237783367    
  0.500000000000      0.260661919340E-02  0.422751426850     -0.107522825016E-04   3.07636362605      0.845502853701      0.122368458524      0.121008870087      0.179374098239    
  0.625000000000      0.260145326084E-02  0.443910176420     -0.107539362353E-04   3.38702644534      0.887820352839      0.128130517163      0.135824561114      0.179955098142    
  0.750000000000      0.259528134116E-02  0.469189298932     -0.107565869391E-04   3.71841086220      0.938378597864      0.134659529053      0.152453246763      0.182076523116    
  0.875000000000      0.258807672324E-02  0.498698207165     -0.107595280831E-04   4.06713010415      0.997396414329      0.142022736859      0.170874125197      0.185801345109    
   1.00000000000      0.257983498700E-02  0.532455026898     -0.107615204895E-04   4.42904576325       1.06491005380      0.150272637409      0.191034523579      0.191147865910    
   1.12500000000      0.257057536515E-02  0.570380997181     -0.107607312069E-04   4.79872276964       1.14076199436      0.159439174053      0.212857856183      0.198083966945    
   1.25000000000      0.256033876771E-02  0.612308538179     -0.107547878642E-04   5.17557003844       1.22461707636      0.169525443805      0.236252098412      0.206530995962    
   1.37500000000      0.254918282754E-02  0.658001535347     -0.107409692342E-04   5.56079990919       1.31600307069      0.180508088954      0.261115792587      0.216377653806    
   1.50000000000      0.253717513178E-02  0.707183074347     -0.107165135225E-04   5.96074633144       1.41436614869      0.192342147712      0.287339855398      0.227501071236    
   1.62500000000      0.252438601165E-02  0.759564995108     -0.106789923906E-04   6.36739884683       1.51912999022      0.204968947882      0.314805295900      0.239790751326    
   1.75000000000      0.251088189295E-02  0.814875143711     -0.106266834454E-04   6.77982108911       1.62975028742      0.218325157518      0.343378486233      0.253171499960    
   1.87500000000      0.249671965088E-02  0.872880496176     -0.105588781206E-04   7.20697099372       1.74576099235      0.232351302192      0.372906315030      0.267622878953    
   2.00000000000      0.248194206448E-02  0.933405767483     -0.104760785516E-04   7.64593581152       1.86681153497      0.246998579860      0.403213301246      0.283193886377    
   2.12500000000      0.246657447562E-02  0.996347085080     -0.103800580987E-04   8.11612504733       1.99269417016      0.262233405942      0.434101763254      0.300011915884    
   2.25000000000      0.245062301554E-02   1.06167924639     -0.102737807661E-04   8.59824596621       2.12335849279      0.278039703751      0.465354838863      0.318284703779    
   2.37500000000      0.243407502099E-02   1.12945401654     -0.101611940810E-04   9.07101128790       2.25890803309      0.294419431594      0.496741125249      0.338293459701    
   2.50000000000      0.241690224650E-02   1.19978698108     -0.100469300924E-04   9.57970900822       2.39957396216      0.311392148737      0.528019546304      0.360375286041    
   2.62500000000      0.239906699684E-02   1.27283244172     -0.993597174029E-05   10.0856523593       2.54566488344      0.328994714840      0.558943909180      0.384893817699    
   2.75000000000      0.238053037906E-02   1.34874962266     -0.983336104651E-05   10.5815892497       2.69749924532      0.347282774923      0.589267768911      0.412199078825    
   2.87500000000      0.236126086921E-02   1.42766756896     -0.974402088995E-05   11.0480746382       2.85533513792      0.366336288620      0.618750426537      0.442580853802    
   3.00000000000      0.234124091617E-02   1.50965806837     -0.967270641360E-05   11.5435845961       3.01931613674      0.386270670202      0.647163712208      0.476223685960    
   3.12500000000      0.232046983560E-02   1.59472377601     -0.962399496942E-05   12.0151800429       3.18944755202      0.407251428974      0.674298210591      0.513174136447    
   3.25000000000      0.229896262437E-02   1.68280308783     -0.960212605984E-05   12.4622461582       3.36560617566      0.429504090414      0.699969178078      0.553329819338    
   3.37500000000      0.227674569766E-02   1.77378766096     -0.961051696351E-05   12.8748328988       3.54757532193      0.453307112342      0.724026428117      0.596454120503    
   3.50000000000      0.225385106486E-02   1.86754633008     -0.965095115935E-05   13.2389209846       3.73509266015      0.478959126915      0.746374394198      0.642212808963    
   3.62500000000      0.223031016619E-02   1.96395036292     -0.972266503703E-05   13.5793622197       3.92790072584      0.506723798491      0.767003116429      0.690223447999    
   3.75000000000      0.220614842655E-02   2.06289571718     -0.982164807630E-05   13.8780825572       4.12579143436      0.536768587637      0.786018792304      0.740108337236    
   3.87500000000      0.218138221203E-02   2.16431543194     -0.994032426980E-05   14.1350574740       4.32863086388      0.569117462937      0.803652857566      0.791545111438    
   4.00000000000      0.215602075276E-02   2.26817170032     -0.100675430732E-04   14.3235842879       4.53634340064      0.603628166270      0.820231835337      0.844311698712    
   4.12500000000      0.213007542053E-02   2.37441786368     -0.101887742613E-04   14.9224920203       4.74883572736      0.639989074390      0.836108159148      0.898320630142    
   4.25000000000      0.210357670303E-02   2.48292892798     -0.102867308819E-04   15.9704728568       4.96585785597      0.677721944216      0.851574815520      0.953632168247    
   4.37500000000      0.207659566266E-02   2.59341374609     -0.103431214569E-04   17.0199171545       5.18682749217      0.716183110988      0.866799406376       1.01043122872    
   4.50000000000      0.204926298247E-02   2.70533709441     -0.103423358986E-04   18.1090636738       5.41067418882      0.754573575629      0.881807630338       1.06895588844    
   4.62500000000      0.202177668383E-02   2.81788812709     -0.102771447475E-04   18.9486175952       5.63577625417      0.791984355004      0.896525571524       1.12937820056    
   4.75000000000      0.199439085006E-02   2.93002657117     -0.101549595548E-04   19.5793336425       5.86005314233      0.827502315576      0.910866865606       1.19165738998    
   4.87500000000      0.196738300949E-02   3.04061625739     -0.100015532076E-04   19.9536505835       6.08123251478      0.860377028557      0.924836353827       1.25540287501    
   5.00000000000      0.194100636310E-02   3.14862067899     -0.985858952176E-05   20.2316348524       6.29724135797      0.890210607274      0.938618385523       1.31979168619    
