   0.00000000000      0.261556190405E-02  0.375000000000     -0.315982131044E-05   2.41161872582      0.750000000000      0.104875075827      0.796851230831E-01  0.190439801090    
  0.125000000000      0.261387684268E-02  0.381901408060     -0.315648673125E-05   2.29584098455      0.763802816119      0.108358986857      0.875384550720E-01  0.186003966130    
  0.250000000000      0.261143616463E-02  0.391897822815     -0.315286879579E-05   2.50874549154      0.783795645630      0.112367995353      0.969234146168E-01  0.182606412845    
  0.375000000000      0.260817469404E-02  0.405256163353     -0.314905726717E-05   2.76607675500      0.810512326706      0.116943196252      0.107945087462      0.180367879639    
  0.500000000000      0.260402893603E-02  0.422236460960     -0.314515764743E-05   3.05023593789      0.844472921920      0.122140962332      0.120686647875      0.179408850754    
  0.625000000000      0.259894187183E-02  0.443072227032     -0.314128928228E-05   3.35743428379      0.886144454064      0.128027560374      0.135201747274      0.179842919384    
  0.750000000000      0.259286843326E-02  0.467948041107     -0.313758581824E-05   3.68307948970      0.935896082215      0.134672077578      0.151509573364      0.181766390165    
  0.875000000000      0.258578084426E-02  0.496977677374     -0.313419897267E-05   4.02942363889      0.993955354747      0.142137980708      0.169594159036      0.185245537630    
   1.00000000000      0.257767263624E-02  0.530187650854     -0.313130363296E-05   4.38635671213       1.06037530171      0.150474340390      0.189408308341      0.190305002123    
   1.12500000000      0.256856015134E-02  0.567511039540     -0.312909818144E-05   4.75022862611       1.13502207908      0.159708443900      0.210880786578      0.196921809062    
   1.25000000000      0.255848089864E-02  0.608794195448     -0.312779185765E-05   5.13279561619       1.21758839090      0.169841660710      0.233924115979      0.205028418759    
   1.37500000000      0.254748902793E-02  0.653815275049     -0.312757390497E-05   5.51014538608       1.30763055010      0.180849712943      0.258440195941      0.214525366165    
   1.50000000000      0.253564895774E-02  0.702310348157     -0.312856671719E-05   5.90596917107       1.40462069631      0.192687229272      0.284322077965      0.225301040920    
   1.62500000000      0.252302843686E-02  0.754001837307     -0.313077295107E-05   6.30867251165       1.50800367461      0.205295317541      0.311451927882      0.237254591884    
   1.75000000000      0.250969202300E-02  0.808625243654     -0.313403011732E-05   6.72394704311       1.61725048731      0.218610379449      0.339696677966      0.250318186239    
   1.87500000000      0.249569546711E-02  0.865952150576     -0.313798419073E-05   7.14585185714       1.73190430115      0.232572507965      0.368903573993      0.264476068618    
   2.00000000000      0.248108116470E-02  0.925808846757     -0.314208788607E-05   7.58197393050       1.85161769351      0.247132270264      0.398897626110      0.279778950383    
   2.12500000000      0.246587482730E-02  0.988089949310     -0.314562140822E-05   8.04236062945       1.97617989862      0.262255256382      0.429482044394      0.296352648534    
   2.25000000000      0.245008374680E-02   1.05276550683     -0.314772473286E-05   8.50004868452       2.10553101366      0.277924358818      0.460441467394      0.314399680616    
   2.37500000000      0.243369724160E-02   1.11987917374     -0.314742173225E-05   8.97559569984       2.23975834747      0.294140251591      0.491546753027      0.334192169119    
   2.50000000000      0.241668982495E-02   1.18953524240     -0.314361024998E-05   9.44803609296       2.37907048481      0.310920908166      0.522559894076      0.356054440162    
   2.62500000000      0.239902714278E-02   1.26187433415     -0.313499394459E-05   9.94295097620       2.52374866830      0.328301369286      0.553238427618      0.380334537244    
   2.75000000000      0.238067383103E-02   1.33704122138     -0.311994924072E-05   10.4189497156       2.67408244276      0.346335558956      0.583339884084      0.407365778341    
   2.87500000000      0.236160150423E-02   1.41515209386     -0.309636004826E-05   10.8935029094       2.83030418772      0.365102438830      0.612627183921      0.437422471107    
   3.00000000000      0.234179470359E-02   1.49627016754     -0.306150819261E-05   11.3785059428       2.99254033508      0.384717841832      0.640874969426      0.470677356281    
   3.12500000000      0.232125323435E-02   1.58039609155     -0.301215089406E-05   11.8456983269       3.16079218310      0.405349455318      0.667875981768      0.507170654463    
   3.25000000000      0.229999070667E-02   1.66747394245     -0.294490335334E-05   12.2874210900       3.33494788489      0.427226469733      0.693447875027      0.546799597687    
   3.37500000000      0.227803039369E-02   1.75740824687     -0.285694453028E-05   12.6990824983       3.51481649374      0.450631847213      0.717444181055      0.589332218603    
   3.50000000000      0.225539991124E-02   1.85008583026     -0.274690339503E-05   13.0773432347       3.70017166053      0.475869166457      0.739774527588      0.634442136220    
   3.62500000000      0.223212582265E-02   1.94539792485     -0.261564960588E-05   13.4237738724       3.89079584971      0.503207686758      0.760434038985      0.681756199110    
   3.75000000000      0.220822906653E-02   2.04325884988     -0.246670394237E-05   13.7276535929       4.08651769976      0.532821430337      0.779530926552      0.730906492993    
   3.87500000000      0.218372275850E-02   2.14361494758     -0.230612383732E-05   14.0039509910       4.28722989516      0.564741264736      0.797292864212      0.781580818633    
   4.00000000000      0.215861481873E-02   2.24643377425     -0.214191982805E-05   14.1961402801       4.49286754849      0.598830068260      0.814036301910      0.833567404076    
   4.12500000000      0.213291765870E-02   2.35166441997     -0.198317556146E-05   14.8106741408       4.70332883994      0.634777001034      0.830099741387      0.886787677548    
   4.25000000000      0.210666502591E-02   2.45916855266     -0.183900062644E-05   15.8426630229       4.91833710532      0.672099411344      0.845762771498      0.941306369817    
   4.37500000000      0.207993255777E-02   2.56863630065     -0.171731848432E-05   16.9026543739       5.13727260130      0.710146895199      0.861183986769      0.997305418680    
   4.50000000000      0.205285514057E-02   2.67951523009     -0.162346979095E-05   17.8860861372       5.35903046017      0.748117789075      0.876385362494       1.05501207852    
   4.62500000000      0.202563256029E-02   2.79098725630     -0.155884733519E-05   18.7560571101       5.58197451261      0.785111567200      0.891291697068       1.11458399204    
   4.75000000000      0.199851653950E-02   2.90202174280     -0.152022315813E-05   19.3835247600       5.80404348560      0.820237933996      0.905812605100       1.17597120370    
   4.87500000000      0.197177762689E-02   3.01151105669     -0.150073059480E-05   19.7964322267       6.02302211338      0.852779725475      0.919941341291       1.23878998993    
   5.00000000000      0.194565856180E-02   3.11846148257     -0.149307687696E-05   20.1050477818       6.23692296514      0.882371540585      0.933840995215       1.30224894677    
