   0.00000000000      0.261402854620E-02  0.375000000000     -0.339633692300E-05   2.40344013398      0.750000000000      0.104825042739      0.798246798971E-01  0.190350277364    
  0.125000000000      0.261234504894E-02  0.381895017295     -0.339274625186E-05   2.29042629154      0.763790034590      0.108359794934      0.876024840390E-01  0.185932738322    
  0.250000000000      0.260991190298E-02  0.391860596358     -0.338885089504E-05   2.49901350008      0.783721192716      0.112418974877      0.969001902121E-01  0.182541431268    
  0.375000000000      0.260666445313E-02  0.405161524430     -0.338474658168E-05   2.75352645570      0.810323048860      0.117043599249      0.107822645162      0.180295280020    
  0.500000000000      0.260253963999E-02  0.422056049996     -0.338055123746E-05   3.03587702930      0.844112099992      0.122289511519      0.120453133445      0.179313405032    
  0.625000000000      0.259748070835E-02  0.442776605872     -0.337640452187E-05   3.34053979034      0.885553211744      0.128222054823      0.134845919616      0.179708631433    
  0.750000000000      0.259144259201E-02  0.467507763756     -0.337247056093E-05   3.66272427657      0.935015527513      0.134909108359      0.151021371940      0.181577283457    
  0.875000000000      0.258439718930E-02  0.496364631551     -0.336894437444E-05   4.00738498834      0.992729263103      0.142412800852      0.168965196576      0.184986634124    
   1.00000000000      0.257633736464E-02  0.529376455553     -0.336605873894E-05   4.36199513111       1.05875291111      0.150780903329      0.188632151502      0.189963400721    
   1.12500000000      0.256727850802E-02  0.566480213517     -0.336408353017E-05   4.72279285378       1.13296042703      0.160039579143      0.209952952370      0.196487682004    
   1.25000000000      0.255725700887E-02  0.607526844200     -0.336330776042E-05   5.10323131146       1.21505368840      0.170189316517      0.232841810576      0.204495717107    
   1.37500000000      0.254632587578E-02  0.652299179671     -0.336399871226E-05   5.47598596186       1.30459835934      0.181205187243      0.257201903876      0.213892088552    
   1.50000000000      0.253454849708E-02  0.700537511380     -0.336634169360E-05   5.86748616794       1.40107502276      0.193041336504      0.282927137543      0.224569037333    
   1.62500000000      0.252199179236E-02  0.751967659680     -0.337037282903E-05   6.27080897388       1.50393531936      0.205638480716      0.309900202832      0.236428976132    
   1.75000000000      0.250871973532E-02  0.806327518973     -0.337592097550E-05   6.68104134270       1.61265503795      0.218932668069      0.337988382501      0.249406468404    
   1.87500000000      0.249478775187E-02  0.863390004749     -0.338257219213E-05   7.09901950866       1.72678000950      0.232863652176      0.367039258547      0.263487094026    
   2.00000000000      0.248023817636E-02  0.922981657160     -0.338966330450E-05   7.53246881205       1.84596331432      0.247381674414      0.396878300829      0.278721681918    
   2.12500000000      0.246509693245E-02  0.984996225805     -0.339630229928E-05   7.98998781887       1.96999245161      0.262452020621      0.427309408399      0.295234796785    
   2.25000000000      0.244937181101E-02   1.04940171746     -0.340140370228E-05   8.44701981896       2.09880343491      0.278057302788      0.458118215145      0.313226199523    
   2.37500000000      0.243305291937E-02   1.11623855763     -0.340371769962E-05   8.91302754351       2.23247711526      0.294197926352      0.489076931051      0.332963700227    
   2.50000000000      0.241611581909E-02   1.18560674727     -0.340182518199E-05   9.38839545504       2.37121349454      0.310891589016      0.519949268568      0.354765889684    
   2.62500000000      0.239852737830E-02   1.25764190395     -0.339407273050E-05   9.87955218743       2.51528380789      0.328173045253      0.550494792553      0.378974066139    
   2.75000000000      0.238025348118E-02   1.33248368887     -0.337844014229E-05   10.3575377461       2.66496737774      0.346095957895      0.580473211810      0.405914519166    
   2.87500000000      0.236126682360E-02   1.41024386354     -0.335237510386E-05   10.8282204275       2.82048772707      0.364739117062      0.609649542628      0.435855203845    
   3.00000000000      0.234155266267E-02   1.49098271260     -0.331268955108E-05   11.3069348496       2.98196542521      0.384218309172      0.637800238326      0.468964165105    
   3.12500000000      0.232111099784E-02   1.57470009097     -0.325566086657E-05   11.7561675016       3.14940018194      0.404701247947      0.664719537229      0.505279305793    
   3.25000000000      0.229995503702E-02   1.66134172434     -0.317746941902E-05   12.1869121879       3.32268344869      0.426417118253      0.690226454289      0.544698151801    
   3.37500000000      0.227810708217E-02   1.75081611755     -0.307499653014E-05   12.5928586883       3.50163223510      0.449648846951      0.714175931664      0.586991338934    
   3.50000000000      0.225559334565E-02   1.84301584276     -0.294682760576E-05   13.0075894647       3.68603168551      0.474700215535      0.736478904461      0.631836722759    
   3.62500000000      0.223243879250E-02   1.93783867464     -0.279414885243E-05   13.3674242985       3.87567734929      0.501841402838      0.757131032899      0.678866238908    
   3.75000000000      0.220866287238E-02   2.03520502693     -0.262120445269E-05   13.6550881888       4.07041005386      0.531248423364      0.776239387314      0.727717216253    
   3.87500000000      0.218427761945E-02   2.13506566935     -0.243513167578E-05   13.9362495915       4.27013133870      0.562955065042      0.794028347903      0.778082256404    
   4.00000000000      0.215929047260E-02   2.23739013084     -0.224522751827E-05   14.1616115288       4.47478026168      0.596827374822      0.810809451938      0.829753304082    
   4.12500000000      0.213371395727E-02   2.34212703920     -0.206186306035E-05   14.7519575901       4.68425407840      0.632557197343      0.826916184239      0.882653657620    
   4.25000000000      0.210758228480E-02   2.44913616767     -0.189524763535E-05   15.8050207619       4.89827233533      0.669664014591      0.842624733910      0.936847419166    
   4.37500000000      0.208097146118E-02   2.55810613767     -0.175410744985E-05   16.8186832131       5.11621227533      0.707499971719      0.858092729113      0.992513436833    
   4.50000000000      0.205401613452E-02   2.66848548779     -0.164427562933E-05   17.8499724577       5.33697097557      0.745267942705      0.873342783948       1.04987476113    
   4.62500000000      0.202691486423E-02   2.77946114660     -0.156739119637E-05   18.6729879054       5.55892229320      0.782074979719      0.888299631978       1.10908653490    
   4.75000000000      0.199991709340E-02   2.89001179667     -0.152037382574E-05   19.2963473428       5.78002359333      0.817040746303      0.902869353566       1.17010169680    
   4.87500000000      0.197329038215E-02   2.99904202520     -0.149670320504E-05   19.6864026588       5.99808405040      0.849457595001      0.917036296073       1.23254813413    
   5.00000000000      0.194727445082E-02   3.10557046367     -0.149012038848E-05   20.0065234275       6.21114092733      0.878964934008      0.930949252573       1.29565627709    
