   0.00000000000      0.259227841677E-02  0.375000000000      0.245972972559E-04   2.48650627387      0.750000000000      0.105070601111      0.782091150830E-01  0.191720283806    
  0.125000000000      0.259053388047E-02  0.382144839866      0.245840670805E-04   2.36084187390      0.764289679731      0.108184656286      0.866288539784E-01  0.187331329601    
  0.250000000000      0.258798768205E-02  0.392573288676      0.245658806323E-04   2.61090617822      0.785146577353      0.111837150369      0.966532276002E-01  0.184082910707    
  0.375000000000      0.258457005433E-02  0.406571063265      0.245427084003E-04   2.88897843199      0.813142126531      0.116073192738      0.108387426135      0.182110444392    
  0.500000000000      0.258021365609E-02  0.424413938698      0.245150078125E-04   3.19535257658      0.848827877395      0.120956816846      0.121911086177      0.181546035675    
  0.625000000000      0.257485924872E-02  0.446344509353      0.244838993881E-04   3.52590561441      0.892689018706      0.126564799331      0.137269445218      0.182510264804    
  0.750000000000      0.256846213866E-02  0.472545815928      0.244512859461E-04   3.87735459649      0.945091631856      0.132978159942      0.154468069583      0.185099586403    
  0.875000000000      0.256099828529E-02  0.503116335513      0.244198480680E-04   4.24212885135       1.00623267103      0.140271812795      0.173473175148      0.189371347570    
   1.00000000000      0.255246853330E-02  0.538052635071      0.243928674895E-04   4.62288724216       1.07610527014      0.148503850992      0.194217821088      0.195330962991    
   1.12500000000      0.254289955717E-02  0.577245475098      0.243738738121E-04   5.01742210052       1.15449095020      0.157706821820      0.216611944259      0.202926709019    
   1.25000000000      0.253234095076E-02  0.620491702056      0.243661565672E-04   5.41429517999       1.24098340411      0.167883338759      0.240552636350      0.212055726947    
   1.37500000000      0.252085910787E-02  0.667519304265      0.243722070296E-04   5.82151340314       1.33503860853      0.179007191765      0.265931183924      0.222580928576    
   1.50000000000      0.250852942928E-02  0.718019347889      0.243931492528E-04   6.23049714889       1.43603869578      0.191029367822      0.292635039172      0.234354940895    
   1.62500000000      0.249542848021E-02  0.771678126709      0.244282154614E-04   6.65148027631       1.54335625342      0.203887101925      0.320545054228      0.247245970556    
   1.75000000000      0.248162713198E-02  0.828205271372      0.244743427583E-04   7.08033343949       1.65641054274      0.217513767491      0.349529943777      0.261161560104    
   1.87500000000      0.246718498931E-02  0.887356574650      0.245260032331E-04   7.52459983693       1.77471314930      0.231847837358      0.379440532239      0.276068205054    
   2.00000000000      0.245214599977E-02  0.948951962767      0.245753838083E-04   7.99068743249       1.89790392553      0.246839798618      0.410105935504      0.292006228646    
   2.12500000000      0.243653519217E-02   1.01288884118      0.246129719042E-04   8.46166755941       2.02577768237      0.262456529559      0.441332751733      0.309099559893    
   2.25000000000      0.242035683842E-02   1.07914961677      0.246284862590E-04   8.95262153688       2.15829923355      0.278683228448      0.472907049049      0.327559339277    
   2.37500000000      0.240359469563E-02   1.14780070832      0.246119638934E-04   9.47659136609       2.29560141664      0.295523494504      0.504598007789      0.347679206025    
   2.50000000000      0.238621506781E-02   1.21898001777      0.245547274787E-04   9.98713214241       2.43796003555      0.312998513323      0.536162051624      0.369819452826    
   2.62500000000      0.236817300353E-02   1.29287156155      0.244499477252E-04   10.5068572902       2.58574312310      0.331146546079      0.567347291320      0.394377724152    
   2.75000000000      0.234942100616E-02   1.36966980453      0.242925961543E-04   11.0414522220       2.73933960907      0.350024314863      0.597899295145      0.421746194526    
   2.87500000000      0.232991852213E-02   1.44954078688      0.240787598206E-04   11.5491403327       2.89908157377      0.369712347649      0.627569130097      0.452259309136    
   3.00000000000      0.230963984429E-02   1.53258972102      0.238045581367E-04   12.0402132307       3.06517944204      0.390325786261      0.656122704123      0.486141230635    
   3.12500000000      0.228857846888E-02   1.61884311640      0.234652065465E-04   12.5471469731       3.23768623279      0.412028864600      0.683348571821      0.523465679976    
   3.25000000000      0.226674725645E-02   1.70824813074      0.230549499027E-04   13.0189738774       3.41649626148      0.435045319380      0.709062927593      0.564139883766    
   3.37500000000      0.224417508020E-02   1.80068635835      0.225684246246E-04   13.4316481976       3.60137271670      0.459652414040      0.733116145346      0.607917798963    
   3.50000000000      0.222090112272E-02   1.89599726038      0.220034365020E-04   13.8041337678       3.79199452075      0.486148973099      0.755409661538      0.654438625738    
   3.62500000000      0.219696775012E-02   1.99400737129      0.213644125087E-04   14.1587482906       3.98801474258      0.514799556100      0.775927583441      0.703280231750    
   3.75000000000      0.217241303012E-02   2.09456089267      0.206653499524E-04   14.4264186756       4.18912178534      0.545771033730      0.794773062468      0.754016796471    
   3.87500000000      0.214726507194E-02   2.19754279092      0.199312200682E-04   14.6707619867       4.39508558185      0.579083304122      0.812185333777      0.806274153025    
   4.00000000000      0.212154157979E-02   2.30288056086      0.191973485490E-04   14.8299960083       4.60576112172      0.614586983777      0.828513519966      0.859780057117    
   4.12500000000      0.209525775154E-02   2.41051186280      0.185068845034E-04   15.3083901476       4.82102372559      0.651963665907      0.844142660739      0.914405536150    
   4.25000000000      0.206844318003E-02   2.52031534407      0.179067294505E-04   16.1759298919       5.04063068814      0.690732687317      0.859395676296      0.970186980459    
   4.37500000000      0.204116442398E-02   2.63201828182      0.174421538288E-04   17.3677615299       5.26403656364      0.730252882666      0.874453870112       1.02731152904    
   4.50000000000      0.201354603821E-02   2.74511055006      0.171500408260E-04   18.3620304119       5.49022110011      0.769726833867      0.889335038317       1.08604867787    
   4.62500000000      0.198578089713E-02   2.85880241461      0.170507658816E-04   19.3027981408       5.71760482922      0.808234795879      0.903943392342       1.14662422639    
   4.75000000000      0.195812195242E-02   2.97205830713      0.171395602418E-04   20.0165455334       5.94411661426      0.844828643112      0.918173987630       1.20905567639    
   4.87500000000      0.193085255698E-02   3.08371830340      0.173796536652E-04   20.3620278613       6.16743660681      0.878694129723      0.932033574505       1.27299059917    
   5.00000000000      0.190424034026E-02   3.19268690918      0.177005530215E-04   20.9598519340       6.38537381837      0.909350159901      0.945736382733       1.33760036655    
