   0.00000000000      0.750953540464E-02  0.375000000000     -0.101451394742E-02   2.36944229558      0.750000000000      0.129354704622      0.118402227248      0.127243068130    
  0.125000000000      0.748954355180E-02  0.380117910198     -0.101153211927E-02   2.44632579783      0.760235820396      0.130674474158      0.120189998855      0.129253437185    
  0.250000000000      0.746630365321E-02  0.386067319904     -0.100833722977E-02   2.53506039942      0.772134639807      0.132277961279      0.122214631257      0.131574727368    
  0.375000000000      0.743990293894E-02  0.392825898346     -0.100488321491E-02   2.63545465060      0.785651796692      0.134160982304      0.124453971922      0.134210944120    
  0.500000000000      0.741043847273E-02  0.400368797326     -0.100111590739E-02   2.74721457913      0.800737594651      0.136318711724      0.126884158356      0.137165927246    
  0.625000000000      0.737801302255E-02  0.408669708358     -0.996972452935E-03   2.87004562445      0.817339416716      0.138745963413      0.129480191286      0.140443553660    
  0.750000000000      0.734273134635E-02  0.417701813515     -0.992381053027E-03   3.00446150127      0.835403627030      0.141437419100      0.132216521435      0.144047872980    
  0.875000000000      0.730469708400E-02  0.427438581074     -0.987261049194E-03   3.14901159052      0.854877162148      0.144387792484      0.135067630200      0.147983158390    
   1.00000000000      0.726401038687E-02  0.437854372353     -0.981523351922E-03   3.30311915973      0.875708744706      0.147591922718      0.138008587641      0.152253861995    
   1.12500000000      0.722076635334E-02  0.448924842224     -0.975071208979E-03   3.46612921890      0.897849684449      0.151044796193      0.141015574233      0.156864471799    
   1.25000000000      0.717505427791E-02  0.460627131327     -0.967801302984E-03   3.63729696966      0.921254262654      0.154741500406      0.144066355297      0.161819275624    
   1.37500000000      0.712695766877E-02  0.472939861583     -0.959605165387E-03   3.81577642239      0.945879723167      0.158677117957      0.147140698428      0.167122045198    
   1.50000000000      0.707655494572E-02  0.485842957528     -0.950370892301E-03   4.00061159932      0.971685915056      0.162846572301      0.150220724781      0.172775660445    
   1.62500000000      0.702392070046E-02  0.499317323667     -0.939985145077E-03   4.19129808829      0.998634647333      0.167244439743      0.153291184749      0.178781699175    
   1.75000000000      0.696912738337E-02  0.513344412679     -0.928335413831E-03   4.38656964305       1.02668882536      0.171864744157      0.156339648170      0.185140020351    
   1.87500000000      0.691224727421E-02  0.527905720904     -0.915312513989E-03   4.58468759449       1.05581144181      0.176700752006      0.159356599167      0.191848369731    
   2.00000000000      0.685335459756E-02  0.542982246797     -0.900813274115E-03   4.78425383125       1.08596449359      0.181744785227      0.162335426808      0.198902034762    
   2.12500000000      0.679252765399E-02  0.558553945350     -0.884743357699E-03   4.98379462982       1.11710789070      0.186988068384      0.165272305516      0.206293571449    
   2.25000000000      0.672985085386E-02  0.574599207442     -0.867020143302E-03   5.18178462720       1.14919841488      0.192420624058      0.168165963584      0.214012619801    
   2.37500000000      0.666541655957E-02  0.591094388230     -0.847575567718E-03   5.37667399512       1.18218877646      0.198031226798      0.171017344339      0.222045817093    
   2.50000000000      0.659932666282E-02  0.608013403370     -0.826358817619E-03   5.56691728331       1.21602680674      0.203807421411      0.173829171794      0.230376810165    
   2.62500000000      0.653169384431E-02  0.625327406542     -0.803338738793E-03   5.75100239023       1.25065481308      0.209735606075      0.176605440336      0.238986360131    
   2.75000000000      0.646264248331E-02  0.643004556598     -0.778505820911E-03   5.92747823458       1.28600911320      0.215801175473      0.179350855176      0.247852525948    
   2.87500000000      0.639230920266E-02  0.661009878053     -0.751873612377E-03   6.09497991327       1.32201975611      0.221988714148      0.182070256006      0.256950907899    
   3.00000000000      0.632084304997E-02  0.679305214694     -0.723479426332E-03   6.25225041385       1.35861042939      0.228282226277      0.184768059723      0.266254928693    
   3.12500000000      0.624840532823E-02  0.697849272952     -0.693384217096E-03   6.39815826762       1.39569854590      0.234665385400      0.187447758736      0.275736128816    
   3.25000000000      0.617516909727E-02  0.716597749520     -0.661671537112E-03   6.53171085233       1.43319549904      0.241121786552      0.190111508954      0.285364454014    
   3.37500000000      0.610131837274E-02  0.735503536416     -0.628445527749E-03   6.65206335125       1.47100707283      0.247635183907      0.192759836333      0.295108516176    
   3.50000000000      0.602704705086E-02  0.754516996248     -0.593827951619E-03   6.75852362549       1.50903399250      0.254189699132      0.195391483165      0.304935813951    
   3.62500000000      0.595255758622E-02  0.773586300681     -0.557954336750E-03   6.85055344226       1.54717260136      0.260769989117      0.198003405898      0.314812905665    
   3.75000000000      0.587805944755E-02  0.792657825772     -0.520969369900E-03   6.92776661733       1.58531565154      0.267361365914      0.200590926008      0.324705533850    
   3.87500000000      0.580376737282E-02  0.811676598640     -0.483021742502E-03   6.98992467431       1.62335319728      0.273949866338      0.203148025085      0.334578707217    
   4.00000000000      0.572989944282E-02  0.830586790644     -0.444258712309E-03   7.03693060763       1.66117358129      0.280522273159      0.205667765780      0.344396751705    
   4.12500000000      0.565667499072E-02  0.849332252523     -0.404820690933E-03   7.06894264114       1.69866450505      0.287066093743      0.208142812142      0.354123346638    
   4.25000000000      0.558431236649E-02  0.867857086691     -0.364836196443E-03   7.08595244652       1.73571417338      0.293569505156      0.210566016786      0.363721564750    
   4.37500000000      0.551302657877E-02  0.886106250938     -0.324417516481E-03   7.08821831511       1.77221250188      0.300021276807      0.212931038508      0.373153935623    
   4.50000000000      0.544302684257E-02  0.904026186204     -0.283657407977E-03   7.07612193458       1.80805237241      0.306410682709      0.215232952606      0.382382550889    
   4.62500000000      0.537451406971E-02  0.921565459032     -0.242627113350E-03   7.05104354634       1.84313091806      0.312727415323      0.217468817196      0.391369226513    
   4.75000000000      0.530767834784E-02  0.938675406936     -0.201375901532E-03   7.01270075762       1.87735081387      0.318961511956      0.219638162035      0.400075732945    
   4.87500000000      0.524269646299E-02  0.955310772639     -0.159932248847E-03   6.96158264441       1.91062154528      0.325103302919      0.221743371495      0.408464098226    
   5.00000000000      0.517972952813E-02  0.971430311163     -0.118306665890E-03   6.89880011966       1.94286062233      0.331143388388      0.223789939842      0.416496982932    
