   0.00000000000      0.388790986824E-02  0.375000000000      0.342715297183E-04   3.91315885093      0.750000000000      0.125327416635      0.125298593381      0.124373989984    
  0.125000000000      0.387757848921E-02  0.385578130892      0.342053922631E-04   4.14692955039      0.771156261784      0.128819559736      0.128793854819      0.127964716337    
  0.250000000000      0.386533970881E-02  0.398109519098      0.341299633688E-04   4.40844258560      0.796219038197      0.132956882785      0.132934582078      0.132218054235    
  0.375000000000      0.385083673069E-02  0.412959484430      0.340506061169E-04   4.69962171860      0.825918968860      0.137860571150      0.137841967984      0.137256945296    
  0.500000000000      0.383362191447E-02  0.430586323263      0.339740963692E-04   5.02751474436      0.861172646525      0.143682855564      0.143668301750      0.143235165949    
  0.625000000000      0.381318915197E-02  0.451508136419      0.339079416203E-04   5.40607289559      0.903016272838      0.150596002603      0.150585966983      0.150326166833    
  0.750000000000      0.378905286041E-02  0.476221958844      0.338589501223E-04   5.86206356825      0.952443917689      0.158765433378      0.158760551586      0.158695973881    
  0.875000000000      0.376086604861E-02  0.505082946546      0.338309488921E-04   6.41930046712       1.01016589309      0.168309572979      0.168310667804      0.168462705763    
   1.00000000000      0.372853751568E-02  0.538184485545      0.338218943202E-04   7.04751834961       1.07636897109      0.179260056206      0.179268115449      0.179656313890    
   1.12500000000      0.369228877390E-02  0.575299935440      0.338211728438E-04   7.71399431018       1.15059987088      0.191542500317      0.191558619142      0.192198815980    
   1.25000000000      0.365261279366E-02  0.615924734888      0.338084023400E-04   8.39583421394       1.23184946978      0.204990695912      0.205016011083      0.205918027894    
   1.37500000000      0.361015366193E-02  0.659399426332      0.337549964424E-04   9.07600824587       1.31879885266      0.219387677660      0.219423324266      0.220588424406    
   1.50000000000      0.356557205772E-02  0.705047343147      0.336287606300E-04   9.73124507949       1.41009468629      0.234511575437      0.234558679126      0.235977088583    
   1.62500000000      0.351945666506E-02  0.752265440467      0.334002410890E-04   10.3702348343       1.50453088093      0.250165775599      0.250225470397      0.251874194471    
   1.75000000000      0.347229854548E-02  0.800550695687      0.330485551218E-04   10.9829143071       1.60110139137      0.266187580462      0.266261031195      0.268102084030    
   1.87500000000      0.342450723510E-02  0.849483694502      0.325647837458E-04   11.5627237315       1.69896738900      0.282442587230      0.282530999371      0.284510107901    
   2.00000000000      0.337643815179E-02  0.898700543949      0.319523440079E-04   12.1025627885       1.79740108790      0.298815148861      0.298919758825      0.300965636263    
   2.12500000000      0.332841271456E-02  0.947872217180      0.312250276441E-04   12.6397162088       1.89574443436      0.315201257366      0.315323304817      0.317347654997    
   2.25000000000      0.328072706255E-02  0.996695584056      0.304039017757E-04   13.1757917902       1.99339116811      0.331505256892      0.331645944774      0.333544382390    
   2.37500000000      0.323365286995E-02   1.04489255687      0.295140819072E-04   13.6883911058       2.08978511374      0.347639216015      0.347799664594      0.349453676260    
   2.50000000000      0.318743488620E-02   1.09221260389      0.285819424621E-04   14.1722810208       2.18442520778      0.363523422283      0.363704622389      0.364984559216    
   2.62500000000      0.314228820949E-02   1.13843554256      0.276329587478E-04   14.6162800047       2.27687108513      0.379087023693      0.379289792889      0.380058725983    
   2.75000000000      0.309839654920E-02   1.18337332197      0.266901727077E-04   15.0216906317       2.36674664393      0.394268430212      0.394493374503      0.394611517253    
   2.87500000000      0.305591169398E-02   1.22687057040      0.257732004608E-04   15.3838221891       2.45374114080      0.409015420772      0.409262903777      0.408592245852    
   3.00000000000      0.301495398359E-02   1.26880411461      0.248976863163E-04   15.7016006742       2.53760822921      0.423285020084      0.423555141098      0.421963953423    
