   0.00000000000      0.234061334799E-02  0.375000000000      0.298317053040E-05   3.10660880030      0.750000000000      0.989618178599E-01  0.924731954240E-01  0.183564986716    
  0.312500000000E-01  0.234036881798E-02  0.376780612649      0.297728791265E-05   3.07380799807      0.753561225298      0.101346219912      0.932155848407E-01  0.182218807896    
  0.625000000000E-01  0.234009110917E-02  0.378802825894      0.297069887809E-05   3.04116442503      0.757605651788      0.103872248897      0.939927984460E-01  0.180937778550    
  0.937500000000E-01  0.233977907291E-02  0.381075004071      0.296341577370E-05   3.10752933740      0.762150008142      0.106543938896      0.948052702960E-01  0.179725794879    
  0.125000000000      0.233943151575E-02  0.383605837450      0.295545393255E-05   3.20313691128      0.767211674900      0.109365385780      0.956535227890E-01  0.178586928880    
  0.156250000000      0.233904720096E-02  0.386404331733      0.294683179810E-05   3.30173720504      0.772808663466      0.112340732117      0.965381656692E-01  0.177525433946    
  0.187500000000      0.233862485069E-02  0.389479791858      0.293757102914E-05   3.40333507274      0.778959583716      0.115474148603      0.974598947898E-01  0.176545748465    
  0.218750000000      0.233816314916E-02  0.392841799017      0.292769657838E-05   3.50822045382      0.785683598035      0.118769811720      0.984194906233E-01  0.175652496674    
  0.250000000000      0.233766074688E-02  0.396500179834      0.291723673916E-05   3.61695219546      0.793000359669      0.122231877419      0.994178164940E-01  0.174850485922    
  0.281250000000      0.233711626612E-02  0.400464966702      0.290622315775E-05   3.72884172153      0.800929933405      0.125864450763      0.100455816489      0.174144699450    
  0.312500000000      0.233652830765E-02  0.404746348447      0.289469081329E-05   3.84390411727      0.809492696894      0.129671551698      0.101534512992      0.173540283757    
  0.343750000000      0.233589545894E-02  0.409354610708      0.288267797274E-05   3.96267032915      0.818709221417      0.133657077321      0.102655003747      0.173042529641    
  0.375000000000      0.233521630382E-02  0.414300065774      0.287022613467E-05   4.08527577611      0.828600131548      0.137824761282      0.103818458369      0.172656846123    
  0.406250000000      0.233448943351E-02  0.419592972018      0.285737998154E-05   4.21125426536      0.839185944036      0.142178131245      0.105026114167      0.172388726607    
  0.437500000000      0.233371345903E-02  0.425243443621      0.284418736566E-05   4.34180598522      0.850486887241      0.146720465568      0.106279271154      0.172243706899    
  0.468750000000      0.233288702477E-02  0.431261351810      0.283069935643E-05   4.47476056010      0.862522703621      0.151454750634      0.107579286118      0.172227315059    
  0.500000000000      0.233200882297E-02  0.437656219496      0.281697037637E-05   4.61216989363      0.875312438993      0.156383640403      0.108927565610      0.172345013483    
  0.531250000000      0.233107760871E-02  0.444437111739      0.280305844821E-05   4.75400415004      0.888874223479      0.161509419883      0.110325557771      0.172602134086    
  0.562500000000      0.233009221520E-02  0.451612525059      0.278902556538E-05   4.89772138289      0.903225050118      0.166833974177      0.111774742901      0.173003807980    
  0.593750000000      0.232905156857E-02  0.459190278978      0.277493818344E-05   5.04747424423      0.918380557956      0.172358764666      0.113276622788      0.173554891524    
  0.625000000000      0.232795470203E-02  0.467177413454      0.276086781100E-05   5.19961751821      0.934354826908      0.178084813593      0.114832708828      0.174259891033    
  0.656250000000      0.232680076864E-02  0.475580095863      0.274689165720E-05   5.35646038316      0.951160191727      0.184012697989      0.116444509088      0.175122888786    
  0.687500000000      0.232558905224E-02  0.484403541015      0.273309327210E-05   5.51547516433      0.968807082029      0.190142553401      0.118113514519      0.176147473095    
  0.718750000000      0.232431897630E-02  0.493651947206      0.271956309833E-05   5.67824543443      0.987303894413      0.196474087370      0.119841184617      0.177336675219    
  0.750000000000      0.232299011010E-02  0.503328450706      0.270639884113E-05   5.84616172973       1.00665690141      0.203006602113      0.121628932911      0.178692915682    
  0.781250000000      0.232160217231E-02  0.513435100214      0.269370556151E-05   6.01468418159       1.02687020043      0.209739025341      0.123478112683      0.180217962190    
  0.812500000000      0.232015503161E-02  0.523972851996      0.268159540582E-05   6.18592257443       1.04794570399      0.216669947768      0.125390003378      0.181912900850    
  0.843750000000      0.231864870455E-02  0.534941585422      0.267018690473E-05   6.36022546924       1.06988317084      0.223797665536      0.127365798149      0.183778121738    
  0.875000000000      0.231708335081E-02  0.546340137868      0.265960380423E-05   6.53541044126       1.09268027574      0.231120225633      0.129406592958      0.185813319277    
  0.906250000000      0.231545926593E-02  0.558166357129      0.264997342842E-05   6.71573826502       1.11633271426      0.238635472326      0.131513377597      0.188017507206    
  0.937500000000      0.231377687209E-02  0.570417169030      0.264142461411E-05   6.89511343771       1.14083433806      0.246341092720      0.133687028913      0.190389047397    
  0.968750000000      0.231203670707E-02  0.583088657474      0.263408529696E-05   7.07821528058       1.16617731495      0.254234659739      0.135928306437      0.192925691297    
   1.00000000000      0.231023941198E-02  0.596176154043      0.262807986296E-05   7.26364759862       1.19235230809      0.262313671082      0.138237850492      0.195624632469    
   1.03125000000      0.230838571802E-02  0.609674334246      0.262352640397E-05   7.44863732192       1.21934866849      0.270575582989      0.140616182782      0.198482568476    
   1.06250000000      0.230647643275E-02  0.623577317612      0.262053402951E-05   7.63491239075       1.24715463522      0.279017837970      0.143063709327      0.201495770315    
   1.09375000000      0.230451242613E-02  0.637878769107      0.261920038799E-05   7.82347719603       1.27575753821      0.287637885939      0.145580725556      0.204660157612    
   1.12500000000      0.230249461679E-02  0.652571999598      0.261960953878E-05   8.01690419171       1.30514399920      0.296433198433      0.148167423253      0.207971377912    
   1.15625000000      0.230042395855E-02  0.667650063442      0.262183029547E-05   8.21057161261       1.33530012688      0.305401275846      0.150823899028      0.211424888568    
   1.18750000000      0.229830142768E-02  0.683105851597      0.262591513088E-05   8.40461793639       1.36621170319      0.314539647763      0.153550163919      0.215016039915    
   1.21875000000      0.229612801091E-02  0.698932178982      0.263189970099E-05   8.59930072936       1.39786435796      0.323845866636      0.156346153720      0.218740158626    
   1.25000000000      0.229390469431E-02  0.715121865088      0.263980300949E-05   8.79485278087       1.43024373018      0.333317495152      0.159211739609      0.222592630327    
   1.28125000000      0.229163245331E-02  0.731667807146      0.264962820102E-05   8.99150175721       1.46333561429      0.342952087745      0.162146738689      0.226568980713    
   1.31250000000      0.228931224368E-02  0.748563045392      0.266136394054E-05   9.18941278583       1.49712609078      0.352747166792      0.165150924043      0.230664954557    
   1.34375000000      0.228694499371E-02  0.765800820202      0.267498631039E-05   9.39126012526       1.53160164040      0.362700194112      0.168224033999      0.234876592091    
   1.37500000000      0.228453159747E-02  0.783374621094      0.269046113624E-05   9.59937905046       1.56674924219      0.372808538490      0.171365780292      0.239200302312    
   1.40625000000      0.228207290919E-02  0.801278227809      0.270774663740E-05   9.81125509944       1.60255645562      0.383069440037      0.174575854944      0.243632932829    
   1.43750000000      0.227956973862E-02  0.819505743864      0.272679628646E-05   10.0268397837       1.63901148773      0.393479972302      0.177853935695      0.248171835867    
   1.46875000000      0.227702284740E-02  0.838051623195      0.274756175631E-05   10.2438330361       1.67610324639      0.404037003179      0.181199689968      0.252814930048    
   1.50000000000      0.227443294621E-02  0.856910690683      0.276999582894E-05   10.4621063763       1.71382138137      0.414737155739      0.184612777371      0.257560757573    
   1.53125000000      0.227180069271E-02  0.876078157551      0.279405513884E-05   10.6814056886       1.75215631510      0.425576770247      0.188092850915      0.262408536390    
   1.56250000000      0.226912668990E-02  0.895549632781      0.281970262428E-05   10.9013224758       1.79109926556      0.436551868683      0.191639557148      0.267358206951    
   1.59375000000      0.226641148496E-02  0.915321131861      0.284690956140E-05   11.1234924395       1.83064226372      0.447658123165      0.195252535591      0.272410473105    
   1.62500000000      0.226365556824E-02  0.935389084289      0.287565705882E-05   11.3484391974       1.87077816858      0.458890829656      0.198931417896      0.277566836736    
   1.65625000000      0.226085937214E-02  0.955750341322      0.290593689484E-05   11.5738789981       1.91150068264      0.470244888304      0.202675827304      0.282829625714    
   1.68750000000      0.225802326985E-02  0.976402185482      0.293775158460E-05   11.7988168853       1.95280437096      0.481714791610      0.206485379049      0.288202014822    
   1.71875000000      0.225514757358E-02  0.997342343276      0.297111357200E-05   12.0219450591       1.99468468655      0.493294621447      0.210359682469      0.293688039360    
   1.75000000000      0.225223253222E-02   1.01856900244      0.300604344954E-05   12.2415996678       2.03713800488      0.504978055572      0.214298345656      0.299292601213    
   1.78125000000      0.224927832815E-02   1.04008083479      0.304256711945E-05   12.4557185974       2.08016166958      0.516758383941      0.218300983535      0.305021467313    
   1.81250000000      0.224628507328E-02   1.06187702539      0.308071182076E-05   12.6789625471       2.12375405078      0.528628534558      0.222367230307      0.310881260524    
   1.84375000000      0.224325280412E-02   1.08395730843      0.312050095882E-05   12.9041146370       2.16791461686      0.540581108061      0.226496757200      0.316879443171    
   1.87500000000      0.224018147593E-02   1.10632200953      0.316194768577E-05   13.1187618572       2.21264401907      0.552608419585      0.230689296398      0.323024293551    
   1.90625000000      0.223707095620E-02   1.12897209374      0.320504719285E-05   13.3330744783       2.25794418749      0.564702545834      0.234944671949      0.329324875960    
   1.93750000000      0.223392101738E-02   1.15190921781      0.324976768798E-05   13.5532284169       2.30381843562      0.576855374679      0.239262838262      0.335791004871    
   1.96875000000      0.223073132946E-02   1.17513578475      0.329604004631E-05   13.7563637152       2.35027156949      0.589058654143      0.243643926568      0.342433204034    
   2.00000000000      0.222750145250E-02   1.19865499802      0.334374614034E-05   13.9696386870       2.39730999605      0.601304037337      0.248088299387      0.349262661298    
   2.03125000000      0.222423082966E-02   1.22247091242      0.339270588335E-05   14.1749176615       2.44494182484      0.613583119837      0.252596612628      0.356291179958    
   2.06250000000      0.222091878110E-02   1.24658847810      0.344266306049E-05   14.3898169191       2.49317695620      0.625887466267      0.257169884491      0.363531127339    
   2.09375000000      0.221756449943E-02   1.27101357437      0.349327008394E-05   14.5878103905       2.54202714874      0.638208623401      0.261809569813      0.370995381155    
   2.12500000000      0.221416704684E-02   1.29575302983      0.354407189652E-05   14.8016961358       2.59150605967      0.650538117994      0.266517637933      0.378697273906    
   2.15625000000      0.221072535475E-02   1.32081462571      0.359448937042E-05   15.0182110640       2.64162925142      0.662867438747      0.271296651711      0.386650535254    
   2.18750000000      0.220723822590E-02   1.34620707992      0.364380270408E-05   15.2105985942       2.69241415983      0.675188003158      0.276149844827      0.394869231931    
   2.21875000000      0.220370433950E-02   1.37194001007      0.369113551038E-05   15.4283346613       2.74388002013      0.687491111467      0.281081194277      0.403367704322    
   2.25000000000      0.220012225928E-02   1.39802387452      0.373544050049E-05   15.6456101138       2.79604774904      0.699767891207      0.286095484802      0.412160498513    
   2.28125000000      0.219649044467E-02   1.42446989143      0.377548788090E-05   15.8439259313       2.84893978285      0.712009236962      0.291198362131      0.421262292333    
   2.31250000000      0.219280726473E-02   1.45128993660      0.380985776429E-05   16.0674222098       2.90257987320      0.724205750551      0.296396372208      0.430687813841    
   2.34375000000      0.218907101496E-02   1.47849642188      0.383693800937E-05   16.2748305706       2.95699284375      0.736347686936      0.301696984128      0.440451750813    
   2.37500000000      0.218527993632E-02   1.50610215599      0.385492890350E-05   16.5022549861       3.01220431199      0.748424910634      0.307108595136      0.450568650225    
   2.40625000000      0.218143223643E-02   1.53412019058      0.386185594326E-05   16.7261667735       3.06824038116      0.760426866360      0.312640516827      0.461052807391    
   2.43750000000      0.217752611237E-02   1.56256365392      0.385559161985E-05   16.9620387743       3.12512730783      0.772342566137      0.318302942372      0.471918145408    
   2.46875000000      0.217355977484E-02   1.59144557531      0.383388656954E-05   17.1898790309       3.18289115063      0.784160593471      0.324106895162      0.483178086682    
   2.50000000000      0.216953147311E-02   1.62077870287      0.379440972847E-05   17.4459406327       3.24155740575      0.795869123650      0.330064159618      0.494845419607    
   2.53125000000      0.216543952064E-02   1.65057531766      0.373479629838E-05   17.7002381902       3.30115063533      0.807455958075      0.336187194957      0.506932164632    
   2.56250000000      0.216128232055E-02   1.68084704750      0.365270148326E-05   17.9427072935       3.36169409501      0.818908570092      0.342489032456      0.519449444955    
   2.59375000000      0.215705839081E-02   1.71160468406      0.354585722373E-05   18.2255598138       3.42320936811      0.830214160113      0.348983156310      0.532407367634    
   2.62500000000      0.215276638827E-02   1.74285800761      0.341212866637E-05   18.4872286487       3.48571601522      0.841359718982      0.355683367627      0.545814921000    
   2.65625000000      0.214840513100E-02   1.77461562466      0.324956697455E-05   18.7453698884       3.54923124932      0.852332100393      0.362603630651      0.559679893615    
   2.68750000000      0.214397361793E-02   1.80688482439      0.305645538197E-05   19.0329825015       3.61376964878      0.863118105309      0.369757900212      0.574008818869    
   2.71875000000      0.213947104514E-02   1.83967146069      0.283134611195E-05   19.3180837505       3.67934292138      0.873704583440      0.377159929792      0.588806947458    
   2.75000000000      0.213489681751E-02   1.87297986692      0.257308685873E-05   19.6017171901       3.74595973383      0.884078558408      0.384823060710      0.604078247799    
   2.78125000000      0.213025055495E-02   1.90681281054      0.228083680707E-05   19.8644511403       3.81362562109      0.894227383792      0.392759994758      0.619825431993    
   2.81250000000      0.212553209228E-02   1.94117149431      0.195407346209E-05   20.1491895348       3.88234298862      0.904138936647      0.400982555105      0.636050002559    
   2.84375000000      0.212074147189E-02   1.97605560932      0.159259266890E-05   20.4296955370       3.95211121864      0.913801853068      0.409501443195      0.652752313055    
   2.87500000000      0.211587892886E-02   2.01146344377      0.119650494480E-05   20.7191692249       4.02292688754      0.923205807232      0.418326002364      0.669931634176    
   2.90625000000      0.211094486812E-02   2.04739204893      0.766231510196E-06   20.9823197701       4.09478409785      0.932341831324      0.427464001530      0.687586216072    
   2.93750000000      0.210593983399E-02   2.08383746111      0.302503151773E-06   21.2670301126       4.16767492222      0.941202669384      0.436921454070      0.705713337654    
   2.96875000000      0.210086447251E-02   2.12079497598     -0.193635670031E-06   21.5135589749       4.24158995195      0.949783153952      0.446702487470      0.724309334553    
   3.00000000000      0.209571948751E-02   2.15825946829     -0.720816135282E-06   21.7889523603       4.31651893658      0.958080590988      0.456809278178      0.743369599125    
   3.03125000000      0.209050559177E-02   2.19622574766     -0.127732775148E-05   22.0496141415       4.39245149532      0.966095136273      0.467242063076      0.762888548312    
   3.06250000000      0.208522345490E-02   2.23468893799     -0.186109570107E-05   22.3117550853       4.46937787597      0.973830145551      0.477999234297      0.782859558139    
   3.09375000000      0.207987365003E-02   2.27364486585     -0.246965539419E-05   22.5942472995       4.54728973169      0.981292481131      0.489077517907      0.803274866810    
   3.12500000000      0.207445660153E-02   2.31309044082     -0.310012785176E-05   22.9108026010       4.62618088163      0.988492759221      0.500472229992      0.824125451602    
   3.15625000000      0.206897253654E-02   2.35302400869     -0.374920039004E-05   23.2769329867       4.70604801738      0.995445524651      0.512177596442      0.845400887597    
   3.18750000000      0.206342144296E-02   2.39344565742     -0.441311765522E-05   23.6432144221       4.78689131484       1.00216934249      0.524187116270      0.867089198664    
   3.21875000000      0.205780303675E-02   2.43435745485     -0.508768833997E-05   24.0548742684       4.86871490971       1.00868679895      0.536493943320      0.889176712580    
   3.25000000000      0.205211674150E-02   2.47576359804     -0.576831286902E-05   24.4523996621       4.95152719608       1.01502440682      0.549091258429      0.911647932794    
   3.28125000000      0.204636168252E-02   2.51767045578     -0.645003691877E-05   24.8684539511       5.03534091157       1.02121241286      0.561972603992      0.934485438931    
   3.31250000000      0.204053669774E-02   2.56008648968     -0.712763477997E-05   25.2948555913       5.12017297936       1.02728450732      0.575132155493      0.957669826866    
   3.34375000000      0.203464036650E-02   2.60302204401     -0.779572523170E-05   25.7130408605       5.20604408803       1.03327743719      0.588564909647      0.981179697178    
   3.37500000000      0.202867105688E-02   2.64648900160     -0.844892075347E-05   26.1380637001       5.29297800320       1.03923052748      0.602266775759       1.00499169836    
   3.40625000000      0.202262699067E-02   2.69050031040     -0.908200860106E-05   26.5439653152       5.38100062081       1.04518511703      0.616234564886       1.02908062849    
   3.43750000000      0.201650632434E-02   2.73506939395     -0.969015962917E-05   26.9480831244       5.47013878789       1.05118391818      0.630465879417       1.05341959635    
   3.46875000000      0.201030724311E-02   2.78020946656     -0.102691579636E-04   27.3296404613       5.56041893312       1.05727031266      0.644958912936       1.07798024096    
   3.50000000000      0.200402806413E-02   2.82593278176     -0.108156419821E-04   27.7046668521       5.65186556352       1.06348759973      0.659712176073       1.10273300596    
   3.53125000000      0.199766734430E-02   2.87224984734     -0.113273448783E-04   28.0452286181       5.74449969467       1.06987821537      0.674724168120       1.12764746384    
   3.56250000000      0.199122398749E-02   2.91916864464     -0.118033216840E-04   28.3779166724       5.83833728927       1.07648294448      0.689993016734       1.15269268342    
   3.59375000000      0.198469734586E-02   2.96669389064     -0.122441492839E-04   28.7035308239       5.93338778127       1.08334014942      0.705516109319       1.17783763190    
   3.62500000000      0.197808731012E-02   3.01482638102     -0.126520868509E-04   28.9896325350       6.02965276203       1.09048503908      0.721289740319       1.20305160162    
   3.65625000000      0.197139438367E-02   3.06356244978     -0.130311862762E-04   29.2570055608       6.12712489957       1.09794900164      0.737308799121       1.22830464902    
   3.68750000000      0.196461973652E-02   3.11289357724     -0.133873453890E-04   29.4855625163       6.22578715448       1.10575902196      0.753566523783       1.25356803150    
   3.71875000000      0.195776523502E-02   3.16280617311     -0.137283006650E-04   29.6830378221       6.32561234622       1.11393720145      0.770054346194       1.27881462547    
   3.75000000000      0.195083344473E-02   3.21328155592     -0.140635601148E-04   29.8603571477       6.42656311184       1.12250039483      0.786761853842       1.30401930725    
   3.78125000000      0.194382760426E-02   3.26429614318     -0.144042803598E-04   30.0072150578       6.52859228637       1.13145997523      0.803676891080       1.32915927687    
   3.81250000000      0.193675156923E-02   3.31582185967     -0.147630937702E-04   30.1099530634       6.63164371934       1.14082173735      0.820785817412       1.35421430491    
   3.84375000000      0.192960972645E-02   3.36782676246     -0.151538913035E-04   30.1944614409       6.73565352492       1.15058594832      0.838073930793       1.37916688335    
   3.87500000000      0.192240687982E-02   3.42027587148     -0.155915641091E-04   30.2271619295       6.84055174296       1.16074755792      0.855526049752       1.40400226381    
   3.90625000000      0.191514811117E-02   3.47313218290     -0.160917024223E-04   30.2439393368       6.94626436580       1.17129658238      0.873127229598       1.42870837093    
   3.93750000000      0.190783862089E-02   3.52635782986     -0.166702449073E-04   30.2206489859       7.05271565971       1.18221867839      0.890863566507       1.45327558496    
   3.96875000000      0.190048355498E-02   3.57991534157     -0.173430672020E-04   30.7848350808       7.15983068314       1.19349592349      0.908723021501       1.47769639658    
   4.00000000000      0.189308782712E-02   3.63376893909     -0.181254970520E-04   31.6294716651       7.26753787818       1.20510781271      0.926696177671       1.50196494870    
   4.03125000000      0.188565594578E-02   3.68788579427     -0.190317467673E-04   32.5453354415       7.37577158854       1.21703246667      0.944776832597       1.52607649500    
   4.06250000000      0.187819185752E-02   3.74223717069     -0.200742624045E-04   33.4083163953       7.48447434138       1.22924802083      0.962962327811       1.55002682206    
   4.09375000000      0.187069881830E-02   3.79679936106     -0.212630021078E-04   34.2121820618       7.59359872212       1.24173412995      0.981253531481       1.57381169963    
   4.12500000000      0.186317930412E-02   3.85155433744     -0.226046710516E-04   35.1601186713       7.70310867488       1.25447347809      0.999654420801       1.59742643855    
   4.15625000000      0.185563497165E-02   3.90649003831     -0.241019543633E-04   35.9724565907       7.81298007661       1.26745313947       1.01817125587       1.62086564297    
   4.18750000000      0.184806667701E-02   3.96160023153     -0.257527997498E-04   36.6889574549       7.92320046306       1.28066560007       1.03681139297       1.64412323849    
   4.21875000000      0.184047455812E-02   4.01688391468     -0.275498073660E-04   37.6109201042       8.03376782937       1.29410923384       1.05558184467       1.66719283617    
   4.25000000000      0.183285818174E-02   4.07234424445     -0.294797866435E-04   38.2521191478       8.14468848890       1.30778804479       1.07448774763       1.69006845203    
   4.28125000000      0.182521675120E-02   4.12798702378     -0.315235401940E-04   39.5120100410       8.25597404755       1.32171054253       1.09353093448       1.71274554676    
   4.31250000000      0.181754936525E-02   4.18381881677     -0.336559346680E-04   40.1579821524       8.36763763353       1.33588771512       1.11270881576       1.73522228589    
   4.34375000000      0.180985531282E-02   4.23984480279     -0.358463164286E-04   40.8954453424       8.47968960557       1.35033018990       1.13201375351       1.75750085937    
   4.37500000000      0.180213438329E-02   4.29606651650     -0.380593221955E-04   41.5119338149       8.59213303301       1.36504481143       1.15143305264       1.77958865243    
   4.40625000000      0.179438716924E-02   4.35247964377     -0.402561160761E-04   41.9789741348       8.70495928753       1.38003099153       1.17094961311       1.80149903913    
   4.43750000000      0.178661533740E-02   4.40907204838     -0.423960505646E-04   42.9509285050       8.81814409676       1.39527727309       1.19054319158       1.82325158371    
   4.46875000000      0.177882184599E-02   4.46582218964     -0.444387003169E-04   43.8653437479       8.93164437928       1.41075857649       1.21019212827       1.84487148488    
   4.50000000000      0.177101109112E-02   4.52269805618     -0.463461597981E-04   44.8164569255       9.04539611236       1.42643455389       1.22987532242       1.86638817987    
   4.53125000000      0.176318897169E-02   4.57965669354     -0.480854403017E-04   45.6260378523       9.15931338709       1.44224936526       1.24957419965       1.88783312863    
   4.56250000000      0.175536286953E-02   4.63664434858     -0.496307613914E-04   46.3373110091       9.27328869715       1.45813302626       1.26927441366       1.90923690866    
   4.59375000000      0.174754154880E-02   4.69359720230     -0.509655172594E-04   46.9800980030       9.38719440460       1.47400428703       1.28896706340       1.93062585186    
   4.62500000000      0.173973498416E-02   4.75044262097     -0.520837146375E-04   47.4874503100       9.50088524193       1.48977481262       1.30864927663       1.95201853171    
   4.65625000000      0.173195413132E-02   4.80710082709     -0.529907229945E-04   47.8749945223       9.61420165417       1.50535427900       1.32832409882       1.97342244927    
   4.68750000000      0.172421065519E-02   4.86348687861     -0.537032404859E-04   49.6287160708       9.72697375722       1.52065589473       1.34799971826       1.99483126563    
   4.71875000000      0.171651663140E-02   4.91951284290     -0.542484477789E-04   51.0816616198       9.83902568580       1.53560182020       1.36768813797       2.01622288473    
   4.75000000000      0.170888423566E-02   4.97509005845     -0.546623843903E-04   52.6695848011       9.95018011691       1.55012798510       1.38740346219       2.03755861116    
   4.78125000000      0.170132543444E-02   5.03013138748     -0.549876307210E-04   54.1146543759       10.0602627750       1.56418789033       1.40715999450       2.05878350266    
   4.81250000000      0.169385168875E-02   5.08455337282     -0.552704119672E-04   55.1687406166       10.1691067456       1.57775510730       1.42697034488       2.07982792064    
   4.84375000000      0.168647368165E-02   5.13827822225     -0.555572619986E-04   56.3282012639       10.2765564445       1.59082433300       1.44684372074       2.10061016851    
   4.87500000000      0.167920107881E-02   5.19123555188     -0.558914043906E-04   56.9862149352       10.3824711038       1.60341100282       1.46678453924       2.12104000982    
   4.90625000000      0.167204233042E-02   5.24336382857     -0.563090325541E-04   57.4248848281       10.4867276571       1.61554958603       1.48679145526       2.14102278728    
   4.93750000000      0.166500452128E-02   5.29461146183     -0.568357059746E-04   57.7301987425       10.5892229237       1.62729077893       1.50685685774       2.16046382516    
   4.96875000000      0.165809327392E-02   5.34493750875     -0.574831227651E-04   58.4487666830       10.6898750175       1.63869786355       1.52696685169       2.17927279351    
   5.00000000000      0.165131270772E-02   5.39431197200     -0.582465698597E-04   59.0666733637       10.7886239440       1.64984251726       1.54710171463       2.19736774012    
