   0.00000000000      0.123465932092E-02  0.375000000000     -0.930942848252E-08   3.48791778174      0.750000000000      0.872639325525E-01  0.878868698199E-01  0.199849197628    
  0.156250000000E-01  0.123462994530E-02  0.376925161223     -0.931073782749E-08   3.49044047532      0.753850322445      0.880259689533E-01  0.886532506630E-01  0.200245941606    
  0.312500000000E-01  0.123459936971E-02  0.378928962957     -0.931189440809E-08   3.49584390111      0.757857925914      0.888131920806E-01  0.894451205274E-01  0.200670650349    
  0.468750000000E-01  0.123456754323E-02  0.381014742910     -0.931289821398E-08   3.50153096155      0.762029485820      0.896264132347E-01  0.902633047029E-01  0.201125024973    
  0.625000000000E-01  0.123453441195E-02  0.383186034788     -0.931374997143E-08   3.50945791301      0.766372069575      0.904664909051E-01  0.911086766331E-01  0.201610867249    
  0.781250000000E-01  0.123449991878E-02  0.385446578811     -0.931445118390E-08   3.52096536295      0.770893157622      0.913343331877E-01  0.919821603936E-01  0.202130085230    
  0.937500000000E-01  0.123446400335E-02  0.387800332495     -0.931500416873E-08   3.53589489246      0.775600664991      0.922309002502E-01  0.928847332198E-01  0.202684699025    
  0.109375000000      0.123442660178E-02  0.390251481605     -0.931541209061E-08   3.55580951837      0.780502963210      0.931572068266E-01  0.938174280641E-01  0.203276846714    
  0.125000000000      0.123438764656E-02  0.392804451199     -0.931567899125E-08   3.57739796779      0.785608902397      0.941143247167E-01  0.947813361592E-01  0.203908790323    
  0.140625000000      0.123434706633E-02  0.395463916632     -0.931580981328E-08   3.60360356068      0.790927833264      0.951033852604E-01  0.957776095546E-01  0.204582921817    
  0.156250000000      0.123430478579E-02  0.398234814374     -0.931581042026E-08   3.63449179780      0.796469628748      0.961255817510E-01  0.968074635897E-01  0.205301769033    
  0.171875000000      0.123426072545E-02  0.401122352454     -0.931568760688E-08   3.67152724804      0.802244704908      0.971821717418E-01  0.978721792578E-01  0.206068001454    
  0.187500000000      0.123421480155E-02  0.404132020319     -0.931544910132E-08   3.70791741838      0.808264040638      0.982744791948E-01  0.989731054053E-01  0.206884435719    
  0.203125000000      0.123416692591E-02  0.407269597854     -0.931510355526E-08   3.74844415337      0.814539195708      0.994038964094E-01  0.100111660705      0.207754040740    
  0.218750000000      0.123411700578E-02  0.410541163264     -0.931466052466E-08   3.79008545167      0.821082326529      0.100571885660      0.101289335324      0.208679942281    
  0.234375000000      0.123406494375E-02  0.413953099488     -0.931413043042E-08   3.83173166958      0.827906198977      0.101779980460      0.102507692215      0.209665426814    
  0.250000000000      0.123401063771E-02  0.417512098765     -0.931352450743E-08   3.87901446072      0.835024197530      0.103029786364      0.103768367915      0.210713944486    
  0.265625000000      0.123395398080E-02  0.421225164942     -0.931285472926E-08   3.92485237863      0.842450329883      0.104322981207      0.105073072775      0.211829110960    
  0.281250000000      0.123389486139E-02  0.425099613076     -0.931213371589E-08   3.97421596734      0.850199226152      0.105661314668      0.106423590486      0.213014707923    
  0.296875000000      0.123383316317E-02  0.429143065862     -0.931137461080E-08   4.02609862920      0.858286131724      0.107046607056      0.107821776794      0.214274682012    
  0.312500000000      0.123376876524E-02  0.433363446396     -0.931059093634E-08   4.07696614878      0.866726892791      0.108480747186      0.109269557290      0.215613141920    
  0.328125000000      0.123370154230E-02  0.437768966805     -0.930979641678E-08   4.13559357522      0.875537933610      0.109965689244      0.110768924139      0.217034353422    
  0.343750000000      0.123363136487E-02  0.442368112284     -0.930900476823E-08   4.19024927510      0.884736224568      0.111503448525      0.112321931650      0.218542732109    
  0.359375000000      0.123355809963E-02  0.447169620130     -0.930822945686E-08   4.25585652712      0.894339240260      0.113096095942      0.113930690588      0.220142833600    
  0.375000000000      0.123348160981E-02  0.452182453450     -0.930748341807E-08   4.32074969412      0.904364906899      0.114745751243      0.115597361139      0.221839341068    
  0.390625000000      0.123340175569E-02  0.457415769312     -0.930677874315E-08   4.39389637544      0.914831538623      0.116454574870      0.117324144485      0.223637049956    
  0.406250000000      0.123331839516E-02  0.462878881251     -0.930612632593E-08   4.46334326982      0.925757762503      0.118224758451      0.119113272975      0.225540849825    
  0.421875000000      0.123323138436E-02  0.468581216203     -0.930553547571E-08   4.54394011195      0.937162432406      0.120058513947      0.120966998909      0.227555703346    
  0.437500000000      0.123314057847E-02  0.474532266112     -0.930501349650E-08   4.62020971126      0.949064532225      0.121958061521      0.122887582025      0.229686622566    
  0.453125000000      0.123304583248E-02  0.480741534695     -0.930456523797E-08   4.70675503391      0.961483069389      0.123925616257      0.124877275808      0.231938642630    
  0.468750000000      0.123294700205E-02  0.487218479995     -0.930419262028E-08   4.79713163015      0.974436959990      0.125963373893      0.126938312804      0.234316793298    
  0.484375000000      0.123284394450E-02  0.493972453631     -0.930389414435E-08   4.88602097281      0.987944907261      0.128073495808      0.129072889185      0.236826068638    
  0.500000000000      0.123273651973E-02  0.501012637752     -0.930366439266E-08   4.99421974896       1.00202527550      0.130258093511      0.131283148830      0.239471395411    
  0.515625000000      0.123262459117E-02  0.508347980942     -0.930349352894E-08   5.09619523915       1.01669596188      0.132519212966      0.133571167259      0.242257600718    
  0.531250000000      0.123250802684E-02  0.515987134344     -0.930336681305E-08   5.19891529068       1.03197426869      0.134858819065      0.135938935759      0.245189379521    
  0.546875000000      0.123238670020E-02  0.523938389400     -0.930326413640E-08   5.32015766217       1.04787677880      0.137278780616      0.138388346064      0.248271262721    
  0.562500000000      0.123226049114E-02  0.532209618547     -0.930315959323E-08   5.44382939749       1.06441923709      0.139780856184      0.140921175948      0.251507586416    
  0.578125000000      0.123212928677E-02  0.540808220170     -0.930302109649E-08   5.55935893051       1.08161644034      0.142366681116      0.143539076064      0.254902462990    
  0.593750000000      0.123199298218E-02  0.549741068984     -0.930281005153E-08   5.69105613803       1.09948213797      0.145037756048      0.146243558334      0.258459754602    
  0.609375000000      0.123185148112E-02  0.559014472845     -0.930248109297E-08   5.83483468050       1.11802894569      0.147795437148      0.149035986145      0.262183049552    
  0.625000000000      0.123170469655E-02  0.568634136772     -0.930198189611E-08   5.97789847114       1.13726827354      0.150640928285      0.151917566549      0.266075641938    
  0.640625000000      0.123155255104E-02  0.578605134737     -0.930125306351E-08   6.11714093334       1.15721026947      0.153575275266      0.154889344588      0.270140514883    
  0.656250000000      0.123139497709E-02  0.588931889515     -0.930022809444E-08   6.25001202265       1.17786377903      0.156599362207      0.157952199818      0.274380327490    
  0.671875000000      0.123123191735E-02  0.599618160655     -0.929883343402E-08   6.40418286394       1.19923632131      0.159713910035      0.161106845025      0.278797405595    
  0.687500000000      0.123106332462E-02  0.610667040385     -0.929698860190E-08   6.56963377290       1.22133408077      0.162919477070      0.164353827061      0.283393736253    
  0.703125000000      0.123088916185E-02  0.622080957065     -0.929460639880E-08   6.74880443424       1.24416191413      0.166216461567      0.167693529678      0.288170965820    
  0.718750000000      0.123070940196E-02  0.633861685643     -0.929159318243E-08   6.90731196774       1.26772337129      0.169605106066      0.171126178195      0.293130401382    
  0.734375000000      0.123052402758E-02  0.646010364398     -0.928784921035E-08   7.08394209035       1.29202072880      0.173085503341      0.174651845787      0.298273015270    
  0.750000000000      0.123033303069E-02  0.658527517204     -0.928326903865E-08   7.23808254154       1.31705503441      0.176657603746      0.178270461164      0.303599452294    
  0.765625000000      0.123013641228E-02  0.671413080459     -0.927774197137E-08   7.41174278619       1.34282616092      0.180321223699      0.181981817406      0.309110039354    
  0.781250000000      0.122993418180E-02  0.684666433803     -0.927115255343E-08   7.56293614166       1.36933286761      0.184076055074      0.185785581680      0.314804797049    
  0.796875000000      0.122972635669E-02  0.698286433791     -0.926338109835E-08   7.73517041144       1.39657286758      0.187921675259      0.189681305624      0.320683452908    
  0.812500000000      0.122951296183E-02  0.712271449670     -0.925430424397E-08   7.89161674322       1.42454289934      0.191857557650      0.193668436128      0.326745455892    
  0.828125000000      0.122929402894E-02  0.726619400521     -0.924379553061E-08   8.09580862457       1.45323880104      0.195883082360      0.197746326327      0.332989991834    
  0.843750000000      0.122906959607E-02  0.741327793043     -0.923172599552E-08   8.28173565392       1.48265558609      0.199997546959      0.201914246588      0.339415999496    
  0.859375000000      0.122883970694E-02  0.756393759382     -0.921796478136E-08   8.48602152491       1.51278751876      0.204200177070      0.206171395321      0.346022186991    
  0.875000000000      0.122860441044E-02  0.771814094458     -0.920237975186E-08   8.66952468974       1.54362818892      0.208490136666      0.210516909477      0.352807048315    
  0.890625000000      0.122836376002E-02  0.787585292339     -0.918483811336E-08   8.87212747461       1.57517058468      0.212866537958      0.214949874597      0.359768879783    
  0.906250000000      0.122811781320E-02  0.803703581309     -0.916520704063E-08   9.05745376093       1.60740716262      0.217328450773      0.219469334330      0.366905796207    
  0.921875000000      0.122786663103E-02  0.820164957329     -0.914335430289E-08   9.25566269599       1.64032991466      0.221874911340      0.224074299335      0.374215746653    
  0.937500000000      0.122761027759E-02  0.836965215673     -0.911914889248E-08   9.44436627405       1.67393043135      0.226504930451      0.228763755527      0.381696529696    
  0.953125000000      0.122734881960E-02  0.854099980607     -0.909246164948E-08   9.64545832038       1.70819996121      0.231217500938      0.233536671627      0.389345808042    
  0.968750000000      0.122708232590E-02  0.871564732995     -0.906316588781E-08   9.83152079104       1.74312946599      0.236011604481      0.238392006019      0.397161122496    
  0.984375000000      0.122681086718E-02  0.889354835815     -0.903113801432E-08   10.0363471459       1.77870967163      0.240886217725      0.243328712900      0.405139905189    
   1.00000000000      0.122653451549E-02  0.907465557564     -0.899625814827E-08   10.2213978474       1.81493111513      0.245840317734      0.248345747757      0.413279492074    
   1.01562500000      0.122625334404E-02  0.925892093610     -0.895841072991E-08   10.4293666890       1.85178418722      0.250872886794      0.253442072175      0.421577134641    
   1.03125000000      0.122596742680E-02  0.944629585537     -0.891748512507E-08   10.6142506910       1.88925917107      0.255982916617      0.258616658039      0.430030010881    
   1.04687500000      0.122567683830E-02  0.963673138595     -0.887337621812E-08   10.8257195815       1.92734627719      0.261169411957      0.263868491151      0.438635235487    
   1.06250000000      0.122538165335E-02  0.983017837344     -0.882598499405E-08   11.0115824920       1.96603567469      0.266431393714      0.269196574309      0.447389869321    
   1.07812500000      0.122508194686E-02   1.00265875962     -0.877521910204E-08   11.2263888157       2.00531751924      0.271767901541      0.274599929904      0.456290928173    
   1.09375000000      0.122477779363E-02   1.02259098894     -0.872099340511E-08   11.4148194890       2.04518197788      0.277177996024      0.280077602079      0.465335390837    
   1.10937500000      0.122446926818E-02   1.04280962552     -0.866323050486E-08   11.6320129186       2.08561925103      0.282660760463      0.285628658495      0.474520206558    
   1.12500000000      0.122415644462E-02   1.06330979594     -0.860186123946E-08   11.8245446825       2.12661959188      0.288215302316      0.291252191750      0.483842301875    
   1.14062500000      0.122383939648E-02   1.08408666176     -0.853682515594E-08   12.0427288563       2.16817332352      0.293840754339      0.296947320500      0.493298586919    
   1.15625000000      0.122351819666E-02   1.10513542699     -0.846807094434E-08   12.2419773454       2.21027085398      0.299536275456      0.302713190318      0.502885961217    
   1.17187500000      0.122319291726E-02   1.12645134477     -0.839555683795E-08   12.4579785170       2.25290268954      0.305301051408      0.308548974322      0.512601319041    
   1.18750000000      0.122286362956E-02   1.14802972319     -0.831925096825E-08   12.6669165785       2.29605944638      0.311134295205      0.314453873614      0.522441554370    
   1.20312500000      0.122253040388E-02   1.16986593047     -0.823913167596E-08   12.8762788049       2.33973186095      0.317035247408      0.320427117553      0.532403565514    
   1.21875000000      0.122219330954E-02   1.19195539959     -0.815518777283E-08   13.0990843595       2.38391079918      0.323003176267      0.326467963874      0.542484259449    
   1.23437500000      0.122185241482E-02   1.21429363236     -0.806741874950E-08   13.2968637012       2.42858726471      0.329037377733      0.332575698698      0.552680555926    
   1.25000000000      0.122150778685E-02   1.23687620317     -0.797583492721E-08   13.5395692090       2.47375240633      0.335137175359      0.338749636417      0.562989391391    
   1.26562500000      0.122115949163E-02   1.25969876237     -0.788045755200E-08   13.7390253284       2.51939752474      0.341301920104      0.344989119488      0.573407722781    
   1.28125000000      0.122080759390E-02   1.28275703940     -0.778131882593E-08   13.9873936033       2.56551407879      0.347530990043      0.351293518134      0.583932531221    
   1.29687500000      0.122045215720E-02   1.30604684564     -0.767846187666E-08   14.1919257135       2.61209369127      0.353823789999      0.357662229956      0.594560825680    
   1.31250000000      0.122009324373E-02   1.32956407716     -0.757194066151E-08   14.4369438648       2.65912815433      0.360179751089      0.364094679469      0.605289646606    
   1.32812500000      0.121973091438E-02   1.35330471731     -0.746181980858E-08   14.6500976941       2.70660943462      0.366598330194      0.370590317547      0.616116069571    
   1.34375000000      0.121936522868E-02   1.37726483910     -0.734817438946E-08   14.8807542891       2.75452967820      0.373079009349      0.377148620793      0.627037208958    
   1.35937500000      0.121899624474E-02   1.40144060756     -0.723108962888E-08   15.1155300633       2.80288121513      0.379621295057      0.383769090824      0.638050221682    
   1.37500000000      0.121862401927E-02   1.42582828198     -0.711066055139E-08   15.3399354576       2.85165656395      0.386224717523      0.390451253471      0.649152310981    
   1.39062500000      0.121824860750E-02   1.45042421797     -0.698699156550E-08   15.5860416379       2.90084843595      0.392888829817      0.397194657906      0.660340730252    
   1.40625000000      0.121787006316E-02   1.47522486958     -0.686019598924E-08   15.7997867488       2.95044973916      0.399613206959      0.403998875681      0.671612786941    
   1.42187500000      0.121748843848E-02   1.50022679111     -0.673039552191E-08   16.0572153276       3.00045358222      0.406397444937      0.410863499700      0.682965846472    
   1.43750000000      0.121710378415E-02   1.52542663895     -0.659771966010E-08   16.2774837410       3.05085327789      0.413241159647      0.417788143106      0.694397336193    
   1.45312500000      0.121671614929E-02   1.55082117319     -0.646230506966E-08   16.5407973127       3.10164234638      0.420143985768      0.424772438098      0.705904749323    
   1.46875000000      0.121632558143E-02   1.57640725914     -0.632429491364E-08   16.7589978854       3.15281451828      0.427105575574      0.431816034684      0.717485648883    
   1.48437500000      0.121593212651E-02   1.60218186867     -0.618383815368E-08   16.9902772802       3.20436373735      0.434125597710      0.438918599384      0.729137671578    
   1.50000000000      0.121553582883E-02   1.62814208143     -0.604108882684E-08   17.2576985085       3.25628416286      0.441203735925      0.446079813900      0.740858531607    
   1.51562500000      0.121513673107E-02   1.65428508594     -0.589620531040E-08   17.4636324591       3.30857017188      0.448339687797      0.453299373757      0.752646024387    
   1.53125000000      0.121473487423E-02   1.68060818055     -0.574934957818E-08   17.7563263476       3.36121636109      0.455533163433      0.460576986939      0.764498030175    
   1.54687500000      0.121433029770E-02   1.70710877424     -0.560068646145E-08   17.9649171776       3.41421754849      0.462783884161      0.467912372507      0.776412517576    
   1.56250000000      0.121392303914E-02   1.73378438740     -0.545038292486E-08   18.1966420848       3.46756877479      0.470091581225      0.475305259222      0.788387546949    
   1.57812500000      0.121351313457E-02   1.76063265241     -0.529860737948E-08   18.4748662889       3.52126530482      0.477455994501      0.482755384194      0.800421273716    
   1.59375000000      0.121310061829E-02   1.78765131450     -0.514552905806E-08   18.6690741827       3.57530262900      0.484876871294      0.490262491591      0.812511951614    
   1.60937500000      0.121268552292E-02   1.81483823257     -0.499131747175E-08   18.9698418871       3.62967646513      0.492353965211      0.497826331444      0.824657935912    
   1.62500000000      0.121226787932E-02   1.84219138039     -0.483614195984E-08   19.1779273401       3.68438276078      0.499887035154      0.505446658563      0.836857686674    
   1.64062500000      0.121184771665E-02   1.86970884809     -0.468017133788E-08   19.3595099418       3.73941769619      0.507475844406      0.513123231559      0.849109772130    
   1.65625000000      0.121142506226E-02   1.89738884407     -0.452357365904E-08   19.6945300189       3.79477768813      0.515120159811      0.520855811979      0.861412872278    
   1.67187500000      0.121099994170E-02   1.92522969750     -0.436651612949E-08   19.8657310897       3.85045939499      0.522819751086      0.528644163564      0.873765782846    
   1.68750000000      0.121057237864E-02   1.95322986175     -0.420916522730E-08   20.1388657364       3.90645972351      0.530574390303      0.536488051681      0.886167419770    
   1.70312500000      0.121014239482E-02   1.98138791900     -0.405168705683E-08   20.3838252278       3.96277583800      0.538383851634      0.544387243001      0.898616824363    
   1.71875000000      0.120971000995E-02   2.00970258631     -0.389424797407E-08   20.5373819241       4.01940517263      0.546247911411      0.552341505496      0.911113169407    
   1.73437500000      0.120927524157E-02   2.03817272369     -0.373701553251E-08   20.8763773413       4.07634544737      0.554166348518      0.560350608773      0.923655766394    
   1.75000000000      0.120883810493E-02   2.06679734413     -0.358015976375E-08   21.0534701561       4.13359468826      0.562138945112      0.568414324762      0.936244074254    
   1.76562500000      0.120839861276E-02   2.09557562637     -0.342385481863E-08   21.1820918158       4.19115125273      0.570165487689      0.576532428763      0.948877709913    
   1.78125000000      0.120795677506E-02   2.12450693062     -0.326828106095E-08   21.5767049375       4.24901386124      0.578245768580      0.584704700928      0.961556461114    
   1.79687500000      0.120751259876E-02   2.15359081831     -0.311362781485E-08   21.6974275166       4.30718163662      0.586379588029      0.592930928299      0.974280301983    
   1.81250000000      0.120706608737E-02   2.18282707652     -0.296009698197E-08   21.8995571110       4.36565415303      0.594566757025      0.601210907594      0.987049411896    
   1.82812500000      0.120661724049E-02   2.21221574826     -0.280790765126E-08   22.2526493099       4.42443149652      0.602807101058      0.609544448895      0.999864198305    
   1.84375000000      0.120616605328E-02   2.24175716958     -0.265730187655E-08   22.3166128608       4.48351433916      0.611100464895      0.617931380374       1.01272532431    
   1.85937500000      0.120571251577E-02   2.27145201457     -0.250855199657E-08   22.5827551753       4.54290402914      0.619446718472      0.626371554157       1.02563374194    
   1.87500000000      0.120525661199E-02   2.30130134969     -0.236197003599E-08   22.9092319974       4.60260269938      0.627845763985      0.634864853419       1.03859073229    
   1.89062500000      0.120479831902E-02   2.33130669906     -0.221791968276E-08   22.9082470907       4.66261339812      0.636297544376      0.643411200878       1.05159795381    
   1.90625000000      0.120433760574E-02   2.36147012275     -0.207683133721E-08   23.2229120795       4.72294024549      0.644802053484      0.652010568923       1.06465750034    
   1.92187500000      0.120387443144E-02   2.39179431045     -0.193922091320E-08   23.5538432927       4.78358862090      0.653359348124      0.660662991649       1.07777197068    
   1.93750000000      0.120340874409E-02   2.42228269295     -0.180571310011E-08   23.5005492478       4.84456538589      0.661969562298      0.669368579008       1.09094455164    
   1.95312500000      0.120294047835E-02   2.45293957370     -0.167706923229E-08   23.8118536006       4.90587914739      0.670632923558      0.678127533124       1.10417911701    
   1.96875000000      0.120246955321E-02   2.48377028289     -0.155421890862E-08   24.1878876973       4.96754056578      0.679349771389      0.686940166693       1.11748034481    
   1.98437500000      0.120199586929E-02   2.51478135597     -0.143829358407E-08   24.1716347387       5.02956271195      0.688120577403      0.695806923222       1.13085385535    
   2.00000000000      0.120151930566E-02   2.54598073839     -0.133065940129E-08   24.3275442799       5.09196147678      0.696945967087      0.704728398864       1.14430637244    
   2.01562500000      0.120103971637E-02   2.57737801758     -0.123294478100E-08   24.7970944343       5.15475603517      0.705826742858      0.713705365561       1.15784590916    
   2.03125000000      0.120055692641E-02   2.60898468199     -0.114705565187E-08   24.8792763141       5.21796936398      0.714763908141      0.722738795214       1.17148197864    
   2.04687500000      0.120007072745E-02   2.64081440458     -0.107516889660E-08   24.7040768901       5.28162880917      0.723758692196      0.731829884620       1.18522582777    
   2.06250000000      0.119958087318E-02   2.67288334589     -0.101969407817E-08   25.3290962652       5.34576669178      0.732812575594      0.740980081053       1.19909068924    
   2.07812500000      0.119908707453E-02   2.70521046798     -0.983194983096E-09   25.5816840581       5.41042093596      0.741927316679      0.750191108798       1.21309204250    
   2.09375000000      0.119858899490E-02   2.73781784672     -0.968265495558E-09   25.4523434893       5.47563569345      0.751104979992      0.759464997603       1.22724786913    
   2.10937500000      0.119808624573E-02   2.77073096502     -0.977359364457E-09   25.6532923685       5.54146193004      0.760347968432      0.768804114815       1.24157888177    
   2.12500000000      0.119757838260E-02   2.80397896478     -0.101258196242E-08   26.1569346586       5.60795792956      0.769659061805      0.778211203858       1.25610869912    
   2.14062500000      0.119706490242E-02   2.83759483202     -0.107546367816E-08   26.4235903674       5.67518966403      0.779041465452      0.787689432524       1.27086393404    
   2.15625000000      0.119654524205E-02   2.87161548763     -0.116674505099E-08   26.8170102962       5.74323097526      0.788498873234      0.797242455206       1.28587415919    
   2.17187500000      0.119601877870E-02   2.90608175742     -0.128620807462E-08   27.1381622415       5.81216351484      0.798035548709      0.806874492905       1.30117171580    
   2.18750000000      0.119548483267E-02   2.94103819857     -0.143258418441E-08   27.2749016138       5.88207639714      0.807656426150      0.816590432881       1.31679133954    
   2.20312500000      0.119494267237E-02   2.97653276718     -0.160355880979E-08   27.9505549411       5.95306553435      0.817367229319      0.826395946010       1.33276959185    
   2.21875000000      0.119439152193E-02   3.01261632333     -0.179587749067E-08   28.7620494299       6.02523264666      0.827174601156      0.836297614869       1.34914410731    
   2.23437500000      0.119383057101E-02   3.04934198531     -0.200554180758E-08   29.3760681575       6.09868397062      0.837086232135      0.846303060125       1.36595269305    
   2.25000000000      0.119325898657E-02   3.08676435882     -0.222806783686E-08   29.7542641083       6.17352871763      0.847110969178      0.856421047406       1.38323234223    
   2.26562500000      0.119267592593E-02   3.12493867871     -0.245876893588E-08   30.1642919102       6.24987735742      0.857258882549      0.866661552422       1.40101824374    
   2.28125000000      0.119208055039E-02   3.16391990794     -0.269302073033E-08   31.1240774344       6.32783981588      0.867541267569      0.877035760953       1.41934287942    
   2.29687500000      0.119147203886E-02   3.20376184166     -0.292647088820E-08   32.1136004685       6.40752368332      0.877970562644      0.887555984582       1.43823529443    
   2.31250000000      0.119084960070E-02   3.24451626014     -0.315517035847E-08   32.9590666563       6.48903252028      0.888560173328      0.898235482092       1.45772060472    
   2.32812500000      0.119021248747E-02   3.28623216083     -0.337562252036E-08   33.6495056601       6.57246432166      0.899324202001      0.909088187425       1.47781977140    
   2.34375000000      0.118956000312E-02   3.32895508354     -0.358476280589E-08   34.3316050693       6.65791016708      0.910277094355      0.920128356224       1.49854963296    
   2.35937500000      0.118889151291E-02   3.37272653105     -0.377988690171E-08   35.2751844647       6.74545306211      0.921433226537      0.931370154414       1.51992315010    
   2.37500000000      0.118820645081E-02   3.41758348019     -0.395854324088E-08   36.3876862173       6.83516696038      0.932806465491      0.942827221460       1.54194979324    
   2.39062500000      0.118750432596E-02   3.46355797072     -0.411840240070E-08   37.6944094451       6.92711594145      0.944409734734      0.954512242576       1.56463599341    
   2.40625000000      0.118678472811E-02   3.51067675255     -0.425711455167E-08   38.7853120734       7.02135350510      0.956254610295      0.966436556318       1.58798558594    
   2.42187500000      0.118604733246E-02   3.55896097526     -0.437216441187E-08   39.6525064990       7.11792195053      0.968350963421      0.978609812657       1.61200019919    
   2.43750000000      0.118529190377E-02   3.60842591740     -0.446073117361E-08   40.3044390140       7.21685183481      0.980706658192      0.991039687126       1.63667957209    
   2.45312500000      0.118451829991E-02   3.65908076078     -0.451955928834E-08   41.5513459180       7.31816152155      0.993327299786       1.00373164678       1.66202181421    
   2.46875000000      0.118372647448E-02   3.71092841365     -0.454484414961E-08   42.7429601996       7.42185682731       1.00621601618       1.01668875138       1.68802364609    
   2.48437500000      0.118291647840E-02   3.76396538896     -0.453213632813E-08   43.6757393917       7.52793077792       1.01937325328       1.02991146606       1.71468066961    
   2.50000000000      0.118208846028E-02   3.81818175540     -0.447627198938E-08   44.2682993560       7.63636351079       1.03279657196       1.04339746771       1.74198771573    
   2.51562500000      0.118124266544E-02   3.87356118319     -0.437134220065E-08   44.6169108878       7.74712236638       1.04648044374       1.05714144057       1.76993929888    
   2.53125000000      0.118037943359E-02   3.93008109007     -0.421071484837E-08   45.5130461688       7.86016218015       1.06041604507       1.07113486489       1.79853018011    
   2.54687500000      0.117949919497E-02   3.98771287920     -0.398712135335E-08   46.6049242911       7.97542575839       1.07459105856       1.08536580726       1.82775601338    
   2.56250000000      0.117860246519E-02   4.04642226956     -0.369281555948E-08   47.4379982170       8.09284453913       1.08898950805       1.09981873495       1.85761402656    
   2.57812500000      0.117768983869E-02   4.10616973387     -0.331979522767E-08   47.9199960447       8.21233946774       1.10359166554       1.11447439354       1.88810367479    
   2.59375000000      0.117676198091E-02   4.16691104954     -0.286005422823E-08   47.9262481610       8.33382209908       1.11837406097       1.12930978899       1.91922719958    
   2.60937500000      0.117581961894E-02   4.22859794915     -0.230583167724E-08   48.5838598337       8.45719589830       1.13330961332       1.14429829939       1.95099003645    
   2.62500000000      0.117486353078E-02   4.29117885753     -0.164983749340E-08   48.9155226310       8.58235771506       1.14836789785       1.15940992675       1.98340103293    
   2.64062500000      0.117389453343E-02   4.35459971166     -0.885420131006E-09   48.9757449551       8.70919942333       1.16351555745       1.17461169299       2.01647246122    
   2.65625000000      0.117291347007E-02   4.41880483451     -0.661643642639E-11   49.6913907917       8.83760966903       1.17871683748       1.18986816815       2.05021982888    
   2.67187500000      0.117192119689E-02   4.48373778723      0.991929039066E-09   50.4286363889       8.96747557446       1.19393419205       1.20514208722       2.08466150796    
   2.68750000000      0.117091857033E-02   4.54934212323      0.211507756603E-08   50.9502791774       9.09868424646       1.20912891407       1.22039499682       2.11981821234    
   2.70312500000      0.116990643555E-02   4.61556203200      0.336723389058E-08   51.7863207162       9.23112406400       1.22426177928       1.23558790365       2.15571234907    
   2.71875000000      0.116888561666E-02   4.68234291654      0.475234746136E-08   52.6713985413       9.36468583308       1.23929372076       1.25068194445       2.19236725132    
   2.73437500000      0.116785690855E-02   4.74963193846      0.627400336529E-08   53.1958997623       9.49926387692       1.25418654456       1.26563911211       2.22980628179    
   2.75000000000      0.116682106957E-02   4.81737853705      0.793558207838E-08   54.3351300878       9.63475707410       1.26890369349       1.28042305309       2.26805179047    
   2.76562500000      0.116577881509E-02   4.88553493694      0.974034788162E-08   55.4222311091       9.77106987388       1.28341108234       1.29499993836       2.30712391624    
   2.78125000000      0.116473081262E-02   4.95405663825      0.116915383892E-07   55.9316742426       9.90811327649       1.29767801341       1.30933939972       2.34703922512    
   2.79687500000      0.116367767984E-02   5.02290275239      0.137927302426E-07   56.2317219959       10.0458055048       1.31167809910       1.32341547013       2.38780918316    
   2.81250000000      0.116261998659E-02   5.09203591966      0.160483656530E-07   57.2411772070       10.1840718393       1.32539004523       1.33720738885       2.42943848559    
   2.82812500000      0.116155826168E-02   5.16142165142      0.184636788232E-07   57.8754631328       10.3228433028       1.33879819502       1.35070014679       2.47192330960    
   2.84375000000      0.116049300358E-02   5.23102726650      0.210434952405E-07   58.2185313897       10.4620545330       1.35189287203       1.36388479338       2.51524960110    
   2.85937500000      0.115942469311E-02   5.30082080113      0.237905150348E-07   58.7048652344       10.6016416023       1.36467063038       1.37675865334       2.55939151741    
   2.87500000000      0.115835380497E-02   5.37077016499      0.267039005969E-07   60.0857158130       10.7415403300       1.37713447926       1.38932555666       2.60431012907    
   2.89062500000      0.115728081627E-02   5.44084262761      0.297776508981E-07   61.0912462046       10.8816852552       1.38929411645       1.40159606029       2.64995245087    
   2.90625000000      0.115620621151E-02   5.51100467881      0.329981248099E-07   61.5361713121       11.0220093576       1.40116621699       1.41358762731       2.69625083451    
   2.92187500000      0.115513048444E-02   5.58122223810      0.363423845184E-07   61.7070197576       11.1624444762       1.41277473376       1.42532476709       2.74312273724    
   2.93750000000      0.115405413669E-02   5.65146097570      0.397793422521E-07   61.2717121242       11.3029219514       1.42415100054       1.43683905103       2.79047092413    
   2.95312500000      0.115297767350E-02   5.72168652568      0.432715795540E-07   61.9427653077       11.4433730514       1.43533346388       1.44816882066       2.83818424114    
   2.96875000000      0.115190159754E-02   5.79186478222      0.467739841089E-07   62.2699659011       11.5837295644       1.44636713152       1.45935855041       2.88613910029    
   2.98437500000      0.115082640146E-02   5.86196264981      0.502309168318E-07   62.1328777287       11.7239252996       1.45730290826       1.47045805168       2.93420168987    
   3.00000000000      0.114975255885E-02   5.93194915722      0.535770984765E-07   62.2085966179       11.8638983144       1.46819676566       1.48152162274       2.98223076882    
