   0.00000000000      0.316628698882E-02  0.375000000000      0.135097110987E-19   2.00000000000      0.750000000000      0.625000000000E-01  0.625000000000E-01  0.250000000000    
  0.250000000000      0.316598249243E-02  0.377214652661      0.300132428055E-18   1.97199166955      0.754429305321      0.640612255382E-01  0.640612255382E-01  0.249092201584    
  0.500000000000      0.316505682759E-02  0.383952840851     -0.646733577215E-18   1.89109312753      0.767905681702      0.687155017155E-01  0.687155017155E-01  0.246521837420    
  0.750000000000      0.316347285707E-02  0.395484569504      0.125775297970E-18   1.76597530947      0.790969139008      0.763869990378E-01  0.763869990378E-01  0.242710571428    
   1.00000000000      0.316117385908E-02  0.412222304612      0.497815617932E-18   1.60899287245      0.824444609224      0.869851514629E-01  0.869851514629E-01  0.238252001686    
   1.25000000000      0.315808986830E-02  0.434674995482      0.178272258290E-18   1.43380238359      0.869349990964      0.100441834008      0.100441834008      0.233791327465    
   1.50000000000      0.315414469384E-02  0.463397126289      0.367312065938E-18   1.35068518181      0.926794252578      0.116739137459      0.116739137459      0.229918851370    
   1.75000000000      0.314926300647E-02  0.498937200748     -0.442106003800E-18   1.53031371713      0.997874401496      0.135918617123      0.135918617123      0.227099966503    
   2.00000000000      0.314337683364E-02  0.541790426066      0.209114349317E-18   1.75104937168       1.08358085213      0.158072270146      0.158072270146      0.225645885773    
   2.25000000000      0.313642996470E-02  0.592366423454      0.782566785430E-18   2.01258346033       1.18473284691      0.183324030446      0.183324030446      0.225718362562    
   2.50000000000      0.312837793678E-02  0.650988989229      0.731392357439E-18   2.32995285677       1.30197797846      0.211814470365      0.211814470365      0.227360048500    
   2.75000000000      0.311918159751E-02  0.717942761010      0.118393435551E-17   2.69953684253       1.43588552202      0.243699157359      0.243699157359      0.230544446291    
   3.00000000000      0.310879395457E-02  0.793569086053      0.189286439845E-17   3.14455991913       1.58713817211      0.279164249979      0.279164249979      0.235240586095    
   3.25000000000      0.309714216816E-02  0.878397409773      0.234887149586E-17   3.66485697250       1.75679481955      0.318454524355      0.318454524355      0.241488361064    
   3.50000000000      0.308410789817E-02  0.973288404107      0.116812495479E-17   4.28050880351       1.94657680821      0.361901952359      0.361901952359      0.249484499388    
   3.75000000000      0.306950914613E-02   1.07956560932      0.134662825629E-17   4.98942635561       2.15913121864      0.409939955662      0.409939955662      0.259685697996    
   4.00000000000      0.305308576076E-02   1.19911949361      0.198162438248E-17   5.95424361278       2.39823898721      0.463092397012      0.463092397012      0.272934699583    
   4.25000000000      0.303449120622E-02   1.33446475265      0.145821018896E-17   6.98629957766       2.66892950529      0.521938325638      0.521938325638      0.290588101371    
   4.50000000000      0.301329770166E-02   1.48869904508      0.189932942141E-17   8.38620759031       2.97739809016      0.587071749896      0.587071749896      0.314555545287    
   4.75000000000      0.298902699238E-02   1.66527298527      0.614571771843E-18   9.84433592493       3.33054597054      0.659096543863      0.659096543863      0.347079897545    
   5.00000000000      0.296121212537E-02   1.86752548648      0.353013846907E-18   11.6353533035       3.73505097295      0.738694559052      0.738694559053      0.390136368372    
