   0.00000000000      0.316628698882E-02  0.375000000000      0.786291627382E-20   2.00000000000      0.750000000000      0.625000000000E-01  0.625000000000E-01  0.250000000000    
  0.625000000000E-01  0.316628468617E-02  0.375150898434      0.288683137117E-18   1.99807034593      0.750301796869      0.626057348993E-01  0.626057348993E-01  0.249939428636    
  0.125000000000      0.316627777056E-02  0.375604113239      0.677984979454E-20   1.99229718132      0.751208226479      0.629228312405E-01  0.629228312405E-01  0.249758450758    
  0.187500000000      0.316626621825E-02  0.376361199763      0.164375367547E-18   1.98272761682      0.752722399526      0.634509687901E-01  0.634509687901E-01  0.249459262183    
  0.250000000000      0.316624998984E-02  0.377424740166      0.232021288844E-18   1.96943924248      0.754849480333      0.641896298601E-01  0.641896298601E-01  0.249045480446    
  0.312500000000      0.316622903048E-02  0.378798328739     -0.535494285204E-18   1.95253876582      0.757596657478      0.651381228739E-01  0.651381228739E-01  0.248522082991    
  0.375000000000      0.316620327018E-02  0.380486552194     -0.355853757749E-18   1.93216016243      0.760973104388      0.662956144073E-01  0.662956144073E-01  0.247895323380    
  0.437500000000      0.316617262417E-02  0.382494965740     -0.407104977025E-18   1.90846239412      0.764989931481      0.676611688026E-01  0.676611688026E-01  0.247172628135    
  0.500000000000      0.316613699331E-02  0.384830065879     -0.490939417693E-18   1.88162675983      0.769660131757      0.692337942587E-01  0.692337942587E-01  0.246362477361    
  0.562500000000      0.316609626455E-02  0.387499260954     -0.996776277734E-18   1.85185395401      0.774998521908      0.710124941548E-01  0.710124941548E-01  0.245474272645    
  0.625000000000      0.316605031141E-02  0.390510840543     -0.123891041084E-17   1.81936091188      0.781021681086      0.729963222566E-01  0.729963222566E-01  0.244518196030    
  0.687500000000      0.316599899440E-02  0.393873944718     -0.104190021461E-17   1.78437752376      0.787747889437      0.751844404065E-01  0.751844404065E-01  0.243505063905    
  0.750000000000      0.316594216153E-02  0.397598534172     -0.153583032942E-17   1.74714329957      0.795197068344      0.775761772855E-01  0.775761772855E-01  0.242446179601    
  0.812500000000      0.316587964872E-02  0.401695362022     -0.114774506923E-17   1.70790406066      0.803390724044      0.801710868736E-01  0.801710868736E-01  0.241353188275    
  0.875000000000      0.316581128019E-02  0.406175947972     -0.138600669785E-17   1.66690873142      0.812351895944      0.829690053104E-01  0.829690053104E-01  0.240237937351    
  0.937500000000      0.316573686879E-02  0.411052555285     -0.949953097683E-18   1.62440629235      0.822105110569      0.859701049610E-01  0.859701049610E-01  0.239112345363    
   1.00000000000      0.316565621638E-02  0.416338170779     -0.895868122700E-18   1.58064295010      0.832676341559      0.891749446278E-01  0.891749446278E-01  0.237988281524    
   1.06250000000      0.316556911399E-02  0.422046487867     -0.998952558196E-18   1.53585956557      0.844092975734      0.925845149970E-01  0.925845149970E-01  0.236877457873    
   1.12500000000      0.316547534211E-02  0.428191892375     -0.728292955497E-18   1.49028937380      0.856383784749      0.962002785743E-01  0.962002785743E-01  0.235791335226    
   1.18750000000      0.316537467085E-02  0.434789450729     -0.841094857307E-18   1.44415601579      0.869578901458      0.100024203534      0.100024203534      0.234741043662    
   1.25000000000      0.316526686007E-02  0.441854899889     -0.566768439865E-18   1.39794505679      0.883709799777      0.104058791076      0.104058791076      0.233737317737    
   1.31250000000      0.316515165955E-02  0.449404638306     -0.895799175240E-18   1.35580151461      0.898809276612      0.108307096072      0.108307096072      0.232790446163    
   1.37500000000      0.316502880912E-02  0.457455717138     -0.114862516286E-17   1.33303569146      0.914911434276      0.112772740932      0.112772740932      0.231910235273    
   1.43750000000      0.316489803876E-02  0.466025830945     -0.144914459569E-17   1.36164694825      0.932051661890      0.117459922829      0.117459922829      0.231105985287    
   1.50000000000      0.316475906884E-02  0.475133307230     -0.123828576153E-17   1.40569871848      0.950266614460      0.122373414546      0.122373414546      0.230386478139    
   1.56250000000      0.316461161021E-02  0.484797094367     -0.106432706094E-17   1.45262476829      0.969594188735      0.127518559445      0.127518559445      0.229759975478    
   1.62500000000      0.316445536450E-02  0.495036747763     -0.703366120996E-18   1.50244472597      0.990073495526      0.132901261182      0.132901261182      0.229234225399    
   1.68750000000      0.316429002429E-02  0.505872414499     -0.469222162034E-18   1.55525782243       1.01174482900      0.138527969016      0.138527969016      0.228816476467    
   1.75000000000      0.316411527336E-02  0.517324817211     -0.524533687658E-18   1.61113466743       1.03464963442      0.144405659760      0.144405659760      0.228513497691    
   1.81250000000      0.316393078699E-02  0.529415238524     -0.406395924761E-18   1.67023159188       1.05883047705      0.150541817622      0.150541817622      0.228331603281    
   1.87500000000      0.316373623208E-02  0.542165508054     -0.121365660055E-18   1.73257689803       1.08433101611      0.156944413433      0.156944413433      0.228276681188    
   1.93750000000      0.316353126730E-02  0.555597994672     -0.435476778906E-18   1.79843738551       1.11119598934      0.163621884985      0.163621884985      0.228354224703    
   2.00000000000      0.316331554309E-02  0.569735607479     -0.275503690014E-18   1.86789632555       1.13947121496      0.170583120452      0.170583120452      0.228569366575    
   2.06250000000      0.316308870143E-02  0.584601809709     -0.274415533638E-18   1.94111342624       1.16920361942      0.177837447158      0.177837447158      0.228926915394    
   2.12500000000      0.316285037534E-02  0.600220650482     -0.447577121245E-18   2.01840959765       1.20044130096      0.185394628154      0.185394628154      0.229431394175    
   2.18750000000      0.316260018808E-02  0.616616820083     -0.326088359360E-18   2.09986690726       1.23323364017      0.193264869400      0.193264869400      0.230087081284    
   2.25000000000      0.316233775181E-02  0.633815735112     -0.145522800579E-18   2.18592962120       1.26763147022      0.201458840537      0.201458840537      0.230898054038    
   2.31250000000      0.316206266574E-02  0.651843660571     -0.488084125147E-18   2.27678255566       1.30368732114      0.209987712526      0.209987712526      0.231868235519    
   2.37500000000      0.316177451360E-02  0.670727876695     -0.443407479290E-18   2.37290258878       1.34145575339      0.218863215656      0.218863215656      0.233001445383    
   2.43750000000      0.316147286025E-02  0.690496899166     -0.772735474819E-19   2.47463216791       1.38099379833      0.228097721678      0.228097721678      0.234301455810    
   2.50000000000      0.316115724739E-02  0.711180762371      0.370434201294E-19   2.58258279730       1.42236152474      0.237704354074      0.237704354074      0.235772054222    
   2.56250000000      0.316082718810E-02  0.732811376624      0.231781454852E-18   2.69722808082       1.46562275325      0.247697130718      0.247697130718      0.237417115189    
   2.62500000000      0.316048216005E-02  0.755422971955      0.633002047946E-18   2.81913195103       1.51084594391      0.258091143489      0.258091143489      0.239240684976    
   2.68750000000      0.316012159719E-02  0.779052643159      0.535101280367E-18   2.94946012239       1.55810528632      0.268902779691      0.268902779691      0.241247083777    
   2.75000000000      0.315974487966E-02  0.803741013661      0.465513504429E-18   3.08866442852       1.60748202732      0.280149990449      0.280149990449      0.243441032762    
   2.81250000000      0.315935132144E-02  0.829533039289      0.372401702711E-18   3.23804397988       1.65906607858      0.291852611667      0.291852611667      0.245827815955    
   2.87500000000      0.315894015566E-02  0.856478977689      0.273657959298E-18   3.39881269248       1.71295795538      0.304032743484      0.304032743484      0.248413490721    
   2.93750000000      0.315851051671E-02  0.884635554807      0.836504556996E-19   3.57213146183       1.76927110961      0.316715194663      0.316715194663      0.251205165481    
   3.00000000000      0.315806141889E-02  0.914067366753      0.194566690102E-18   3.75999071040       1.82813473351      0.329927998772      0.329927998772      0.254211369208    
   3.06250000000      0.315759173073E-02  0.944848563134      0.132316859582E-18   3.96421853433       1.88969712627      0.343703009446      0.343703009446      0.257442544241    
   3.12500000000      0.315710014414E-02  0.977064865736      0.560065421023E-18   4.18755938234       1.95412973147      0.358076582146      0.358076582146      0.260911701445    
   3.18750000000      0.315658513760E-02   1.01081598222      0.591858306193E-18   4.43262860513       2.02163196444      0.373090349328      0.373090349328      0.264635283566    
   3.25000000000      0.315604493239E-02   1.04621847439      0.760515038267E-18   4.70481302922       2.09243694878      0.388792093931      0.388792093931      0.268634286527    
   3.31250000000      0.315547744112E-02   1.08340912796      0.411364030454E-18   5.00609518507       2.16681825592      0.405236721230      0.405236721230      0.272935685501    
   3.37500000000      0.315488020850E-02   1.12254883604      0.657523559202E-18   5.34442852714       2.24509767208      0.422487319464      0.422487319464      0.277574197111    
   3.43750000000      0.315425034505E-02   1.16382693954      0.572094773567E-19   5.72499786576       2.32765387909      0.440616282735      0.440616282735      0.282594374074    
   3.50000000000      0.315358445648E-02   1.20746585447     -0.100422539806E-18   6.14994707752       2.41493170894      0.459706443357      0.459706443357      0.288052967754    
   3.56250000000      0.315287857370E-02   1.25372565701     -0.850777327629E-19   6.62808714260       2.50745131402      0.479852124856      0.479852124856      0.294021407297    
   3.62500000000      0.315212809126E-02   1.30290811233     -0.135386378099E-18   7.16407174637       2.60581622467      0.501159984130      0.501159984130      0.300588144073    
   3.68750000000      0.315132772463E-02   1.35535946978     -0.417637194795E-19   7.75933964390       2.71071893956      0.523749470113      0.523749470113      0.307860529556    
   3.75000000000      0.315047149757E-02   1.41147127940     -0.422394814599E-19   8.41679634465       2.82294255881      0.547752698686      0.547752698686      0.315965882032    
   3.81250000000      0.314955276953E-02   1.47167858203      0.174081630935E-18   9.13822687215       2.94335716407      0.573313542293      0.573313542293      0.325051497447    
   3.87500000000      0.314856430850E-02   1.53645510517      0.304346049366E-18   9.92089605719       3.07291021033      0.600585763779      0.600585763779      0.335283577608    
   3.93750000000      0.314749840907E-02   1.60630548413     -0.203702990196E-19   10.7635218226       3.21261096826      0.629730079573      0.629730079573      0.346845324984    
   4.00000000000      0.314634705030E-02   1.68175485963     -0.162986768098E-18   11.6610592568       3.36350971926      0.660910090520      0.660910090520      0.359934678588    
   4.06250000000      0.314510208623E-02   1.76333630529     -0.300401962932E-19   12.6064749774       3.52667261058      0.694287027295      0.694287027295      0.374762250703    
   4.12500000000      0.314375546515E-02   1.85157632956     -0.242413764020E-18   13.5886552583       3.70315265913      0.730013175611      0.730013175611      0.391549978341    
   4.18750000000      0.314229948076E-02   1.94697823022      0.383338385003E-19   14.6113049131       3.89395646044      0.768223636416      0.768223636416      0.410530957388    
   4.25000000000      0.314072706707E-02   2.05000249235     -0.135696495587E-19   15.6495390710       4.10000498470      0.809025710660      0.809025710659      0.431951071033    
   4.31250000000      0.313903215820E-02   2.16104282170      0.227169739632E-18   16.7167615310       4.32208564340      0.852484687334      0.852484687334      0.456073447030    
   4.37500000000      0.313721014220E-02   2.28039586725     -0.632981515203E-19   17.7769399795       4.56079173450      0.898604344554      0.898604344554      0.483187178141    
   4.43750000000      0.313525844137E-02   2.40822247533     -0.607271130453E-19   18.8229590826       4.81644495065      0.947300742936      0.947300742936      0.513620989455    
   4.50000000000      0.313317723498E-02   2.54449937934     -0.312536805805E-18   19.7916407674       5.08899875867      0.998370483088      0.998370483088      0.547758413159    
   4.56250000000      0.313097027681E-02   2.68896453402     -0.834420159626E-18   20.6877980296       5.37792906804       1.05146166840       1.05146166840      0.586041197219    
   4.62500000000      0.312864561972E-02   2.84106880373     -0.599063138541E-18   22.3336484242       5.68213760747       1.10606755215       1.10606755215      0.628933699430    
   4.68750000000      0.312621587318E-02   2.99995941401     -0.103228073901E-17   23.7221337036       5.99991882802       1.16157212543       1.16157212543      0.676815163150    
   4.75000000000      0.312369753981E-02   3.16452550406     -0.129158282207E-17   24.6802066810       6.32905100812       1.21736668453       1.21736668453      0.729792135002    
   4.81250000000      0.312110924172E-02   3.33351742142     -0.141963648423E-17   25.0775983926       6.66703484283       1.27301392440       1.27301392440      0.787489572613    
   4.87500000000      0.311846925541E-02   3.50571064649     -0.119869016272E-17   24.9148634747       7.01142129298       1.32838412373       1.32838412373      0.848942399029    
   4.93750000000      0.311579320416E-02   3.68005794419     -0.113075445983E-17   24.8418240224       7.36011588838       1.38368609039       1.38368609039      0.912685763417    
   5.00000000000      0.311309245012E-02   3.85579403474     -0.138621476071E-17   24.8966782157       7.71158806949       1.43938750314       1.43938750314      0.977019028463    
