   0.00000000000      0.173841213798E-02  0.375000000000      0.135939458147E-04   3.10128511027      0.750000000000      0.100442958168      0.101187832966      0.173369208866    
  0.625000000000E-01  0.173814234551E-02  0.379420026307      0.135924270373E-04   3.16857614948      0.758840052615      0.102795102192      0.103604740284      0.173020183832    
  0.125000000000      0.173782642805E-02  0.384595768969      0.135908690273E-04   3.24487935871      0.769191537938      0.105450336680      0.106247110165      0.172898322125    
  0.187500000000      0.173746045893E-02  0.390591555401      0.135893047618E-04   3.31873448262      0.781183110803      0.108423066642      0.109120812396      0.173047676363    
  0.250000000000      0.173703967146E-02  0.397485472416      0.135877721227E-04   3.40895060022      0.794970944832      0.111731581404      0.112234116279      0.173519774733    
  0.312500000000      0.173655831513E-02  0.405371720375      0.135863131757E-04   3.50040950836      0.810743440750      0.115398872156      0.115598123390      0.174374724829    
  0.375000000000      0.173600952120E-02  0.414362814470      0.135849727758E-04   3.60019765746      0.828725628939      0.119453392917      0.119227154537      0.175682267016    
  0.437500000000      0.173538520757E-02  0.424591142971      0.135837962289E-04   3.70799049981      0.849182285942      0.123929604589      0.123139007770      0.177522530612    
  0.500000000000      0.173467606733E-02  0.436209156368      0.135828256235E-04   3.82912276999      0.872418312736      0.128868068644      0.127354972996      0.179986114728    
  0.562500000000      0.173387169608E-02  0.449387285842      0.135820943098E-04   3.97363631097      0.898774571685      0.134314803144      0.131899470200      0.183173012499    
  0.625000000000      0.173296090977E-02  0.464308741857      0.135816188983E-04   4.14283805626      0.928617483713      0.140319635992      0.136799194983      0.187189910881    
  0.687500000000      0.173193227607E-02  0.481160813754      0.135813882472E-04   4.36378016040      0.962321627507      0.146933454636      0.142081730113      0.192145629005    
  0.750000000000      0.173077482420E-02  0.500123236984      0.135813494092E-04   4.64072197551       1.00024647397      0.154204576647      0.147773719140      0.198144941197    
  0.812500000000      0.172947882780E-02  0.521355357914      0.135813915476E-04   4.94955212519       1.04271071583      0.162174855319      0.153898862290      0.205281640305    
  0.875000000000      0.172803650570E-02  0.544984634456      0.135813302644E-04   5.29213996453       1.08996926891      0.170876380208      0.160476111859      0.213632142389    
  0.937500000000      0.172644249240E-02  0.571098914686      0.135808960505E-04   5.66861639395       1.14219782937      0.180329546626      0.167518440963      0.223250927096    
   1.00000000000      0.172469399438E-02  0.599743872295      0.135797309983E-04   6.06893222742       1.19948774459      0.190542853247      0.175032418600      0.234168600447    
   1.06250000000      0.172279063936E-02  0.630925483255      0.135773970640E-04   6.48621376824       1.26185096651      0.201514260078      0.183018606447      0.246392616730    
   1.12500000000      0.172073409787E-02  0.664616235794      0.135733972085E-04   6.93564463638       1.32923247159      0.213233563061      0.191472598387      0.259910074345    
   1.18750000000      0.171852758560E-02  0.700763292367      0.135672083689E-04   7.39036783009       1.40152658473      0.225685140547      0.200386425506      0.274691726314    
   1.25000000000      0.171617534341E-02  0.739297010288      0.135583232075E-04   7.83894632371       1.47859402058      0.238850551876      0.209750058221      0.290696400191    
   1.31250000000      0.171368216031E-02  0.780138756061      0.135462965010E-04   8.30510695785       1.56027751212      0.252710691072      0.219552815781      0.307875249207    
   1.37500000000      0.171105297027E-02  0.823207509551      0.135307920038E-04   8.78868263990       1.64641501910      0.267247408890      0.229784592211      0.326175508450    
   1.43750000000      0.170829252737E-02  0.868425185091      0.135116264339E-04   9.26574826629       1.73685037018      0.282444658976      0.240436892044      0.345543634072    
   1.50000000000      0.170540514731E-02  0.915720868129      0.134888084935E-04   9.74017459238       1.83144173626      0.298289289020      0.251503725430      0.365927853679    
   1.56250000000      0.170239449385E-02  0.965034317450      0.134625720269E-04   10.2068091668       1.93006863490      0.314771600566      0.262982441192      0.387280275693    
   1.62500000000      0.169926338372E-02   1.01631916566      0.134334030567E-04   10.6691645523       2.03263833133      0.331885765143      0.274874583506      0.409558817016    
   1.68750000000      0.169601358098E-02   1.06954629334      0.134020601083E-04   11.1248568797       2.13909258668      0.349630130951      0.287186843383      0.432729319005    
   1.75000000000      0.169264555233E-02   1.12470784206      0.133695857631E-04   11.5721251870       2.24941568411      0.368007391940      0.299932127985      0.456768322130    
   1.81250000000      0.168915816278E-02   1.18182220427      0.133373048862E-04   12.0185910004       2.36364440855      0.387024506450      0.313130661128      0.481667036694    
   1.87500000000      0.168554831219E-02   1.24093998079      0.133068018368E-04   12.4689650770       2.48187996157      0.406692115932      0.326810823867      0.507437040987    
   1.93750000000      0.168181055284E-02   1.30215025074      0.132798657348E-04   12.9437878409       2.60430050149      0.427023022451      0.341009145817      0.534118082474    
   2.00000000000      0.167793678191E-02   1.36558561473      0.132583905436E-04   13.6364967792       2.73117122947      0.448029140892      0.355768576237      0.561787897605    
   2.06250000000      0.167391615312E-02   1.43142364540      0.132442180461E-04   14.4389299599       2.86284729080      0.469716516384      0.371134183277      0.590572945737    
   2.12500000000      0.166973536959E-02   1.49988208560      0.132389222129E-04   15.3275144180       2.99976417119      0.492078806729      0.387146138609      0.620657140258    
   2.18750000000      0.166537948333E-02   1.57120573618      0.132435585042E-04   16.3058230894       3.14241147237      0.515091050673      0.403831399593      0.652283285917    
   2.25000000000      0.166083323738E-02   1.64564445443      0.132584376434E-04   17.2198215783       3.29128890887      0.538706783365      0.421197323762      0.685740347306    
   2.31250000000      0.165608286144E-02   1.72342373911      0.132830086081E-04   18.0059452956       3.44684747823      0.562861255386      0.439231079086      0.721331404643    
   2.37500000000      0.165111808485E-02   1.80471177624      0.133159191045E-04   19.0252078160       3.60942355248      0.587480952148      0.457906685209      0.759324138884    
   2.43750000000      0.164593397823E-02   1.88958927923      0.133552562859E-04   19.9017210371       3.77917855846      0.612496021384      0.477197150685      0.799896107161    
   2.50000000000      0.164053214054E-02   1.97803000993      0.133988958428E-04   20.8549713801       3.95606001987      0.637850212652      0.497085500390      0.843094296892    
   2.56250000000      0.163492080885E-02   2.06989891460      0.134448615587E-04   21.9266807388       4.13979782920      0.663504147204      0.517569212888      0.888825554508    
   2.62500000000      0.162911373368E-02   2.16497051841      0.134916357945E-04   22.8083721465       4.32994103683      0.689431376402      0.538657842540      0.936881299471    
   2.68750000000      0.162312804945E-02   2.26296386578      0.135384289166E-04   23.7969349294       4.52592773156      0.715610621549      0.560368677742      0.986984566489    
   2.75000000000      0.161698169791E-02   2.36358484350      0.135854668852E-04   24.5080818983       4.72716968700      0.742019965078      0.582725383897       1.03883949452    
   2.81250000000      0.161069107151E-02   2.46656489152      0.136343418883E-04   25.1318433238       4.93312978303      0.768638448437      0.605760279258       1.09216616382    
   2.87500000000      0.160426940158E-02   2.57168745950      0.136883374311E-04   25.7297965783       5.14337491901      0.795457361324      0.629516967474       1.14671313071    
   2.93750000000      0.159772613377E-02   2.67879823613      0.137524144798E-04   26.0660021228       5.35759647226      0.822498723870      0.654049574589       1.20224993767    
   3.00000000000      0.159106726958E-02   2.78779951924      0.138324071560E-04   26.3011875673       5.57559903848      0.849834257962      0.679416915477       1.25854834580    
   3.06250000000      0.158429646889E-02   2.89863209832      0.139331355134E-04   26.4340764955       5.79726419664      0.877596413685      0.705672781582       1.31536290305    
   3.12500000000      0.157741652827E-02   3.01125096990      0.140556568033E-04   26.5474736493       6.02250193979      0.905974546120      0.732856800154       1.37241962362    
   3.18750000000      0.157043059995E-02   3.12560529771      0.141945972241E-04   26.4770180636       6.25121059542      0.935193865996      0.760993077328       1.42941835439    
   3.25000000000      0.156334230775E-02   3.24163643649      0.143370397581E-04   26.3501380260       6.48327287298      0.965481456858      0.790103220314       1.48605175932    
   3.31250000000      0.155615401581E-02   3.35930620130      0.144641361093E-04   26.8632204407       6.71861240260      0.997030741085      0.820234193799       1.54204126642    
   3.37500000000      0.154886313275E-02   3.47865726612      0.145551166201E-04   27.5477050991       6.95731453224       1.02997950598      0.851491580832       1.59718617930    
   3.43750000000      0.154145750079E-02   3.59988846580      0.145916086519E-04   28.1828869883       7.19977693159       1.06441164664      0.884060263219       1.65141655594    
   3.50000000000      0.153391219582E-02   3.72340694771      0.145598739100E-04   28.8188444492       7.44681389542       1.10037760585      0.918194523459       1.70483481840    
   3.56250000000      0.152619039371E-02   3.84981386321      0.144501517194E-04   29.4188407640       7.69962772642       1.13791201367      0.954174586244       1.75772726329    
   3.62500000000      0.151824940565E-02   3.97980580468      0.142542513131E-04   29.9382628437       7.95961160935       1.17702588794      0.992250366660       1.81052955008    
   3.68750000000      0.151005022664E-02   4.11401917875      0.139636670831E-04   30.2590618804       8.22803835749       1.21767220740       1.03260245867       1.86374451267    
   3.75000000000      0.150156715076E-02   4.25287359879      0.135707243180E-04   30.3398572895       8.50574719758       1.25970958252       1.07533464450       1.91782937177    
   3.81250000000      0.149279438959E-02   4.39646385344      0.130739266368E-04   32.2311161856       8.79292770687       1.30288914865       1.12049670105       1.97307800374    
   3.87500000000      0.148374802246E-02   4.54452759961      0.124853411629E-04   36.3916849883       9.08905519922       1.34686697994       1.16813783352       2.02952278615    
   3.93750000000      0.147446249347E-02   4.69650213382      0.118353388172E-04   39.5226923389       9.39300426763       1.39124246618       1.21837857005       2.08688109759    
   4.00000000000      0.146498178600E-02   4.85166873253      0.111719801373E-04   42.6493143102       9.70333746507       1.43565216651       1.27145337079       2.14456319523    
   4.06250000000      0.145534766280E-02   5.00934536113      0.105573328023E-04   45.2062524688       10.0186907223       1.47993848020       1.32768041799       2.20172646295    
   4.12500000000      0.144558986923E-02   5.16904693089      0.100651015874E-04   50.6820769157       10.3380938618       1.52432230054       1.38738288811       2.25734174225    
   4.18750000000      0.143572315520E-02   5.33053331904      0.977953592465E-05   57.2390419882       10.6610666381       1.56942219900       1.45083214580       2.31027897424    
   4.25000000000      0.142575270930E-02   5.49371940732      0.978838100379E-05   64.2294348104       10.9874388146       1.61598838400       1.51824675512       2.35948426820    
   4.31250000000      0.141568487026E-02   5.65849896059      0.101633308845E-04   68.7465466614       11.3169979212       1.66437005153       1.58982757138       2.40430133767    
   4.37500000000      0.140553567737E-02   5.82460487077      0.109350756328E-04   73.0462573894       11.6492097415       1.71394347016       1.66581091476       2.44485048586    
   4.43750000000      0.139532911098E-02   5.99163927970      0.120811846107E-04   74.1556294139       11.9832785594       1.76288841318       1.74651448018       2.48223638634    
   4.50000000000      0.138508391437E-02   6.15929102422      0.135362130107E-04   75.5460781373       12.3185820484       1.80865092166       1.83225806033       2.51838204223    
   4.56250000000      0.137479936514E-02   6.32756960825      0.152154083935E-04   76.9446855818       12.6551392165       1.84905086918       1.92301307440       2.55550566467    
   4.62500000000      0.136445335388E-02   6.49683581229      0.170358796063E-04   78.4070345628       12.9936716246       1.88346294162       2.01788056669       2.59549230399    
   4.68750000000      0.135401586079E-02   6.66758091375      0.189233730025E-04   80.0035340523       13.3351618275       1.91331203422       2.11481432434       2.63945455519    
   4.75000000000      0.134347009133E-02   6.84008224878      0.208066537771E-04   80.0142927996       13.6801644976       1.94155834243       2.21090663718       2.68761726916    
   4.81250000000      0.133283161700E-02   7.01408845552      0.226111392284E-04   79.2525568903       14.0281769110       1.97153805174       2.30305108742       2.73949931636    
   4.87500000000      0.132215768220E-02   7.18866296365      0.242518369935E-04   78.2181114630       14.3773259273       2.00585266830       2.38850167654       2.79430861881    
   4.93750000000      0.131154108822E-02   7.36228302515      0.256204514253E-04   77.3665774695       14.7245660503       2.04578003342       2.46510386976       2.85139912197    
   5.00000000000      0.130108929034E-02   7.53318482317      0.265841113894E-04   78.6908228972       15.0663696463       2.09124614783       2.53139915740       2.91053951794    
