   0.00000000000      0.172218978129E-02  0.375000000000     -0.313011446512E-06   3.15542358612      0.750000000000      0.102507492590      0.102310208421      0.170182298988    
  0.625000000000E-01  0.172191997334E-02  0.379420259529     -0.312940566778E-06   3.23551019322      0.758840519057      0.104894042903      0.104702604200      0.169823612425    
  0.125000000000      0.172160279151E-02  0.384616698432     -0.312836187943E-06   3.31447927688      0.769233396863      0.107588557381      0.107318965246      0.169709175805    
  0.187500000000      0.172123420746E-02  0.390655308907     -0.312696583196E-06   3.38758117419      0.781310617814      0.110605511739      0.110164755613      0.169885041555    
  0.250000000000      0.172080931041E-02  0.397616537484     -0.312520695568E-06   3.46124793635      0.795233074968      0.113963389041      0.113247969654      0.170405178789    
  0.312500000000      0.172032215266E-02  0.405597814021     -0.312308596735E-06   3.54230347028      0.811195628041      0.117685552976      0.116579613862      0.171332647183    
  0.375000000000      0.171976560497E-02  0.414715919675     -0.312061994989E-06   3.63922482328      0.829431839349      0.121801064887      0.120174139794      0.172740714993    
  0.437500000000      0.171913125419E-02  0.425108663724     -0.311784669787E-06   3.74661925276      0.850217327449      0.126345277519      0.124049732943      0.174713653262    
  0.500000000000      0.171840939126E-02  0.436935082196     -0.311482624321E-06   3.86471458674      0.873870164392      0.131359960153      0.128228326931      0.177346795112    
  0.562500000000      0.171758914926E-02  0.450373181344     -0.311163663749E-06   4.00614619528      0.900746362689      0.136892650197      0.132735192634      0.180745338514    
  0.625000000000      0.171665884721E-02  0.465614310801     -0.310836077281E-06   4.17159404752      0.931228621602      0.142994946268      0.137597974236      0.185021390298    
  0.687500000000      0.171560656358E-02  0.482853773123     -0.310506208694E-06   4.41500916420      0.965707546246      0.149719629573      0.142845134886      0.190289008663    
  0.750000000000      0.171442089946E-02  0.502278317566     -0.310175006900E-06   4.69168751584       1.00455663513      0.157116846807      0.148503935325      0.196657535434    
  0.812500000000      0.171309181452E-02  0.524052432682     -0.309834105024E-06   5.00710924244       1.04810486536      0.165230006373      0.154598253831      0.204224172479    
  0.875000000000      0.171161136669E-02  0.548306207453     -0.309462345941E-06   5.35127626744       1.09661241491      0.174092304865      0.161146677250      0.213067225338    
  0.937500000000      0.170997419679E-02  0.575127378462     -0.309023637240E-06   5.73018623773       1.15025475692      0.183724708083      0.168161270223      0.223241400156    
   1.00000000000      0.170817767170E-02  0.604558979149     -0.308466472627E-06   6.13529658975       1.20911795830      0.194135764362      0.175647254325      0.234775960462    
   1.06250000000      0.170622169989E-02  0.636602371621     -0.307724693315E-06   6.55753524929       1.27320474324      0.205323064569      0.183603580063      0.247675726989    
   1.12500000000      0.170410830907E-02  0.671224177271     -0.306718575091E-06   7.01112001212       1.34244835454      0.217275766670      0.192024167117      0.261924243484    
   1.18750000000      0.170184110446E-02  0.708365160479     -0.305355380266E-06   7.47125636503       1.41673032096      0.229977503114      0.200899496435      0.277488160931    
   1.25000000000      0.169942471109E-02  0.747949367747     -0.303528958962E-06   7.92412435054       1.49589873549      0.243409128942      0.210218263703      0.294321975101    
   1.31250000000      0.169686426760E-02  0.789892418781     -0.301118461376E-06   8.38975426284       1.57978483756      0.257551007106      0.219968899472      0.312372512202    
   1.37500000000      0.169416500207E-02  0.834108455246     -0.297986471365E-06   8.88031309967       1.66821691049      0.272384747293      0.230140871673      0.331582836280    
   1.43750000000      0.169133189192E-02  0.880515711444     -0.293976856300E-06   9.36246892860       1.76103142289      0.287894458665      0.240725776140      0.351895476639    
   1.50000000000      0.168836939290E-02  0.929040957068     -0.288912470777E-06   9.84099317021       1.85808191414      0.304067637945      0.251718278385      0.373255040738    
   1.56250000000      0.168528121192E-02  0.979623222063     -0.282592715899E-06   10.3193428383       1.95924644413      0.320895811041      0.263116998240      0.395610412782    
   1.62500000000      0.168207009351E-02   1.03221730059     -0.274790973608E-06   10.7859656552       2.06443460118      0.338375005820      0.274925433595      0.418916861176    
   1.68750000000      0.167873758716E-02   1.08679756742     -0.265252195622E-06   11.2530089170       2.17359513484      0.356506077003      0.287152997551      0.443138492867    
   1.75000000000      0.167528376560E-02   1.14336259674     -0.253691509334E-06   11.7156258447       2.28672519348      0.375294834249      0.299816176031      0.468251586458    
   1.81250000000      0.167170687702E-02   1.20194086490     -0.239795735074E-06   12.1788700709       2.40388172980      0.394751818272      0.312939663707      0.494249382919    
   1.87500000000      0.166800294335E-02   1.26259733422     -0.223231346020E-06   12.6222933035       2.52519466845      0.414891395854      0.326557071623      0.521148866745    
   1.93750000000      0.166416536661E-02   1.32543990897     -0.203664529682E-06   13.1473147044       2.65087981795      0.435729627424      0.340710448289      0.548999833260    
   2.00000000000      0.166018466388E-02   1.39062378291     -0.180800506116E-06   13.8649458747       2.78124756581      0.457280275601      0.355447599910      0.577895907396    
   2.06250000000      0.165604849574E-02   1.45835097683     -0.154447286513E-06   14.7797805617       2.91670195366      0.479548714735      0.370816415521      0.607985846575    
   2.12500000000      0.165174215024E-02   1.52886240098     -0.124600033505E-06   15.7202064638       3.05772480196      0.502524652615      0.386856510607      0.639481237757    
   2.18750000000      0.164724958299E-02   1.60242079760     -0.915260310266E-07   16.5772855653       3.20484159520      0.526176199417      0.403590460483      0.672654137701    
   2.25000000000      0.164255500609E-02   1.67928469831     -0.558156944942E-07   17.5442631490       3.35856939662      0.550448729837      0.421018686858      0.707817281616    
   2.31250000000      0.163764488442E-02   1.75967573054     -0.183677483370E-07   18.4491172713       3.51935146109      0.575270744235      0.439121851549      0.745283134761    
   2.37500000000      0.163251004294E-02   1.84374412292      0.196953798369E-07   19.4940133440       3.68748824584      0.600565474351      0.457871197354      0.785307451212    
   2.43750000000      0.162714743418E-02   1.93153974677      0.571484996913E-07   20.4606112419       3.86307949355      0.626263462803      0.477242118146      0.828034165825    
   2.50000000000      0.162156104892E-02   2.02299714202      0.927717982280E-07   21.3657696045       4.04599428404      0.652310530289      0.497223570898      0.873463040835    
   2.56250000000      0.161576158367E-02   2.11794089755      0.125416317834E-06   22.4593913514       4.23588179510      0.678668095861      0.517819078245      0.921453723442    
   2.62500000000      0.160976482700E-02   2.21611208713      0.154030734396E-06   23.4320185353       4.43222417426      0.705306972825      0.539041872127      0.971763242180    
   2.68750000000      0.160358915812E-02   2.31720934287      0.177675700652E-06   24.3337583621       4.63441868574      0.732199330458      0.560910699134       1.02409931328    
   2.75000000000      0.159725284747E-02   2.42093320812      0.195558041071E-06   24.9741373174       4.84186641623      0.759315028512      0.583450305951       1.07816787365    
   2.81250000000      0.159077185738E-02   2.52702226180      0.207107839072E-06   25.6254229452       5.05404452359      0.786627158480      0.606695056200       1.13370004712    
   2.87500000000      0.158415858418E-02   2.63527375747      0.212088111484E-06   26.1025930887       5.27054751494      0.814127541724      0.630691167263       1.19045504848    
   2.93750000000      0.157742164630E-02   2.74554707858      0.210678281997E-06   26.4984407359       5.49109415717      0.841847797008      0.655494074765       1.24820520681    
   3.00000000000      0.157056658710E-02   2.85775217763      0.203455502536E-06   26.6358110647       5.71550435526      0.869877790529      0.681160130555       1.30671425655    
   3.06250000000      0.156359722371E-02   2.97182741214      0.191251382834E-06   26.8500660655       5.94365482429      0.898372623513      0.707734985924       1.36571980271    
   3.12500000000      0.155651717174E-02   3.08771448463      0.174960228486E-06   26.7758794592       6.17542896927      0.927542260790      0.735244965708       1.42492725814    
   3.18750000000      0.154933075563E-02   3.20534344109      0.155434455616E-06   26.8278739032       6.41068688217      0.957623758197      0.763700756846       1.48401892604    
   3.25000000000      0.154204232462E-02   3.32464378073      0.133543937499E-06   26.6614887633       6.64928756147      0.988843475004      0.793120363864       1.54267994187    
   3.31250000000      0.153465332779E-02   3.44559225148      0.110305305111E-06   27.3466245694       6.89118450296       1.02138325527      0.823568314855       1.60064068135    
   3.37500000000      0.152715753716E-02   3.56829091453      0.868544109894E-07   28.1816445385       7.13658182905       1.05536570542      0.855194595945       1.65773061316    
   3.43750000000      0.151953628469E-02   3.69304489681      0.641274645237E-07   28.7778074445       7.38608979361       1.09086438425      0.888248769887       1.71393174266    
   3.50000000000      0.151175664480E-02   3.82039191109      0.423900490315E-07   29.4531903661       7.64078382218       1.12792660263      0.923052366774       1.76941294168    
   3.56250000000      0.150377492777E-02   3.95104505748      0.209181309194E-07   30.1117592550       7.90209011495       1.16658325671      0.959938126423       1.82452367434    
   3.62500000000      0.149554531808E-02   4.08575187324     -0.194425596396E-08   30.4825851198       8.17150374648       1.20682883708      0.999188930098       1.87973410606    
   3.68750000000      0.148703068631E-02   4.22511821298     -0.283075643539E-07   30.6911872670       8.45023642596       1.24858397580       1.04100438175       1.93552985543    
   3.75000000000      0.147821180565E-02   4.36945812775     -0.600781982463E-07   31.1652879714       8.73891625549       1.29167229282       1.08549649150       1.99228934342    
   3.81250000000      0.146909247816E-02   4.51870998766     -0.987786704148E-07   35.0384081011       9.03741997532       1.33582617643       1.13270874862       2.05017506260    
   3.87500000000      0.145969940864E-02   4.67243793113     -0.146453043428E-06   38.7264469527       9.34487586227       1.38070962986       1.18266415556       2.10906414572    
   3.93750000000      0.145007618685E-02   4.82992981690     -0.207128049766E-06   41.5049237246       9.65985963380       1.42596366403       1.23543016872       2.16853598414    
   4.00000000000      0.144027200011E-02   4.99038198554     -0.287166527817E-06   44.6514104695       9.98076397108       1.47131497738       1.29115624999       2.22791075817    
   4.06250000000      0.143032860910E-02   5.15311264360     -0.393497212070E-06   46.6068012915       10.3062252872       1.51674961665       1.35006132883       2.28630169813    
   4.12500000000      0.142027142119E-02   5.31770769032     -0.530699444411E-06   52.3901239222       10.6354153806       1.56264379192       1.41240374567       2.34266015273    
   4.18750000000      0.141010936093E-02   5.48402197206     -0.699056477147E-06   58.3718287250       10.9680439441       1.60968813814       1.47846842115       2.39586541277    
   4.25000000000      0.139984366993E-02   5.65203430237     -0.894870342125E-06   65.4880406467       11.3040686047       1.65852062256       1.54856321744       2.44495046237    
   4.31250000000      0.138947987303E-02   5.82165107208     -0.111263894038E-05   70.4394664635       11.6433021442       1.70916457579       1.62301427103       2.48947222526    
   4.37500000000      0.137903331706E-02   5.99261603105     -0.134804776825E-05   72.8014328677       11.9852320621       1.76056664876       1.70217890034       2.52987048195    
   4.43750000000      0.136852197305E-02   6.16462967647     -0.160032876009E-05   74.0773571967       12.3292593529       1.81062197495       1.78644057691       2.56756712461    
   4.50000000000      0.135795166366E-02   6.33759272185     -0.187065270386E-05   75.7892807411       12.6751854437       1.85690444003       1.87603000969       2.60465827213    
   4.56250000000      0.134730810467E-02   6.51173714901     -0.215542048398E-05   75.8615370661       13.0234742980       1.89785647669       1.97057753104       2.64330314128    
   4.62500000000      0.133656484217E-02   6.68749510079     -0.244226150564E-05   78.2580685590       13.3749902016       1.93374113826       2.06863864410       2.68511531842    
   4.68750000000      0.132570219943E-02   6.86518823234     -0.271620041442E-05   78.2665430510       13.7303764647       1.96670857498       2.16764904027       2.73083061709    
   4.75000000000      0.131472644232E-02   7.04471497680     -0.296928199204E-05   76.7214723624       14.0894299536       1.99994148886       2.26445100749       2.78032248045    
   4.81250000000      0.130368192082E-02   7.22535141572     -0.320346429513E-05   77.6786785242       14.4507028314       2.03644852974       2.35600427484       2.83289861114    
   4.87500000000      0.129265191959E-02   7.40573499607     -0.342883975343E-05   77.8203467524       14.8114699921       2.07814637897       2.43981703632       2.88777158077    
   4.93750000000      0.128174581261E-02   7.58407209165     -0.366381539332E-05   77.5873125329       15.1681441833       2.12550532413       2.51406285032       2.94450391720    
   5.00000000000      0.127107560499E-02   7.75852304423     -0.393577414583E-05   77.2455965057       15.5170460885       2.17766614448       2.57770240438       3.00315449537    
