   0.00000000000      0.207771488985E-02  0.375000000000     -0.760611129003E-07   2.30662936053      0.750000000000      0.839323691405E-01  0.835476293765E-01  0.207520001483    
  0.625000000000E-01  0.207743166855E-02  0.379640220489     -0.760454223137E-07   2.29526374173      0.759280440979      0.863480442169E-01  0.859659285286E-01  0.207326247744    
  0.125000000000      0.207711091722E-02  0.384895330871     -0.760301627548E-07   2.28656391441      0.769790661741      0.890270285000E-01  0.886471311756E-01  0.207221171195    
  0.187500000000      0.207674945434E-02  0.390817455267     -0.760154219341E-07   2.32860334852      0.781634910533      0.919817905764E-01  0.916036445789E-01  0.207232020111    
  0.250000000000      0.207634361378E-02  0.397466656500     -0.760013088055E-07   2.39874296194      0.794933313001      0.952267905752E-01  0.948498430715E-01  0.207390022854    
  0.312500000000      0.207588920350E-02  0.404911613521     -0.759879592463E-07   2.47377922943      0.809823227042      0.987786293660E-01  0.984022129025E-01  0.207730771252    
  0.375000000000      0.207538147418E-02  0.413230134167     -0.759755422645E-07   2.55451576643      0.826460268334      0.102656137623      0.102279437155      0.208294559389    
  0.437500000000      0.207481510657E-02  0.422509363208     -0.759642662722E-07   2.64219970272      0.845018726416      0.106880368767      0.106502385453      0.209126608988    
  0.500000000000      0.207418422836E-02  0.432845506491     -0.759543847095E-07   2.73990881011      0.865691012982      0.111474452509      0.111093966179      0.210277087803    
  0.562500000000      0.207348247296E-02  0.444342867383     -0.759461999472E-07   2.84814695140      0.888685734767      0.116463262963      0.116078796394      0.211800808026    
  0.625000000000      0.207270309227E-02  0.457112001495     -0.759400640153E-07   2.96804501177      0.914224002990      0.121872861808      0.121482651198      0.213756488490    
  0.687500000000      0.207183913090E-02  0.471266862002     -0.759363742937E-07   3.09905850329      0.942533724004      0.127729697646      0.127331674593      0.216205489763    
  0.750000000000      0.207088366153E-02  0.486920944459     -0.759355621048E-07   3.25205689738      0.973841888918      0.134059579922      0.133651370281      0.219209994256    
  0.812500000000      0.206983006869E-02  0.504182637612     -0.759380723820E-07   3.41515851440       1.00836527522      0.140886495770      0.140465439529      0.222830702312    
  0.875000000000      0.206867235505E-02  0.523150203426     -0.759443335114E-07   3.59790102621       1.04630040685      0.148231389430      0.147794583136      0.227124230860    
  0.937500000000      0.206740543432E-02  0.543906975822     -0.759547182070E-07   3.80050889714       1.08781395164      0.156111058677      0.155655418335      0.232140498809    
   1.00000000000      0.206602537213E-02  0.566517412997     -0.759694984502E-07   4.01612458712       1.13303482599      0.164537324682      0.164059663413      0.237920424901    
   1.06250000000      0.206452954268E-02  0.591024527816     -0.759887995464E-07   4.24185013700       1.18204905563      0.173516594436      0.173013706605      0.244494226775    
   1.12500000000      0.206291668416E-02  0.617448979392     -0.760125592471E-07   4.48482113265       1.23489795878      0.183049867203      0.182518609954      0.251880502234    
   1.18750000000      0.206118685370E-02  0.645789813168     -0.760404972442E-07   4.73037594481       1.29157962634      0.193133159026      0.192570523327      0.260086130815    
   1.25000000000      0.205934129813E-02  0.676026577820     -0.760720982579E-07   4.99781734363       1.35205315564      0.203758254891      0.203161420655      0.269106902275    
   1.31250000000      0.205738226715E-02  0.708122390157     -0.761066092994E-07   5.26563367305       1.41624478031      0.214913661797      0.214280034689      0.278928693671    
   1.37500000000      0.205531279684E-02  0.742027481450     -0.761430493686E-07   5.52361939360       1.48405496290      0.226585630794      0.225912861023      0.289528989633    
   1.43750000000      0.205313648884E-02  0.777682816839     -0.761802285941E-07   5.79960165420       1.55536563368      0.238759135471      0.238045120850      0.300878560518    
   1.50000000000      0.205085730312E-02  0.815023490645     -0.762167736609E-07   6.08909883258       1.63004698129      0.251418727605      0.250661604206      0.312943158833    
   1.56250000000      0.204847937497E-02  0.853981723564     -0.762511569969E-07   6.37011062166       1.70796344713      0.264549227367      0.263747351313      0.325685144883    
   1.62500000000      0.204600686050E-02  0.894489395109     -0.762817281648E-07   6.65864660170       1.78897879022      0.278136238299      0.277288161857      0.339064994952    
   1.68750000000      0.204344380955E-02  0.936480123854     -0.763067467601E-07   6.93232453703       1.87296024771      0.292166502333      0.291270946745      0.353042674776    
   1.75000000000      0.204079406256E-02  0.979890958163     -0.763244167921E-07   7.21955418183       1.95978191633      0.306628126158      0.305683952715      0.367578879289    
   1.81250000000      0.203806116570E-02   1.02466376673     -0.763329229203E-07   7.50300301157       2.04932753347      0.321510717775      0.320516897788      0.382636151171    
   1.87500000000      0.203524829816E-02   1.07074642938     -0.763304692147E-07   7.77303987062       2.14149285875      0.336805472521      0.335761056107      0.398179900748    
   1.93750000000      0.203235820542E-02   1.11809393195     -0.763153213479E-07   8.07359937678       2.23618786390      0.352505243061      0.351409326154      0.414179362736    
   2.00000000000      0.202939313176E-02   1.16666947176     -0.762858535037E-07   8.36546124940       2.33333894352      0.368604619510      0.367456308317      0.430608543934    
   2.06250000000      0.202635474539E-02   1.21644568558     -0.762406017734E-07   8.64658465848       2.43289137115      0.385100035643      0.383898407921      0.447447242011    
   2.12500000000      0.202324404850E-02   1.26740612359     -0.761783264560E-07   8.96591869155       2.53481224719      0.401989905902      0.400733968961      0.464682248730    
   2.18750000000      0.202006126398E-02   1.31954710634     -0.760980863798E-07   9.29064681571       2.63909421268      0.419274785272      0.417963431474      0.482308889592    
   2.25000000000      0.201680569000E-02   1.37288010799     -0.759993288352E-07   9.61840035659       2.74576021597      0.436957527809      0.435589489373      0.500333090804    
   2.31250000000      0.201347551487E-02   1.42743478978     -0.758819983226E-07   9.95467403735       2.85486957955      0.455043395350      0.453617201236      0.518774193189    
   2.37500000000      0.201006758927E-02   1.48326273130     -0.757466650552E-07   10.3247956038       2.96652546259      0.473540031363      0.472053969350      0.537668730583    
   2.43750000000      0.200657716319E-02   1.54044174120     -0.755946688201E-07   10.7337494846       3.08088348240      0.492457167080      0.490909253372      0.557075320748    
   2.50000000000      0.200299761181E-02   1.59908034701     -0.754282653046E-07   11.1558643325       3.19816069402      0.511805884465      0.510193840780      0.577080621763    
   2.56250000000      0.199932019880E-02   1.65932167302     -0.752507531274E-07   11.5795076355       3.31864334603      0.531597263641      0.529918498163      0.597805911212    
   2.62500000000      0.199553395180E-02   1.72134547997     -0.750665576153E-07   12.0419915947       3.44269095995      0.551840353329      0.550091938735      0.619413187909    
   2.68750000000      0.199162574610E-02   1.78536679410     -0.748812609461E-07   12.5502432515       3.57073358820      0.572539673699      0.570718315830      0.642108804572    
   2.75000000000      0.198758069637E-02   1.85162949090     -0.747016006965E-07   13.1137453174       3.70325898181      0.593692870895      0.591794868673      0.666141751337    
   2.81250000000      0.198338292965E-02   1.92039363407     -0.745354959389E-07   13.5966133702       3.84078726815      0.615289530992      0.613310741955      0.691793361127    
   2.87500000000      0.197901674676E-02   1.99191645182     -0.743921676044E-07   14.3102987476       3.98383290364      0.637312233428      0.635248073299      0.719356145093    
   2.93750000000      0.197446807641E-02   2.06642851786     -0.742823633206E-07   14.8479310985       4.13285703573      0.659740398342      0.657585904905      0.749102214618    
   3.00000000000      0.196972600923E-02   2.14410861601     -0.742185815642E-07   15.5985085882       4.28821723201      0.682556359061      0.680306329642      0.781245927302    
   3.06250000000      0.196478411227E-02   2.22506219007     -0.742150868577E-07   16.3998003102       4.45012438013      0.705751846413      0.703401018302      0.815909325351    
   3.12500000000      0.195964121548E-02   2.30930843471     -0.742875197964E-07   17.1879101733       4.61861686941      0.729332507060      0.726875715617      0.853100212029    
   3.18750000000      0.195430145243E-02   2.39677960120     -0.744520726649E-07   17.9494455502       4.79355920241      0.753318769723      0.750751021752      0.892709809728    
   3.25000000000      0.194877350623E-02   2.48733333778     -0.747244253448E-07   18.5114731304       4.97466667556      0.777743108297      0.775059562239      0.934530667245    
   3.31250000000      0.194306920011E-02   2.58077578712     -0.751187293934E-07   19.3096140679       5.16155157424      0.802645534804      0.799841461606      0.978288790709    
   3.37500000000      0.193720171951E-02   2.67689073208     -0.756467825261E-07   19.9597857020       5.35378146416      0.828069917317      0.825140778538       1.02368003623    
   3.43750000000      0.193118381852E-02   2.77546900064     -0.763172668892E-07   20.3677492072       5.55093800129      0.854063116549      0.851004899394       1.07040098470    
   3.50000000000      0.192502633206E-02   2.87633285185     -0.771348113782E-07   20.7576390093       5.75266570371      0.880677508709      0.877487398027       1.11816794512    
   3.56250000000      0.191873720070E-02   2.97935195471     -0.780988581199E-07   20.9158768788       5.95870390942      0.907976069091      0.904653448759       1.16672243686    
   3.62500000000      0.191232105647E-02   3.08445017718     -0.792027211934E-07   21.1316846593       6.16890035437      0.936038363676      0.932586072002       1.21582574151    
   3.68750000000      0.190577927528E-02   3.19160473813     -0.804334492165E-07   21.1693467964       6.38320947626      0.964965573968      0.961391316415       1.26524784775    
   3.75000000000      0.189911033077E-02   3.30084043119     -0.817729040582E-07   21.2147598313       6.60168086238      0.994882858020      0.991200691464       1.31475688170    
   3.81250000000      0.189231030578E-02   3.41222127825     -0.831999875820E-07   21.0177351939       6.82444255650       1.02593776248       1.02216956423       1.36411395153    
   3.87500000000      0.188537349837E-02   3.52584063645     -0.846935545878E-07   20.9214788570       7.05168127290       1.05829403352       1.05447081898       1.41307578394    
   3.93750000000      0.187829313130E-02   3.64180960687     -0.862354617686E-07   20.6287464730       7.28361921374       1.09212111846       1.08828398107       1.46140450735    
   4.00000000000      0.187106217370E-02   3.76024358842     -0.878133365084E-07   20.3294768105       7.52048717685       1.12758090180       1.12378127162       1.50888141500    
   4.06250000000      0.186367421017E-02   3.88124803078     -0.894228331954E-07   19.9856511142       7.76249606157       1.16481442478       1.16111334042       1.55532026558    
   4.12500000000      0.185612421399E-02   4.00490572882     -0.910693555042E-07   19.5005673286       8.00981145764       1.20393178976       1.20039799054       1.60057594852    
   4.18750000000      0.184840908539E-02   4.13126794522     -0.927694980213E-07   20.3575145423       8.26253589044       1.24500761021       1.24171448253       1.64454585249    
   4.25000000000      0.184052792147E-02   4.26034991813     -0.945526019895E-07   21.5727804677       8.52069983627       1.28808247815       1.28510420201       1.68716323797    
   4.31250000000      0.183248211738E-02   4.39212914333     -0.964623634753E-07   22.9658563206       8.78425828667       1.33316895328       1.33057652156       1.72838366850    
   4.37500000000      0.182427544493E-02   4.52654404396     -0.985570783622E-07   24.6246223280       9.05308808792       1.38025941188       1.37811745134       1.76816718074    
   4.43750000000      0.181591415489E-02   4.66349227493     -0.100905273703E-06   26.5362289195       9.32698454985       1.42933294791       1.42769840271       1.80646092431    
   4.50000000000      0.180740693306E-02   4.80283144384     -0.103572404305E-06   28.3406832475       9.60566288767       1.48035919548       1.47928291906       1.84318932929    
   4.56250000000      0.179876433672E-02   4.94438835258     -0.106595536511E-06   30.1810664205       9.88877670516       1.53329820988       1.53283023020       1.87825991250    
   4.62500000000      0.178999735146E-02   5.08798265028     -0.109947287889E-06   32.2464206293       10.1759653006       1.58809681402       1.58829512723       1.91159070904    
   4.68750000000      0.178111511109E-02   5.23346417849     -0.113496764530E-06   34.1240819290       10.4669283570       1.64468181184       1.64562251596       1.94315985070    
   4.75000000000      0.177212258229E-02   5.38075087689     -0.116980853538E-06   35.6056177753       10.7615017538       1.70294821099       1.70473148836       1.97307117753    
   4.81250000000      0.176301976986E-02   5.52984175977     -0.120000177599E-06   37.3912863847       11.0596835195       1.76273728734       1.76548022824       2.00162424419    
   4.87500000000      0.175380417336E-02   5.68077658284     -0.122048386459E-06   38.9901661776       11.3615531657       1.82379886648       1.82760514286       2.02937257350    
   4.93750000000      0.174447736091E-02   5.83352819178     -0.122572751377E-06   40.5809891605       11.6670563836       1.88573869240       1.89064027819       2.05714922119    
   5.00000000000      0.173505461311E-02   5.98784504940     -0.121052000825E-06   43.4212030495       11.9756900988       1.94796506561       1.95384438290       2.08603560089    
