   0.00000000000      0.173279584488E-02  0.375000000000     -0.345041480087E-05   3.11186444739      0.750000000000      0.101278274340      0.101443931347      0.172277794313    
  0.625000000000E-01  0.173252625196E-02  0.379416751037     -0.344979696641E-05   3.19045152240      0.758833502073      0.103645725157      0.103852069037      0.171918956843    
  0.125000000000      0.173221017916E-02  0.384595033268     -0.344913616618E-05   3.26775336751      0.769190066536      0.106317658394      0.106484445304      0.171792929570    
  0.187500000000      0.173184367218E-02  0.390599626685     -0.344843883544E-05   3.33947357488      0.781199253370      0.109308551590      0.109346735778      0.171944339317    
  0.250000000000      0.173142192472E-02  0.397509266466     -0.344771288940E-05   3.42207427923      0.795018532932      0.112636814871      0.112447037093      0.172425414503    
  0.312500000000      0.173093913154E-02  0.405419049548     -0.344696774316E-05   3.51343033342      0.810838099097      0.116325627111      0.115796311707      0.173297110731    
  0.375000000000      0.173038835089E-02  0.414442686481     -0.344621414706E-05   3.61283936305      0.828885372963      0.120403715075      0.119408786778      0.174630184628    
  0.437500000000      0.172976140719E-02  0.424714096477     -0.344546365793E-05   3.72051706680      0.849428192955      0.124905912297      0.123302221303      0.176505962877    
  0.500000000000      0.172904887925E-02  0.436387601060     -0.344472746153E-05   3.84109464146      0.872775202120      0.129873259378      0.127497923438      0.179016418244    
  0.562500000000      0.172824023078E-02  0.449635791649     -0.344401414643E-05   3.98525300197      0.899271583298      0.135352351840      0.132020380986      0.182263058824    
  0.625000000000      0.172732413593E-02  0.464644201490     -0.344332597715E-05   4.15293893138      0.929288402981      0.141393663902      0.136896385861      0.186354151728    
  0.687500000000      0.172628902322E-02  0.481602398577     -0.344265335607E-05   4.38431761192      0.963204797153      0.148048744827      0.142153611719      0.191400042030    
  0.750000000000      0.172512380146E-02  0.500692091728     -0.344196764089E-05   4.66214368390       1.00138418346      0.155366518409      0.147818746453      0.197506826866    
  0.812500000000      0.172381865815E-02  0.522074037366     -0.344121327836E-05   4.97522338679       1.04414807473      0.163389315997      0.153915450319      0.204769271050    
  0.875000000000      0.172236577159E-02  0.545876356367     -0.344030099768E-05   5.31808693679       1.09175271273      0.172149524214      0.160462528868      0.213264303285    
  0.937500000000      0.172075978476E-02  0.572186755301     -0.343910402693E-05   5.69593110494       1.14437351060      0.181667637245      0.167472702486      0.223046415570    
   1.00000000000      0.171899795694E-02  0.601050039116     -0.343745861306E-05   6.10134701229       1.20210007823      0.191952075255      0.174952205810      0.234145758051    
   1.06250000000      0.171708000219E-02  0.632470764721     -0.343516880404E-05   6.51692978493       1.26494152944      0.203000590522      0.182901225361      0.246568948838    
   1.12500000000      0.171500769748E-02  0.666419672228     -0.343201422570E-05   6.97260946680       1.33283934446      0.214802701213      0.191314985928      0.260301985086    
   1.18750000000      0.171278437180E-02  0.702842062731     -0.342775907321E-05   7.42631504532       1.40568412546      0.227342494344      0.200185199184      0.275314369203    
   1.25000000000      0.171041437525E-02  0.741666499047     -0.342216081425E-05   7.87130085630       1.48333299809      0.240601271260      0.209501600769      0.291563627018    
   1.31250000000      0.170790259374E-02  0.782812754484     -0.341497779296E-05   8.34462224951       1.56562550897      0.254559738003      0.219253384845      0.308999631636    
   1.37500000000      0.170525404016E-02  0.826198510044     -0.340597559199E-05   8.83252941853       1.65239702009      0.269199656661      0.229430446885      0.327568406499    
   1.43750000000      0.170247352564E-02  0.871744739188     -0.339493239912E-05   9.30821248672       1.74348947838      0.284505016649      0.240024431343      0.347215291196    
   1.50000000000      0.169956539801E-02  0.919379994735     -0.338164369071E-05   9.78208104867       1.83875998947      0.300462848279      0.251029637637      0.367887508819    
   1.56250000000      0.169653332486E-02  0.969043966094     -0.336592635365E-05   10.2516292768       1.93808793219      0.317063801358      0.262443866795      0.389536297940    
   1.62500000000      0.169338009369E-02   1.02069075890     -0.334762200214E-05   10.7183821624       2.04138151780      0.334302573684      0.274269297603      0.412118887611    
   1.68750000000      0.169010739883E-02   1.07429239003     -0.332659877475E-05   11.1749297876       2.14858478007      0.352178219679      0.286513464400      0.435600705955    
   1.75000000000      0.168671558635E-02   1.12984297160     -0.330275040672E-05   11.6321813009       2.25968594319      0.370694305077      0.299190355046      0.459958311472    
   1.81250000000      0.168320333713E-02   1.18736390679     -0.327599108368E-05   12.0848487813       2.37472781358      0.389858783225      0.312321526651      0.485183596914    
   1.87500000000      0.167956729208E-02   1.24691003362     -0.324624499484E-05   12.5328800332       2.49382006724      0.409683321376      0.325936915109      0.511289797138    
   1.93750000000      0.167580166581E-02   1.30857595801     -0.321343144705E-05   13.0214735405       2.61715191603      0.430181604856      0.340074700506      0.538319652653    
   2.00000000000      0.167189795101E-02   1.37250090380     -0.317745065146E-05   13.6947773557       2.74500180759      0.451366017034      0.354779314217      0.566355572546    
   2.06250000000      0.166784486401E-02   1.43886960641     -0.313818133920E-05   14.5817411624       2.87773921283      0.473242325878      0.370096746923      0.595530533614    
   2.12500000000      0.166362869451E-02   1.50790657837     -0.309550560184E-05   15.4727149065       3.01581315674      0.495802917075      0.386067137223      0.626036524070    
   2.18750000000      0.165923417766E-02   1.57986180703     -0.304937197474E-05   16.3425331931       3.15972361406      0.519020607338      0.402716294638      0.658124905055    
   2.25000000000      0.165464591102E-02   1.65498752660     -0.299988990603E-05   17.3037465645       3.30997505320      0.542846240136      0.420049639028      0.692091647434    
   2.31250000000      0.164985021098E-02   1.73350781100     -0.294742414205E-05   18.1371920594       3.46701562200      0.567212700273      0.438052446254      0.728242664475    
   2.37500000000      0.164483715372E-02   1.81558516096     -0.289264734776E-05   19.1460316285       3.63117032193      0.592045134248      0.456697868397      0.766842158318    
   2.43750000000      0.163960239410E-02   1.90129071532     -0.283653094509E-05   20.0586600608       3.80258143064      0.617273539843      0.475959568635      0.808057606840    
   2.50000000000      0.163414826888E-02   1.99058613801     -0.278029444242E-05   20.9291452533       3.98117227602      0.642842203453      0.495822371841      0.851921562719    
   2.56250000000      0.162848377200E-02   2.08332395651     -0.272535442240E-05   21.9870041265       4.16664791302      0.668712104115      0.516285730605      0.898326121791    
   2.62500000000      0.162262327896E-02   2.17926843734     -0.267330103931E-05   22.9878495470       4.35853687467      0.694856256891      0.537360567922      0.947051612522    
   2.68750000000      0.161658429791E-02   2.27813249455     -0.262590952564E-05   23.9503059930       4.55626498909      0.721251825308      0.559064902961      0.997815766277    
   2.75000000000      0.161038484576E-02   2.37962079419     -0.258518154735E-05   24.6052627576       4.75924158839      0.747874942839      0.581423014987       1.05032283637    
   2.81250000000      0.160404113009E-02   2.48346783197     -0.255337690489E-05   25.3104164020       4.96693566394      0.774703525015      0.604468136926       1.10429617003    
   2.87500000000      0.159756604348E-02   2.58946264493     -0.253293542397E-05   25.8537784727       5.17892528986      0.801729885372      0.628244946657       1.15948781290    
   2.93750000000      0.159096867683E-02   2.69745677781     -0.252617246787E-05   26.1782858883       5.39491355563      0.828980062906      0.652808109963       1.21566860495    
   3.00000000000      0.158425479758E-02   2.80735640981     -0.253472084147E-05   26.4708916832       5.61471281962      0.856532669476      0.678215476290       1.27260826404    
   3.06250000000      0.157742806260E-02   2.91910242593     -0.255883963083E-05   26.5887649843       5.83820485185      0.884528637762      0.704517550540       1.33005623762    
   3.12500000000      0.157049154389E-02   3.03264535225     -0.259680669345E-05   26.6214693296       6.06529070450      0.913165205999      0.731748368003       1.38773177825    
   3.18750000000      0.156344887035E-02   3.14792657332     -0.264460343649E-05   26.6066475054       6.29585314663      0.942672462930      0.759925749252       1.44532836113    
   3.25000000000      0.155630408470E-02   3.26488059552     -0.269600980178E-05   26.4666709817       6.52976119103      0.973277801813      0.789067741319       1.50253505238    
   3.31250000000      0.154905948726E-02   3.38347026593     -0.274308353307E-05   26.8187130223       6.76694053186       1.00517069838      0.819224675450       1.55907489210    
   3.37500000000      0.154171150707E-02   3.50375425060     -0.277684530147E-05   27.6073485008       7.00750850120       1.03848315775      0.850515105462       1.61475598739    
   3.43750000000      0.153424593674E-02   3.62596484638     -0.278794158460E-05   28.3190951340       7.25192969275       1.07329463715      0.883145181948       1.66952502728    
   3.50000000000      0.152663511510E-02   3.75055386592     -0.276721205612E-05   28.9720134387       7.50110773185       1.10965377232      0.917393159866       1.72350693373    
   3.56250000000      0.151883968385E-02   3.87816378941     -0.270637951224E-05   29.4715276109       7.75632757882       1.14759352363      0.953559421604       1.77701084418    
   3.62500000000      0.151081560919E-02   4.00951313292     -0.259924132252E-05   30.0070361958       8.01902626584       1.18711855190      0.991907292644       1.83048728837    
   3.68750000000      0.150252429895E-02   4.14523158738     -0.244341929829E-05   30.3276594631       8.29046317477       1.22816827624       1.03262521690       1.88443809425    
   3.75000000000      0.149394216554E-02   4.28570426233     -0.224182229366E-05   30.3982228235       8.57140852466       1.27058365418       1.07582086920       1.93929973895    
   3.81250000000      0.148506673455E-02   4.43097190510     -0.200226034222E-05   33.1462405688       8.86194381020       1.31410036118       1.12154389308       1.99532765084    
   3.87500000000      0.147591783757E-02   4.58071090493     -0.173437977640E-05   36.9137189518       9.16142180986       1.35836579889       1.16983868076       2.05250642528    
   3.93750000000      0.146653318369E-02   4.73430521376     -0.144504027199E-05   39.8629305568       9.46861042752       1.40298118075       1.22081454848       2.11050948453    
   4.00000000000      0.145695860377E-02   4.89100596112     -0.113437030835E-05   43.2503917133       9.78201192224       1.44760247286       1.27468555733       2.16871793092    
   4.06250000000      0.144723575420E-02   5.05013294022     -0.793942499614E-06   45.3328984046       10.1002658804       1.49211521462       1.33174300115       2.22627472445    
   4.12500000000      0.143739254488E-02   5.21123111076     -0.407119872766E-06   51.3745368060       10.4224622215       1.53679915716       1.39228973867       2.28214221492    
   4.18750000000      0.142744116526E-02   5.37410212976      0.488155877399E-07   57.3118895699       10.7482042595       1.58231845934       1.45659707444       2.33518659598    
   4.25000000000      0.141738488496E-02   5.53869204290      0.599022953870E-06   64.3370450679       11.0773840858       1.62941632835       1.52490312404       2.38437259051    
   4.31250000000      0.140722960424E-02   5.70490150924      0.126566530852E-05   69.7792700745       11.4098030185       1.67835869356       1.59743479361       2.42910802207    
   4.37500000000      0.139699174041E-02   5.87245702389      0.205707712400E-05   72.7053490246       11.7449140478       1.72838429783       1.67445046136       2.46962226470    
   4.43750000000      0.138669452069E-02   6.04097301338      0.294702630695E-05   74.2235760172       12.0819460268       1.77755978497       1.75627741949       2.50713580892    
   4.50000000000      0.137635364194E-02   6.21018828549      0.385270960964E-05   74.9395844249       12.4203765710       1.82334256071       1.84320760626       2.54363811852    
   4.56250000000      0.136596456330E-02   6.38017512797      0.463576952334E-05   77.7049219710       12.7603502559       1.86373512662       1.93511177338       2.58132822797    
   4.62500000000      0.135550384374E-02   6.55131654140      0.514342614667E-05   78.3852217854       13.1026330828       1.89840585933       2.03091875137       2.62199193070    
   4.68750000000      0.134494476479E-02   6.72404991027      0.528125161248E-05   78.7073949177       13.4480998205       1.92904673848       2.12840331213       2.66659985966    
   4.75000000000      0.133427804504E-02   6.89852862615      0.508198734252E-05   79.8682915598       13.7970572523       1.95873873557       2.22455217025       2.71523772033    
   4.81250000000      0.132352867857E-02   7.07434567192      0.472117410362E-05   78.5148952842       14.1486913438       1.99076423327       2.31625059607       2.76733084259    
   4.87500000000      0.131276228839E-02   7.25042730003      0.445858957476E-05   78.3752679029       14.5008546001       2.02755203103       2.40080261679       2.82207265221    
   4.93750000000      0.130207649143E-02   7.42517273896      0.454377162142E-05   78.7463612169       14.8503454779       2.07016332314       2.47612398968       2.87888542613    
   5.00000000000      0.129157890350E-02   7.59681547942      0.514891928334E-05   80.2433558341       15.1936309588       2.11830265160       2.54086328538       2.93764954243    
