   0.00000000000      0.205847477242E-02  0.375000000000      0.990263313027E-06   2.34035729389      0.750000000000      0.841490928973E-01  0.846322209771E-01  0.206218686126    
  0.625000000000E-01  0.205819085225E-02  0.379651662921      0.990196222247E-06   2.33150255022      0.759303325842      0.865535701074E-01  0.870437706958E-01  0.206054322118    
  0.125000000000      0.205786924479E-02  0.384920792714      0.990127452306E-06   2.32481740354      0.769841585428      0.892210166145E-01  0.897176764096E-01  0.205982099690    
  0.187500000000      0.205750674600E-02  0.390859882166      0.990058728094E-06   2.39084180544      0.781719764332      0.921639179294E-01  0.926663824024E-01  0.206029581834    
  0.250000000000      0.205709964879E-02  0.397529665147      0.989992114878E-06   2.46113617389      0.795059330293      0.953968270735E-01  0.959043908473E-01  0.206228447226    
  0.312500000000      0.205664369667E-02  0.404999876332      0.989930027863E-06   2.53669543242      0.809999752665      0.989365360022E-01  0.994484301504E-01  0.206614910180    
  0.375000000000      0.205613404719E-02  0.413349848836      0.989875218404E-06   2.61833094471      0.826699697672      0.102802187494      0.103317563069      0.207230098273    
  0.437500000000      0.205556525464E-02  0.422668799145      0.989830724190E-06   2.70646428127      0.845337598289      0.107015289028      0.107533196340      0.208120313777    
  0.500000000000      0.205493128362E-02  0.433055604037      0.989799767155E-06   2.80296667666      0.866111208073      0.111599581713      0.112118945323      0.209337077000    
  0.562500000000      0.205422556749E-02  0.444617844240      0.989785579757E-06   2.91188433928      0.889235688479      0.116580713582      0.117100303658      0.210936826999    
  0.625000000000      0.205344112481E-02  0.457469897121      0.989791139192E-06   3.03246418698      0.914939794242      0.121985672750      0.122504074398      0.212980149972    
  0.687500000000      0.205257074288E-02  0.471729931202      0.989818792343E-06   3.16410187760      0.943459862404      0.127841957804      0.128357541025      0.215530432373    
  0.750000000000      0.205160722805E-02  0.487515805269      0.989869764570E-06   3.31544679524      0.975031610537      0.134176503068      0.134687396857      0.218651905344    
  0.812500000000      0.205054370927E-02  0.504940094910      0.989943564697E-06   3.48121000093       1.00988018982      0.141014431318      0.141518505686      0.222407157906    
  0.875000000000      0.204937396645E-02  0.524104711870      0.990037325973E-06   3.66701350074       1.04820942374      0.148377763037      0.148872622127      0.226854326706    
  0.937500000000      0.204809274380E-02  0.545095767094      0.990145152995E-06   3.86827934463       1.09019153419      0.156284249547      0.156767237404      0.232044280143    
   1.00000000000      0.204669600573E-02  0.567979376088      0.990257568107E-06   4.08902128714       1.13595875218      0.164746498782      0.165214717183      0.238018160123    
   1.06250000000      0.204518110043E-02  0.592798976567      0.990361156912E-06   4.31702694085       1.18559795313      0.173771520309      0.174221855918      0.244805600340    
   1.12500000000      0.204354681321E-02  0.619574454270      0.990438494983E-06   4.56784278934       1.23914890854      0.183360740943      0.183789897680      0.252423815647    
   1.18750000000      0.204179331159E-02  0.648303042915      0.990468398987E-06   4.81098236761       1.29660608583      0.193510457796      0.193914989992      0.260877595126    
   1.25000000000      0.203992200153E-02  0.678961682340      0.990426495856E-06   5.08830080851       1.35792336468      0.204212627152      0.204588969749      0.270160085438    
   1.31250000000      0.203793532379E-02  0.711510355728      0.990286057642E-06   5.35135214305       1.42302071146      0.215455851164      0.215800344536      0.280254160029    
   1.37500000000      0.203583652166E-02  0.745895897276      0.990019018223E-06   5.61715495609       1.49179179455      0.227226422202      0.227535330606      0.291134144468    
   1.43750000000      0.203362940639E-02  0.782055835282      0.989597075351E-06   5.88956923394       1.56411167056      0.239509308370      0.239778832306      0.302767694607    
   1.50000000000      0.203131813930E-02  0.819921962392      0.988992785458E-06   6.18943310612       1.63984392478      0.252289000904      0.252515284531      0.315117676957    
   1.56250000000      0.202890704109E-02  0.859423459234      0.988180573725E-06   6.47520887608       1.71884691847      0.265550183680      0.265729318903      0.328143956651    
   1.62500000000      0.202640043210E-02  0.900489511297      0.987137602467E-06   6.76418180578       1.80097902259      0.279278219385      0.279406248322      0.341805043590    
   1.68750000000      0.202380250224E-02  0.943051439860      0.985844462931E-06   7.05142141267       1.88610287972      0.293459472326      0.293532389743      0.356059577791    
   1.75000000000      0.202111720628E-02  0.987044417024      0.984285676491E-06   7.32563734379       1.97408883405      0.308081503582      0.308095260593      0.370867652849    
   1.81250000000      0.201834817881E-02   1.03240885920      0.982450009738E-06   7.62282368487       2.06481771839      0.323133180955      0.323083690983      0.386191987256    
   1.87500000000      0.201549866260E-02   1.07909160189      0.980330623013E-06   7.90554471046       2.15818320378      0.338604745696      0.338487893460      0.401998962733    
   1.93750000000      0.201257144390E-02   1.12704695967      0.977925082967E-06   8.18740205076       2.25409391934      0.354487872163      0.354299526340      0.418259561170    
   2.00000000000      0.200956878844E-02   1.17623777537      0.975235275992E-06   8.49300303721       2.35247555074      0.370775747307      0.370511777587      0.434950250476    
   2.06250000000      0.200649237149E-02   1.22663656714      0.972267260394E-06   8.78880343134       2.45327313428      0.387463185862      0.387119485312      0.452053895964    
   2.12500000000      0.200334319462E-02   1.27822689296      0.969031090668E-06   9.07574078684       2.55645378592      0.404546785421      0.404119299322      0.469560808215    
   2.18750000000      0.200012148094E-02   1.33100506772      0.965540637133E-06   9.41386402907       2.66201013544      0.422025113121      0.421509875608      0.487470078993    
   2.25000000000      0.199682653987E-02   1.38498237980      0.961813408762E-06   9.75641685078       2.76996475960      0.439898900369      0.439292080016      0.505791399415    
   2.31250000000      0.199345659303E-02   1.44018794353      0.957870366469E-06   10.1074008895       2.88037588706      0.458171199612      0.457469154388      0.524547589530    
   2.37500000000      0.199000855685E-02   1.49667226188      0.953735688643E-06   10.4736968724       2.99334452376      0.476847422430      0.476046763060      0.543778076389    
   2.43750000000      0.198647778637E-02   1.55451142332      0.949436420705E-06   10.8638491701       3.10902284664      0.495935130629      0.495032789499      0.563543503192    
   2.50000000000      0.198285780134E-02   1.61381158873      0.945001908851E-06   11.2852200973       3.22762317747      0.515443405229      0.514436706081      0.583931477425    
   2.56250000000      0.197914003928E-02   1.67471303722      0.940462895974E-06   11.7413111960       3.34942607444      0.535381610536      0.534268333432      0.605063093253    
   2.62500000000      0.197531370755E-02   1.73739258852      0.935850170487E-06   12.2247861778       3.47478517705      0.555757464636      0.554535902015      0.627099221872    
   2.68750000000      0.197136583052E-02   1.80206282982      0.931192746331E-06   12.7064875059       3.60412565963      0.576574582437      0.575243586017      0.650244661363    
   2.75000000000      0.196728159624E-02   1.86896643731      0.926515747978E-06   13.2072865325       3.73793287461      0.597830065739      0.596389088613      0.674747282953    
   2.81250000000      0.196304508624E-02   1.93836422202      0.921838458274E-06   13.8285303661       3.87672844405      0.619513131946      0.617962270834      0.700888819243    
   2.87500000000      0.195864041121E-02   2.01051652748      0.917173242097E-06   14.4294453755       4.02103305495      0.641605908585      0.639945942091      0.728964676801    
   2.93750000000      0.195405317343E-02   2.08565927505      0.912526083972E-06   15.0308940982       4.17131855010      0.664087069910      0.662319468624      0.759252736516    
   3.00000000000      0.194927205342E-02   2.16397796847      0.907899100961E-06   15.6235437517       4.32795593693      0.686937901391      0.685064764897      0.791975302180    
   3.06250000000      0.194429021770E-02   2.24558461773      0.903294636441E-06   16.4879484433       4.49116923545      0.710149070172      0.708172945376      0.827262602179    
   3.12500000000      0.193910621917E-02   2.33050296405      0.898719702213E-06   17.1944555731       4.66100592811      0.733725658376      0.731649230593      0.865128075086    
   3.18750000000      0.193372414182E-02   2.41866608173      0.894189066664E-06   18.0372200033       4.83733216346      0.757688548491      0.755514263479      0.905463269760    
   3.25000000000      0.192815291045E-02   2.50992767180      0.889725513906E-06   18.6999449465       5.01985534360      0.782071952562      0.779801683458      0.948054035782    
   3.31250000000      0.192240488508E-02   2.60408509401      0.885356698295E-06   19.3538063860       5.20817018803      0.806918805326      0.804553673473      0.992612615215    
   3.37500000000      0.191649402252E-02   2.70090950672      0.881109208678E-06   20.0371505453       5.40181901343      0.832276731583      0.829817107725       1.03881566741    
   3.43750000000      0.191043396712E-02   2.80017716797      0.877001425282E-06   20.5104175786       5.60035433594      0.858196844113      0.855642433404       1.08633789046    
   3.50000000000      0.190423641364E-02   2.90169626932      0.873037137306E-06   20.9690536908       5.80339253864      0.884736181655      0.882086002189       1.13487408548    
   3.56250000000      0.189790997823E-02   3.00532543751      0.869201634025E-06   21.1573083179       6.01065087502      0.911963064668      0.909215120109       1.18414725273    
   3.62500000000      0.189145965617E-02   3.11098261961      0.865461290635E-06   21.3668898669       6.22196523921      0.939963673065      0.937114201872       1.23390474467    
   3.68750000000      0.188488679719E-02   3.21864549529      0.861766808999E-06   21.3528677510       6.43729099058      0.968847833027      0.965890149321       1.28390751294    
   3.75000000000      0.187818944816E-02   3.32834588129      0.858059382370E-06   21.3559611727       6.65669176257      0.998752113392      0.995675180857       1.33391858704    
   3.81250000000      0.187136292510E-02   3.44016038676      0.854278171294E-06   21.2914550269       6.88032077352       1.02983866916       1.02662562973       1.38369608787    
   3.87500000000      0.186440055372E-02   3.55419831397      0.850366792384E-06   21.0450001498       7.10839662793       1.06228882655       1.05891572928       1.43299375813    
   3.93750000000      0.185729458533E-02   3.67058668279      0.846276480303E-06   20.8267642582       7.34117336558       1.09629135645       1.09272630744       1.48156901890    
   4.00000000000      0.185003728132E-02   3.78945248150      0.841964535648E-06   20.5178271544       7.57890496301       1.13202684728       1.12822974174       1.52919589248    
   4.06250000000      0.184262205372E-02   3.91090397753      0.837388302040E-06   20.2422622485       7.82180795507       1.16965124925       1.16557415983       1.57567856845    
   4.12500000000      0.183504443114E-02   4.03501486525      0.832496232810E-06   19.9067862560       8.07002973050       1.20928265641       1.20487084258       1.62086136626    
   4.18750000000      0.182730260388E-02   4.16181528246      0.827217788425E-06   20.5242325054       8.32363056493       1.25099485875       1.24618822698       1.66463219673    
   4.25000000000      0.181939743905E-02   4.29129149824      0.821453236454E-06   21.6940588364       8.58258299648       1.29481911992       1.28955380680       1.70691857152    
   4.31250000000      0.181133206844E-02   4.42339260098      0.815064286809E-06   23.0474372888       8.84678520196       1.34075303046       1.33496263253       1.74767693800    
   4.37500000000      0.180311129534E-02   4.55804016366      0.807868310101E-06   24.6973830729       9.11608032732       1.38877334843       1.38238924481       1.78687757042    
   4.43750000000      0.179474103897E-02   4.69513731241      0.799642902582E-06   26.6307832028       9.39027462481       1.43884899091       1.43179922471       1.82448909679    
   4.50000000000      0.178622784355E-02   4.83457675082      0.790152187679E-06   28.4119092264       9.66915350165       1.49095067406       1.48315691802       1.86046915874    
   4.56250000000      0.177757824640E-02   4.97625110459      0.779208122967E-06   30.6626514012       9.95250220917       1.54505485125       1.53642702300       1.89476923034    
   4.62500000000      0.176879772756E-02   5.12007012624      0.766775066193E-06   32.1711677826       10.2401402525       1.60114098513       1.59156927082       1.92735987030    
   4.68750000000      0.175988924161E-02   5.26598473491      0.753111451300E-06   34.6515386362       10.5319694698       1.65918152008       1.64852646855       1.95827674629    
   4.75000000000      0.175085196175E-02   5.41400757104      0.738921069310E-06   36.2187810470       10.8280151421       1.71912203107       1.70720570043       1.98767983954    
   4.81250000000      0.174168152111E-02   5.56420901508      0.725467012879E-06   37.7511736037       11.1284180302       1.78084597313       1.76745096132       2.01591208063    
   4.87500000000      0.173237316481E-02   5.71666549645      0.714595698390E-06   39.8054727666       11.4333309929       1.84411857684       1.82900566008       2.04354125952    
   4.93750000000      0.172292840225E-02   5.87135052160      0.708633801529E-06   41.0083266022       11.7427010432       1.90851277758       1.89146836304       2.07136938098    
   5.00000000000      0.171336404736E-02   6.02798698413      0.710154995605E-06   43.1309325697       12.0559739683       1.97333696583       1.95425463971       2.10039537859    
