   0.00000000000      0.179408924408E-02  0.375000000000      0.139000605145E-05   3.01674269534      0.750000000000      0.932925550836E-01  0.982876006166E-01  0.183419844300    
  0.625000000000E-01  0.179381598778E-02  0.379476827692      0.138987631064E-05   3.01452480552      0.758953655383      0.954861076435E-01  0.100762728958      0.183227991090    
  0.125000000000      0.179349989044E-02  0.384655565210      0.138973325941E-05   3.08360806085      0.769311130420      0.979669279204E-01  0.103475953296      0.183212683994    
  0.187500000000      0.179313728025E-02  0.390596366582      0.138957976611E-05   3.16886057829      0.781192733164      0.100748841353      0.106435210226      0.183412315003    
  0.250000000000      0.179272374598E-02  0.397371497239      0.138941978180E-05   3.25924606023      0.794742994479      0.103849124099      0.109650712037      0.183871661103    
  0.312500000000      0.179225402081E-02  0.405067236856      0.138925838993E-05   3.35385960721      0.810134473712      0.107289149894      0.113135291903      0.184642795060    
  0.375000000000      0.179172187437E-02  0.413785647182      0.138910177044E-05   3.45649640969      0.827571294363      0.111094984983      0.116904701696      0.185785960502    
  0.437500000000      0.179112003633E-02  0.423645823784      0.138895699224E-05   3.56710425344      0.847291647567      0.115297801690      0.120977799518      0.187370222575    
  0.500000000000      0.179044018572E-02  0.434784072135      0.138883150532E-05   3.69323297507      0.869568144269      0.119933925129      0.125376541339      0.189473605666    
  0.562500000000      0.178967304850E-02  0.447352311904      0.138873217018E-05   3.83402251515      0.894704623808      0.125044287667      0.130125676527      0.192182347710    
  0.625000000000      0.178880864441E-02  0.461514036982      0.138866367277E-05   4.00484542105      0.923028073963      0.130673083193      0.135252055511      0.195588898278    
  0.687500000000      0.178783670439E-02  0.477437481133      0.138862627729E-05   4.20508179725      0.954874962266      0.136865535827      0.140783506043      0.199788439263    
  0.750000000000      0.178674723822E-02  0.495286316355      0.138861309216E-05   4.44466517999      0.990572632710      0.143664940334      0.146747328722      0.204874047300    
  0.812500000000      0.178553117908E-02  0.515209087492      0.138860731747E-05   4.72132023744       1.03041817498      0.151109429387      0.153168584202      0.210931073903    
  0.875000000000      0.178418098941E-02  0.537329273668      0.138858015136E-05   5.04054271139       1.07465854734      0.159229129147      0.160068447127      0.218031697395    
  0.937500000000      0.178269110849E-02  0.561737944624      0.138848998806E-05   5.39628209107       1.12347588925      0.168044335034      0.167462929956      0.226230679633    
   1.00000000000      0.178105816204E-02  0.588490321307      0.138828319863E-05   5.77739978880       1.17698064261      0.177565054001      0.175362206548      0.235563060758    
   1.06250000000      0.177928092063E-02  0.617606461550      0.138789630277E-05   6.16959923144       1.23521292310      0.187791856458      0.183770616187      0.246043988906    
   1.12500000000      0.177736005359E-02  0.649075298083      0.138725896300E-05   6.60145381238       1.29815059617      0.198717656806      0.192687268662      0.257670372614    
   1.18750000000      0.177529775739E-02  0.682860734404      0.138629712249E-05   7.03064382036       1.36572146881      0.210329913129      0.202107062694      0.270423758580    
   1.25000000000      0.177309733735E-02  0.718908500777      0.138493575343E-05   7.44892932819       1.43781700155      0.222612794002      0.212021899795      0.284273806980    
   1.31250000000      0.177076280219E-02  0.757152796451      0.138310096288E-05   7.91448433507       1.51430559290      0.235549019017      0.222421910055      0.299181867380    
   1.37500000000      0.176829850566E-02  0.797522159868      0.138072147750E-05   8.37764104524       1.59504431974      0.249121252790      0.233296572636      0.315104334443    
   1.43750000000      0.176570884773E-02  0.839944362756      0.137772970955E-05   8.83429874524       1.67988872551      0.263313067784      0.244635682057      0.331995612916    
   1.50000000000      0.176299803327E-02  0.884350364349      0.137406266274E-05   9.28662978042       1.76870072870      0.278109571634      0.256430164612      0.349810628103    
   1.56250000000      0.176016987740E-02  0.930677501534      0.136966288476E-05   9.73098346253       1.86135500307      0.293497822809      0.268672783108      0.368506895617    
   1.62500000000      0.175722764229E-02  0.978872166384      0.136447955138E-05   10.1657804029       1.95774433277      0.309467146513      0.281358784936      0.388046234935    
   1.68750000000      0.175417388702E-02   1.02889226863      0.135846961655E-05   10.5915220012       2.05778453726      0.326009425488      0.294486552339      0.408396290803    
   1.75000000000      0.175101031046E-02   1.08070981525      0.135159881811E-05   11.0143510140       2.16141963051      0.343119391464      0.308058304871      0.429532118920    
   1.81250000000      0.174773756567E-02   1.13431395486      0.134384220910E-05   11.4481360814       2.26862790972      0.360794889795      0.322080875171      0.451438189891    
   1.87500000000      0.174435502755E-02   1.18971478817      0.133518380607E-05   11.8954830553       2.37942957633      0.379037026611      0.336566512010      0.474111249547    
   1.93750000000      0.174086050661E-02   1.24694805980      0.132561490767E-05   12.3460719648       2.49389611959      0.397850015398      0.351533533885      0.497564510513    
   2.00000000000      0.173724992706E-02   1.30608043470      0.131513062286E-05   12.8622292949       2.61216086940      0.417240406421      0.367006451272      0.521833577008    
   2.06250000000      0.173351702733E-02   1.36721440629      0.130372412878E-05   13.5130754277       2.73442881257      0.437215254488      0.383014946959      0.546984204840    
   2.12500000000      0.172965318775E-02   1.43049112086      0.129137825490E-05   14.2230589796       2.86098224172      0.457778818028      0.399591021226      0.573121281607    
   2.18750000000      0.172564752298E-02   1.49608886011      0.127805464117E-05   15.0715478915       2.99217772022      0.478927827164      0.416763953929      0.600397079015    
   2.25000000000      0.172148737351E-02   1.56421498047      0.126368286668E-05   15.9609782495       3.12842996094      0.500646319245      0.434553726760      0.629014934464    
   2.31250000000      0.171715927781E-02   1.63508997696      0.124815614043E-05   16.7999153990       3.27017995392      0.522902156653      0.452964981819      0.659222838489    
   2.37500000000      0.171265040775E-02   1.70892396588      0.123134471171E-05   17.4361482400       3.41784793175      0.545647702564      0.471984571297      0.691291692015    
   2.43750000000      0.170795031606E-02   1.78588807194      0.121313803747E-05   18.3927270210       3.57177614389      0.568825878015      0.491585031055      0.725477162874    
   2.50000000000      0.170305269491E-02   1.86608563513      0.119351613467E-05   19.0282768589       3.73217127025      0.592380180078      0.511733466646      0.761971988403    
   2.56250000000      0.169795672907E-02   1.94953003390      0.117263005824E-05   19.9662443608       3.89906006780      0.616264798231      0.532401926204      0.800863309467    
   2.62500000000      0.169266762680E-02   2.03613594239      0.115085376644E-05   21.0628872174       4.07227188478      0.640450514129      0.553574266118      0.842111162143    
   2.68750000000      0.168719608511E-02   2.12572804420      0.112877356180E-05   21.9558318372       4.25145608840      0.664924077926      0.575247259035      0.885556707238    
   2.75000000000      0.168155675318E-02   2.21806620637      0.110711284349E-05   22.8703062937       4.43613241274      0.689682150387      0.597428075288      0.930955980696    
   2.81250000000      0.167576606575E-02   2.31288103515      0.108662853755E-05   23.5021459604       4.62576207030      0.714723962042      0.620132288875      0.978024784234    
   2.87500000000      0.166983998569E-02   2.40991093940      0.106802783287E-05   24.4682479865       4.81982187881      0.740047993993      0.643384710667       1.02647823474    
   2.93750000000      0.166379216474E-02   2.50893231944      0.105192775707E-05   25.0133865909       5.01786463888      0.765656428635      0.667222019763       1.07605387104    
   3.00000000000      0.165763284829E-02   2.60977752455      0.103884188001E-05   25.4862111208       5.21955504910      0.791567419536      0.691694526448       1.12651557857    
   3.06250000000      0.165136861547E-02   2.71233909309      0.102916628010E-05   25.7028319767       5.42467818618      0.817831139841      0.716865246443       1.17764270680    
   3.12500000000      0.164500284455E-02   2.81656209648      0.102315736800E-05   25.7804612043       5.63312419295      0.844542947415      0.742806456303       1.22921269276    
   3.18750000000      0.163853665572E-02   2.92242865823      0.102091321483E-05   25.9405876382       5.84485731645      0.871846900504      0.769595536692       1.28098622103    
   3.25000000000      0.163196999998E-02   3.02994008441      0.102235654112E-05   25.7920472542       6.05988016882      0.899925409157      0.797312327704       1.33270234755    
   3.31250000000      0.162530250784E-02   3.13910292826      0.102718983892E-05   25.7681531900       6.27820585652      0.928975595152      0.826039189884       1.38408814323    
   3.37500000000      0.161853365831E-02   3.24992618514      0.103480303274E-05   25.5562588954       6.49985237028      0.959178974479      0.855863416896       1.43488379376    
   3.43750000000      0.161166181432E-02   3.36243702757      0.104417556294E-05   25.2323073578       6.72487405514      0.990676099540      0.886880910011       1.48488001802    
   3.50000000000      0.160468193034E-02   3.47671823648      0.105386853960E-05   25.6402081753       6.95343647297       1.02355791677      0.919199199046       1.53396112066    
   3.56250000000      0.159758252904E-02   3.59295754511      0.106217823599E-05   26.1606163969       7.18591509022       1.05787764728      0.952935138138       1.58214475969    
   3.62500000000      0.159034357012E-02   3.71148237561      0.106743145905E-05   26.7587288185       7.42296475122       1.09367331149      0.988201371168       1.62960769296    
   3.68750000000      0.158293709925E-02   3.83274918845      0.106834461457E-05   27.1407939182       7.66549837689       1.13098112473       1.02508287844       1.67668518527    
   3.75000000000      0.157533140416E-02   3.95727568404      0.106441810740E-05   27.9875573299       7.91455136808       1.16982391214       1.06361780422       1.72383396768    
   3.81250000000      0.156749753982E-02   4.08553444851      0.105643554157E-05   28.8878570567       8.17106889703       1.21017591158       1.10380124202       1.77155729491    
   3.87500000000      0.155941599615E-02   4.21784420452      0.104710802987E-05   29.8252139791       8.43568840904       1.25192194237       1.14562124171       1.82030102043    
   3.93750000000      0.155108147568E-02   4.35429164035      0.104165887460E-05   31.1512819121       8.70858328070       1.29483127846       1.18912391878       1.87033644310    
   4.00000000000      0.154250438287E-02   4.49470677332      0.104786515048E-05   33.3577754341       8.98941354663       1.33856111935       1.23449209290       1.92165356106    
   4.06250000000      0.153370811965E-02   4.63870706210      0.107508391159E-05   36.0917235941       9.27741412421       1.38271018278       1.28209842255       1.97389845677    
   4.12500000000      0.152472239249E-02   4.78580710258      0.113218364135E-05   39.8179301953       9.57161420516       1.42694872464       1.33247695153       2.02638142640    
   4.18750000000      0.151557494863E-02   4.93555399321      0.122481032470E-05   44.2522003486       9.87110798643       1.47121328296       1.38619287433       2.07814783592    
   4.25000000000      0.150628580475E-02   5.08762144698      0.135266472506E-05   49.2045592792       10.1752428940       1.51586987622       1.44367260248       2.12807896829    
   4.31250000000      0.149686710030E-02   5.24181138873      0.150735283565E-05   55.0296210250       10.4836227775       1.56169283987       1.50510014597       2.17501840290    
   4.37500000000      0.148732882767E-02   5.39795948078      0.167165582309E-05   62.6848826167       10.7959189616       1.60955319929       1.57043821273       2.21796806876    
   4.43750000000      0.147768767614E-02   5.55578998890      0.182272266381E-05   68.2905897393       11.1115799778       1.65985950780       1.63955374461       2.25637673649    
   4.50000000000      0.146797334567E-02   5.71481291157      0.194225715166E-05   73.3709921796       11.4296258231       1.71198157889       1.71239822904       2.29043310365    
   4.56250000000      0.145822528911E-02   5.87437854571      0.203067305847E-05   74.9555205993       11.7487570914       1.76401894846       1.78916771031       2.32119188694    
   4.62500000000      0.144847766609E-02   6.03392477803      0.211309475510E-05   75.7965191065       12.0678495561       1.81322457754       1.87027775221       2.35042244828    
   4.68750000000      0.143874127308E-02   6.19327348045      0.222845116352E-05   77.9861908932       12.3865469609       1.85706925429       1.95597839499       2.38022583117    
   4.75000000000      0.142899686434E-02   6.35273906004      0.240908508220E-05   81.2087543321       12.7054781201       1.89445988726       2.04570703788       2.41257213490    
   4.81250000000      0.141920625020E-02   6.51294638303      0.266567412702E-05   80.9724887768       13.0258927661       1.92638500829       2.13764666653       2.44891470821    
   4.87500000000      0.140933502431E-02   6.67446009416      0.298429328251E-05   80.5617394113       13.3489201883       1.95555888998       2.22892364129       2.48997756289    
   4.93750000000      0.139937546673E-02   6.83740916604      0.333392218336E-05   81.1927596897       13.6748183321       1.98530329495       2.31636057464       2.53574529646    
   5.00000000000      0.138935923069E-02   7.00127639500      0.367842079378E-05   78.7640772253       14.0025527900       2.01837480129       2.39724765900       2.58565393471    
