                4490  -16.4007528925       0.00000000000       0.00000000000       0.00000000000                       0
                4491  -16.4007590272      0.651889845613E-03  0.381966011250E-04   0.00000000000                       3
                4492  -16.4007626004      0.585298052620E-03  0.763932022500E-04  0.194369094460                       0
                4493  -16.4007760149      0.694054539655E-03  0.400000000000E-04  0.575390727821                       0
                4494  -16.4007793694      0.501219795726E-03  0.800000000000E-04  0.230504211795                       0
                4495  -16.4008058718      0.137446925485E-02  0.636533499696E-04   2.34277046534                       0
                4496  -16.4008105311      0.507858356511E-03  0.127306699939E-03  0.353615345246                       0
                4497  -16.4008412918      0.160271443589E-02  0.833535237661E-04   3.31110455777                       0
                4498  -16.4008706904      0.321428942639E-03  0.612219035952E-04  0.539709111933E-01                   0
                4499  -16.4010267491      0.120738029956E-02  0.165028054143E-03   3.49043945776                       0
                4500  -16.4010876028      0.385134836292E-02  0.549798917351E-04   0.00000000000                       3
                4501  -16.4011133186      0.482291138534E-03  0.386961070252E-04  0.884342496269E-01                   0
                4502  -16.4015827498      0.792771777075E-03  0.222458565236E-03   1.75419616623                       0
                4503  -16.4066617465      0.276389789700E-01  0.160077958476E-02   35.7378864392                       0
                4504  -16.4157427378      0.103511641809      0.254523402787E-02   4.34966023942                       0
                4505  -16.4629644031      0.404365100964      0.106364815827E-01   3.97593435169                       0
                4506  -16.4912156443      0.948628596291      0.688454001112E-02   3.02869727561                       0
                4507  -16.5095717778      0.170634783509      0.601612446269E-02  0.296742366359                       0
                4508  -16.5400838892      0.631148034243      0.921133709623E-02   3.98223791384                       0
                4509  -16.6281219039      0.669519066681      0.249023761672E-01   1.21298908766                       0
                4510  -16.7156217364       2.15138954363      0.250211885773E-01   3.80663165818                       0
                4511  -16.7492744959      0.634102218590      0.123253263311E-01  0.457379086892                       0
                4512  -16.7989349131      0.519032696850      0.198367600655E-01  0.912795273936                       0
                4513  -16.8268534935      0.702124019102      0.991576929994E-02   1.61270363914                       0
                4514  -16.8442099707      0.321852112383      0.843582142017E-02  0.572529644151                       0
                4515  -16.8642402190      0.235610741431      0.840619719790E-02  0.800929815350                       0
                4516  -16.8782529435      0.301526581201      0.647309103621E-02   1.51056843526                       0
                4517  -16.8901394788      0.235040893913      0.522899570704E-02  0.875837620348                       0
                4518  -16.9038911132      0.115895135686      0.539517160316E-02  0.535115006848                       0
                4519  -16.9096109673      0.171339023086      0.285880653540E-02   1.74611727800                       0
                4520  -16.9125733168      0.746000270146E-01  0.515367509698E-03   0.00000000000                       3
                4521  -16.9199939989      0.955867278545E-01  0.158624161268E-02   1.21453821687                       0
                4522  -16.9315049541      0.144148830984      0.159608996500E-02   1.63013621581                       0
                4523  -16.9546317633      0.174388483052      0.486955726114E-02   1.63744203481                       0
                4524  -16.9725797134      0.446555520258      0.298385749506E-02   2.65524128890                       0
                4525  -16.9807820795      0.889445328808E-01  0.221780642993E-02  0.328218186771                       0
                4526  -16.9877444213      0.141148416793      0.171696593885E-02   1.81361866345                       0
                4527  -16.9952378535      0.833262937339E-01  0.306933014244E-02  0.810280806840                       0
                4528  -16.9992492082      0.569643700918E-01  0.133286373120E-02  0.716304386371                       0
                4529  -17.0027832306      0.796731710824E-01  0.164751022027E-02   1.62338821418                       0
                4530  -17.0073804858      0.568801200319E-01  0.149596569960E-02  0.639637877565                       0
                4531  -17.0168644312      0.935737398393E-01  0.287109218706E-02   1.70775892329                       0
                4532  -17.0199144937      0.375861747045E-01  0.124472931723E-02  0.617912600974                       0
                4533  -17.0237155146      0.664852651385E-01  0.153857009055E-02   1.86351286118                       0
                4534  -17.0280319399      0.621496346545E-01  0.141230550506E-02  0.987524683769                       0
                4535  -17.0305478911      0.388071043709E-01  0.148357467691E-02  0.964725910739                       0
                4536  -17.0318807539      0.266503362423E-01  0.567163479022E-03  0.570438008513                       0
                4537  -17.0365804750      0.333906778195E-01  0.207272332548E-02   1.32112765971                       0
                4538  -17.0414074933      0.830990117982E-01  0.164648610254E-02   2.85559866894                       0
                4539  -17.0466200085      0.494922888979E-01  0.273566897884E-02  0.934440588873                       0
                4540  -17.0487210739      0.619151277978E-01  0.438181094379E-03   0.00000000000                       3
                4541  -17.0523048686      0.431528345014E-01  0.983134907532E-03  0.841969765314                       0
                4542  -17.0606196612      0.882600450206E-01  0.186607319061E-02   2.00215320034                       0
                4543  -17.0659870997      0.523711916000E-01  0.220636271905E-02  0.942545602895                       0
                4544  -17.0680727576      0.314577939950E-01  0.967328344343E-03  0.645709689504                       0
                4545  -17.0706361928      0.316952939811E-01  0.109556405609E-02  0.949533975514                       0
                4546  -17.0724616721      0.262481149243E-01  0.759185421004E-03  0.888043317213                       0
                4547  -17.0734728270      0.328198459613E-01  0.545127833837E-03   1.43298236156                       0
                4548  -17.0738699537      0.980523957181E-02  0.255975382478E-03  0.272409436292                       0
                4549  -17.0744762791      0.581027305046E-02  0.511950764956E-03  0.485981913083                       0
                4550  -17.0751165988      0.262995482543E-01  0.447898921834E-03   4.73714706321                       0
                4551  -17.0754815367      0.928718606426E-02  0.209500071118E-03  0.236406141823                       0
                4552  -17.0773904184      0.497182563459E-02  0.101591098361E-02  0.511196813834                       0
                4553  -17.0787375177      0.351709020193E-01  0.695860912056E-03   7.77903689663                       0
                4554  -17.0804900611      0.236387078145E-01  0.760045402419E-03  0.706130655290                       0
                4555  -17.0886037469      0.432755387595E-01  0.391477955727E-02   2.15368112141                       0
                4556  -17.0903447606      0.377810641879E-01  0.598125088056E-03  0.516808599299                       0
                4557  -17.0921452867      0.287834473962E-01  0.639249357722E-03  0.584059902639                       0
                4558  -17.0929518903      0.132759504738E-01  0.459006069140E-03  0.421440218743                       0
                4559  -17.0939105721      0.269075086457E-01  0.667419452355E-03   1.97034193156                       0
                4560  -17.0943165496      0.143295093886E-01  0.169739064784E-03   0.00000000000                       3
                4561  -17.0945898700      0.784185482368E-02  0.209809028083E-03  0.568325315241                       0
                4562  -17.0949467992      0.574310869845E-02  0.259338227892E-03  0.379057429128                       0
                4563  -17.0960275758      0.557734394108E-02  0.945391238411E-03  0.874726255031                       0
                4564  -17.0969550911      0.183483268750E-01  0.882100646319E-03   3.84465832012                       0
                4565  -17.0974885223      0.131584251507E-01  0.412956964784E-03  0.866826472543                       0
                4566  -17.0987294838      0.620193826943E-02  0.150285520250E-02  0.730088881412                       0
                4567  -17.0994551636      0.828154645840E-02  0.694483423245E-03   1.45591412239                       0
                4568  -17.1008982779      0.124400486126E-01  0.126623814330E-02   1.67436359553                       0
                4569  -17.1023365948      0.419257858521E-01  0.121748640510E-02   3.50100416271                       0
                4570  -17.1039330832      0.137544207263E-01  0.122412402895E-02  0.340636160227                       0
                4571  -17.1050276139      0.211975749140E-01  0.699811137371E-03   1.54546206033                       0
                4572  -17.1068262238      0.108498543627E-01  0.965259539961E-03  0.511153421300                       0
                4573  -17.1099543705      0.638779231740E-01  0.174442519390E-02   6.21525253161                       0
                4574  -17.1110029493      0.247712131840E-01  0.704758939050E-03  0.510670265117                       0
                4575  -17.1120021392      0.697170074331E-02  0.971217090024E-03  0.339965386219                       0
                4576  -17.1131971277      0.864966674336E-02  0.656883028163E-03   1.30113423490                       0
                4577  -17.1191501838      0.219487766420E-01  0.329959285850E-02   2.93234807981                       0
                4578  -17.1194974809      0.185017072644E-01  0.252066471277E-03  0.736104092644                       0
                4579  -17.1206196892      0.155832395251E-01  0.623142581579E-03  0.357204349682                       0
                4580  -17.1209647328      0.241418145081E-01  0.142526126799E-03   0.00000000000                       3
                4581  -17.1241911896      0.708905391411E-02  0.233395751858E-02  0.113325275134                       0
                4582  -17.1244294106      0.133843607178E-01  0.178298493495E-03   1.90313341915                       0
                4583  -17.1250249481      0.586158749190E-02  0.480750849526E-03  0.121881112718                       0
                4584  -17.1253062560      0.863845443002E-02  0.237790861818E-03   1.38893326948                       0
                4585  -17.1256662461      0.387637174773E-02  0.293925677442E-03  0.451876478683                       0
                4586  -17.1259437943      0.158279975384E-01  0.463348455986E-03   4.85803948850                       0
                4587  -17.1264687851      0.306461803784E-01  0.220290835068E-03  0.779162938500                       0
                4588  -17.1266258269      0.619764333429E-02  0.133169587328E-03  0.825736704551E-01                   0
                4589  -17.1266883356      0.311377581321E-02  0.164606666845E-03  0.284005839117                       0
                4590  -17.1267680143      0.202096783915E-02  0.107455295975E-03  0.158045055719                       0
                4591  -17.1268246945      0.317881499617E-02  0.114889103418E-03   1.35507984926                       0
                4592  -17.1269927198      0.112096800709E-02  0.229778206835E-03  0.864434610833E-01                   0
                4593  -17.1272199626      0.555046399181E-02  0.228538019343E-03   4.71428645092                       0
                4594  -17.1274413633      0.390762402500E-02  0.152624019295E-03  0.805821227778                       0
                4595  -17.1306346250      0.501902334569E-02  0.299887256672E-02   1.63698427772                       0
                4596  -17.1312682493      0.160736193187E-01  0.370681034833E-03   3.84360645759                       0
                4597  -17.1324908203      0.117615139252E-01  0.916373906526E-03  0.817283148134                       0
                4598  -17.1328098804      0.508774821289E-02  0.319887317386E-03  0.644385500222                       0
                4599  -17.1335515601      0.115060928252E-01  0.877520996445E-03   2.32854397546                       0
                4600  -17.1337507650      0.635436070353E-02  0.108467560329E-03   0.00000000000                       3
                4601  -17.1341474335      0.494455937547E-02  0.400117761244E-03  0.836790098579                       0
                4602  -17.1345155464      0.569678498533E-02  0.254534521823E-03   1.08031697557                       0
                4603  -17.1348520845      0.510365434076E-02  0.314621979950E-03   1.10403634451                       0
                4604  -17.1354186319      0.879310023054E-02  0.388894164763E-03   1.50411296655                       0
                4605  -17.1361174053      0.101335688250E-01  0.961399239509E-03   1.72880413868                       0
                4606  -17.1369502245      0.182637074224E-01  0.589656981891E-03   1.39256327252                       0
                4607  -17.1370954034      0.368967690706E-02  0.295198967076E-03  0.308354707137                       0
                4608  -17.1371057875      0.100381530404E-02  0.593002690225E-04 -0.512181603775E-01                   0
                4609  -17.1371205872      0.102483166178E-02  0.118600538045E-03  0.289771539370                       0
                4610  -17.1371755221      0.549444075695E-02  0.137177358509E-03   5.37543399060                       0
                4611  -17.1371936365      0.214957443937E-02  0.340993379162E-04 -0.551194815299E-01                   0
                4612  -17.1372261013      0.903515592784E-03  0.681986758324E-04  0.477576762901E-03                   0
                4613  -17.1372287138      0.135786872122E-02  0.136397351665E-03   1.02079778912                       0
                4614  -17.1373333164      0.389854759402E-02  0.168596403087E-03   3.19210285599                       0
                4615  -17.1374162834      0.563497154791E-02  0.812335245758E-04   1.41031871752                       0
