   0.00000000000      0.316628698882E-02  0.375000000000     -0.471924301284E-18   2.00000000000      0.750000000000      0.625000000000E-01  0.625000000000E-01  0.250000000000    
  0.250000000000      0.316498059651E-02  0.375334435517     -0.145439845836E-17   1.99447579793      0.750668871033      0.628163727835E-01  0.628163727835E-01  0.249701689950    
  0.500000000000      0.316106651423E-02  0.376336439977     -0.913072206540E-18   1.97799715907      0.752672879954      0.637612730194E-01  0.637612730194E-01  0.248813893938    
  0.750000000000      0.315456017216E-02  0.378002063226     -0.221329656980E-17   1.95084299443      0.756004126451      0.653222038535E-01  0.653222038535E-01  0.247357655519    
   1.00000000000      0.314548780851E-02  0.380324588216     -0.755302786118E-18   1.91346836032      0.760649176432      0.674788528009E-01  0.674788528009E-01  0.245366882614    
   1.25000000000      0.313388717222E-02  0.383294351135     -0.595471600386E-18   1.86649029311      0.766588702271      0.702038294846E-01  0.702038294846E-01  0.242886692166    
   1.50000000000      0.311980835785E-02  0.386898527683     -0.454801910110E-18   1.81066899364      0.773797055366      0.734636307164E-01  0.734636307164E-01  0.239971266250    
   1.75000000000      0.310331464524E-02  0.391120918125     -0.207162859962E-18   1.74688528717      0.782241836250      0.772197730450E-01  0.772197730450E-01  0.236681372035    
   2.00000000000      0.308448320750E-02  0.395941766056     -0.537650643107E-18   1.67611543063      0.791883532113      0.814300258849E-01  0.814300258849E-01  0.233081714287    
   2.25000000000      0.306340555720E-02  0.401337644184     -0.164525591032E-18   1.59940441214      0.802675288368      0.860496770771E-01  0.860496770771E-01  0.229238290030    
   2.50000000000      0.304018762121E-02  0.407281435178     -0.438006357017E-18   1.51783888575      0.814562870356      0.910327668593E-01  0.910327668593E-01  0.225215901459    
   2.75000000000      0.301494936628E-02  0.413742427528      0.243071046820E-20   1.43252081407      0.827484855056      0.963332348039E-01  0.963332348039E-01  0.221075957920    
   3.00000000000      0.298782393632E-02  0.420686536389     -0.511498669993E-18   1.35057594423      0.841373072778      0.101905936019      0.101905936019      0.216874664351    
   3.25000000000      0.295895630401E-02  0.428076648781     -0.630469171654E-18   1.34807048539      0.856153297562      0.107707496326      0.107707496326      0.212661656128    
   3.50000000000      0.292850147843E-02  0.435873082423     -0.206207379365E-18   1.36602475801      0.871746164846      0.113696989788      0.113696989788      0.208479102848    
   3.75000000000      0.289662234439E-02  0.444034138866     -0.940169348931E-18   1.39274084794      0.888068277731      0.119836434640      0.119836434640      0.204361269586    
   4.00000000000      0.286348723384E-02  0.452516725200     -0.533895780965E-18   1.42355145021      0.905033450400      0.126091114475      0.126091114475      0.200334496251    
   4.25000000000      0.282926734462E-02  0.461277014851     -0.432650076036E-18   1.47765631118      0.922554029703      0.132429739849      0.132429739849      0.196417535153    
   4.50000000000      0.279413412606E-02  0.470271116865     -0.627124940012E-18   1.53278699071      0.940542233729      0.138824471245      0.138824471245      0.192622174375    
   4.75000000000      0.275825674547E-02  0.479455724474     -0.772291957534E-18   1.58841375710      0.958911448949      0.145250827502      0.145250827502      0.188954069469    
   5.00000000000      0.272179973642E-02  0.488788717139     -0.789371616043E-18   1.64408215042      0.977577434278      0.151687504885      0.151687504885      0.185413707369    
