   0.00000000000      0.316628698882E-02  0.375000000000     -0.309770976265E-18   2.00000000000      0.750000000000      0.625000000000E-01  0.625000000000E-01  0.250000000000    
  0.156250000000E-01  0.316628643257E-02  0.375009113707     -0.642445635339E-18   1.99988332508      0.750018227413      0.625064145876E-01  0.625064145876E-01  0.249996284531    
  0.312500000000E-01  0.316628476369E-02  0.375036456623     -0.680343736374E-18   1.99953335717      0.750072913246      0.625256578967E-01  0.625256578967E-01  0.249985140830    
  0.468750000000E-01  0.316628198186E-02  0.375082034140     -0.823327876107E-18   1.99895026669      0.750164068279      0.625577285677E-01  0.625577285677E-01  0.249966577004    
  0.625000000000E-01  0.316627808653E-02  0.375145855237     -0.195043224406E-17   1.99813433749      0.750291710473      0.626026243378E-01  0.626026243378E-01  0.249940606561    
  0.781250000000E-01  0.316627307693E-02  0.375227932481     -0.758961289066E-18   1.99708596658      0.750455864962      0.626603420464E-01  0.626603420464E-01  0.249907248388    
  0.937500000000E-01  0.316626695208E-02  0.375328282021     -0.848069298323E-18   1.99580566364      0.750656564042      0.627308776421E-01  0.627308776421E-01  0.249866526737    
  0.109375000000      0.316625971077E-02  0.375446923579     -0.937735367507E-18   1.99429405059      0.750893847158      0.628142261923E-01  0.628142261923E-01  0.249818471194    
  0.125000000000      0.316625135159E-02  0.375583880442     -0.105645566039E-17   1.99255186084      0.751167760883      0.629103818941E-01  0.629103818941E-01  0.249763116653    
  0.140625000000      0.316624187289E-02  0.375739179451     -0.103932427226E-17   1.99057993864      0.751478358902      0.630193380878E-01  0.630193380878E-01  0.249700503275    
  0.156250000000      0.316623127282E-02  0.375912850992     -0.197933478780E-17   1.98837923812      0.751825701983      0.631410872721E-01  0.631410872721E-01  0.249630676447    
  0.171875000000      0.316621954931E-02  0.376104928978     -0.154554111252E-17   1.98595082234      0.752209857957      0.632756211211E-01  0.632756211211E-01  0.249553686736    
  0.187500000000      0.316620670008E-02  0.376315450841     -0.146954849108E-17   1.98329586222      0.752630901682      0.634229305038E-01  0.634229305038E-01  0.249469589833    
  0.203125000000      0.316619272262E-02  0.376544457508     -0.141702918864E-17   1.98041563529      0.753088915015      0.635830055046E-01  0.635830055046E-01  0.249378446498    
  0.218750000000      0.316617761423E-02  0.376791993387     -0.122323414504E-17   1.97731152442      0.753583986774      0.637558354464E-01  0.637558354464E-01  0.249280322494    
  0.234375000000      0.316616137198E-02  0.377058106351     -0.168224271335E-17   1.97398501640      0.754116212702      0.639414089154E-01  0.639414089154E-01  0.249175288520    
  0.250000000000      0.316614399275E-02  0.377342847712     -0.117833039977E-17   1.97043770042      0.754685695423      0.641397137868E-01  0.641397137868E-01  0.249063420138    
  0.265625000000      0.316612547319E-02  0.377646272202     -0.104660731205E-17   1.96667126646      0.755292544403      0.643507372537E-01  0.643507372537E-01  0.248944797694    
  0.281250000000      0.316610580975E-02  0.377968437950     -0.171983088708E-17   1.96268750360      0.755936875900      0.645744658562E-01  0.645744658562E-01  0.248819506238    
  0.296875000000      0.316608499868E-02  0.378309406459     -0.125687104279E-17   1.95848829817      0.756618812918      0.648108855129E-01  0.648108855129E-01  0.248687635433    
  0.312500000000      0.316606303603E-02  0.378669242577     -0.849899562671E-18   1.95407563193      0.757338485155      0.650599815538E-01  0.650599815538E-01  0.248549279470    
  0.328125000000      0.316603991763E-02  0.379048014475     -0.109480719516E-17   1.94945158004      0.758096028950      0.653217387545E-01  0.653217387545E-01  0.248404536966    
  0.343750000000      0.316601563912E-02  0.379445793614     -0.593224032953E-18   1.94461830904      0.758891587227      0.655961413722E-01  0.655961413722E-01  0.248253510869    
  0.359375000000      0.316599019593E-02  0.379862654721     -0.330211992446E-18   1.93957807463      0.759725309441      0.658831731824E-01  0.658831731824E-01  0.248096308356    
  0.375000000000      0.316596358332E-02  0.380298675757     -0.754285831703E-18   1.93433321957      0.760597351514      0.661828175176E-01  0.661828175176E-01  0.247933040722    
  0.390625000000      0.316593579633E-02  0.380753937887     -0.597743870110E-18   1.92888617130      0.761507875775      0.664950573067E-01  0.664950573067E-01  0.247763823274    
  0.406250000000      0.316590682980E-02  0.381228525449     -0.688944335215E-18   1.92323943961      0.762457050899      0.668198751156E-01  0.668198751156E-01  0.247588775218    
  0.421875000000      0.316587667840E-02  0.381722525920     -0.112373681930E-17   1.91739561420      0.763445051839      0.671572531896E-01  0.671572531896E-01  0.247408019540    
  0.437500000000      0.316584533661E-02  0.382236029881     -0.127284827334E-17   1.91135736223      0.764472059763      0.675071734954E-01  0.675071734954E-01  0.247221682891    
  0.453125000000      0.316581279870E-02  0.382769130991     -0.136216070311E-17   1.90512742572      0.765538261982      0.678696177654E-01  0.678696177654E-01  0.247029895460    
  0.468750000000      0.316577905877E-02  0.383321925942     -0.128759474652E-17   1.89870861901      0.766643851885      0.682445675419E-01  0.682445675419E-01  0.246832790858    
  0.484375000000      0.316574411075E-02  0.383894514431     -0.170320079398E-17   1.89210382606      0.767789028863      0.686320042227E-01  0.686320042227E-01  0.246630505986    
  0.500000000000      0.316570794835E-02  0.384486999121     -0.204322991476E-17   1.88531599780      0.768973998243      0.690319091070E-01  0.690319091070E-01  0.246423180907    
  0.515625000000      0.316567056514E-02  0.385099485605     -0.130288019426E-17   1.87834814934      0.770198971211      0.694442634418E-01  0.694442634418E-01  0.246210958722    
  0.531250000000      0.316563195450E-02  0.385732082369     -0.102581258003E-17   1.87120335730      0.771464164738      0.698690484696E-01  0.698690484696E-01  0.245993985430    
  0.546875000000      0.316559210963E-02  0.386384900755     -0.653577972347E-18   1.86388475688      0.772769801510      0.703062454753E-01  0.703062454753E-01  0.245772409804    
  0.562500000000      0.316555102356E-02  0.387058054922     -0.407753663158E-18   1.85639553910      0.774116109844      0.707558358349E-01  0.707558358349E-01  0.245546383252    
  0.578125000000      0.316550868915E-02  0.387751661810     -0.107868908768E-17   1.84873894794      0.775503323619      0.712178010632E-01  0.712178010632E-01  0.245316059683    
  0.593750000000      0.316546509911E-02  0.388465841098     -0.993253651992E-18   1.84091827744      0.776931682196      0.716921228624E-01  0.716921228624E-01  0.245081595373    
  0.609375000000      0.316542024595E-02  0.389200715170     -0.107706028671E-17   1.83293686882      0.778401430340      0.721787831709E-01  0.721787831709E-01  0.244843148828    
  0.625000000000      0.316537412206E-02  0.389956409071     -0.134578662560E-17   1.82479810756      0.779912818143      0.726777642116E-01  0.726777642116E-01  0.244600880648    
  0.640625000000      0.316532671963E-02  0.390733050472     -0.105848083214E-17   1.81650542050      0.781466100944      0.731890485408E-01  0.731890485408E-01  0.244354953390    
  0.656250000000      0.316527803072E-02  0.391530769626     -0.994092674022E-18   1.80806227290      0.783061539253      0.737126190966E-01  0.737126190966E-01  0.244105531433    
  0.671875000000      0.316522804721E-02  0.392349699334     -0.127611002324E-17   1.79947216557      0.784699398668      0.742484592470E-01  0.742484592470E-01  0.243852780840    
  0.687500000000      0.316517676086E-02  0.393189974901     -0.123281176183E-17   1.79073863182      0.786379949801      0.747965528383E-01  0.747965528383E-01  0.243596869224    
  0.703125000000      0.316512416326E-02  0.394051734097     -0.161988753881E-17   1.78186523475      0.788103468194      0.753568842425E-01  0.753568842425E-01  0.243337965612    
  0.718750000000      0.316507024584E-02  0.394935117121     -0.152803246682E-17   1.77285556420      0.789870234243      0.759294384045E-01  0.759294384045E-01  0.243076240312    
  0.734375000000      0.316501499990E-02  0.395840266557     -0.378469691985E-18   1.76371323392      0.791680533114      0.765142008893E-01  0.765142008893E-01  0.242811864778    
  0.750000000000      0.316495841660E-02  0.396767327335     -0.113501699481E-17   1.75444187870      0.793534654670      0.771111579279E-01  0.771111579279E-01  0.242545011479    
  0.765625000000      0.316490048695E-02  0.397716446694     -0.929483277695E-18   1.74504515155      0.795432893388      0.777202964626E-01  0.777202964626E-01  0.242275853769    
  0.781250000000      0.316484120183E-02  0.398687774139      0.577683064031E-19   1.73552672085      0.797375548279      0.783416041928E-01  0.783416041928E-01  0.242004565754    
  0.796875000000      0.316478055197E-02  0.399681461405     -0.371474060061E-18   1.72589026758      0.799362922811      0.789750696180E-01  0.789750696180E-01  0.241731322169    
  0.812500000000      0.316471852798E-02  0.400697662415     -0.113687609931E-17   1.71613948253      0.801395324830      0.796206820818E-01  0.796206820818E-01  0.241456298251    
  0.828125000000      0.316465512034E-02  0.401736533240     -0.105143148758E-17   1.70627806365      0.803473066480      0.802784318142E-01  0.802784318142E-01  0.241179669611    
  0.843750000000      0.316459031939E-02  0.402798232063     -0.148619901593E-18   1.69630971330      0.805596464126      0.809483099727E-01  0.809483099727E-01  0.240901612117    
  0.859375000000      0.316452411534E-02  0.403882919137     -0.592627885211E-18   1.68623813561      0.807765838274      0.816303086829E-01  0.816303086829E-01  0.240622301771    
  0.875000000000      0.316445649830E-02  0.404990756747     -0.500146091010E-18   1.67606703394      0.809981513495      0.823244210779E-01  0.823244210779E-01  0.240341914591    
  0.890625000000      0.316438745823E-02  0.406121909172     -0.849400487252E-18   1.66580010828      0.812243818345      0.830306413364E-01  0.830306413364E-01  0.240060626500    
  0.906250000000      0.316431698500E-02  0.407276542644     -0.568055547040E-18   1.65544105274      0.814553085289      0.837489647195E-01  0.837489647195E-01  0.239778613205    
  0.921875000000      0.316424506833E-02  0.408454825311     -0.475854047198E-18   1.64499355311      0.816909650621      0.844793876068E-01  0.844793876068E-01  0.239496050097    
  0.937500000000      0.316417169786E-02  0.409656927196     -0.954883396917E-18   1.63446128451      0.819313854392      0.852219075310E-01  0.852219075310E-01  0.239213112134    
  0.953125000000      0.316409686308E-02  0.410883020162     -0.103598152350E-17   1.62384790891      0.821766040325      0.859765232104E-01  0.859765232104E-01  0.238929973742    
  0.968750000000      0.316402055341E-02  0.412133277872     -0.737580971659E-18   1.61315707293      0.824266555744      0.867432345814E-01  0.867432345814E-01  0.238646808709    
  0.984375000000      0.316394275812E-02  0.413407875747     -0.558538676697E-18   1.60239240567      0.826815751494      0.875220428285E-01  0.875220428285E-01  0.238363790090    
   1.00000000000      0.316386346643E-02  0.414706990933     -0.105151010390E-17   1.59155751637      0.829413981865      0.883129504136E-01  0.883129504136E-01  0.238081090105    
   1.01562500000      0.316378266739E-02  0.416030802258     -0.116610879407E-17   1.58065599244      0.832061604516      0.891159611029E-01  0.891159611029E-01  0.237798880052    
   1.03125000000      0.316370035002E-02  0.417379490198     -0.961425021502E-18   1.56969139741      0.834758980395      0.899310799935E-01  0.899310799935E-01  0.237517330211    
   1.04687500000      0.316361650317E-02  0.418753236832     -0.309006173769E-18   1.55866726887      0.837506473665      0.907583135373E-01  0.907583135373E-01  0.237236609758    
   1.06250000000      0.316353111566E-02  0.420152225811     -0.480565706592E-18   1.54758711652      0.840304451623      0.915976695641E-01  0.915976695641E-01  0.236956886683    
   1.07812500000      0.316344417618E-02  0.421576642314     -0.688393460595E-18   1.53645442058      0.843153284628      0.924491573028E-01  0.924491573028E-01  0.236678327708    
   1.09375000000      0.316335567333E-02  0.423026673009     -0.147653662750E-17   1.52527262965      0.846053346017      0.933127874013E-01  0.933127874013E-01  0.236401098206    
   1.10937500000      0.316326559563E-02  0.424502506017     -0.741970718071E-18   1.51404515919      0.849005012033      0.941885719441E-01  0.941885719441E-01  0.236125362129    
   1.12500000000      0.316317393152E-02  0.426004330872     -0.845790127135E-18   1.50277538991      0.852008661744      0.950765244688E-01  0.950765244688E-01  0.235851281934    
   1.14062500000      0.316308066933E-02  0.427532338481     -0.322552746798E-18   1.49146666609      0.855064676961      0.959766599811E-01  0.959766599811E-01  0.235579018518    
   1.15625000000      0.316298579735E-02  0.429086721083     -0.100579219174E-17   1.48012229407      0.858173442166      0.968889949677E-01  0.968889949677E-01  0.235308731148    
   1.17187500000      0.316288930375E-02  0.430667672214     -0.689372557792E-18   1.46874554084      0.861335344428      0.978135474077E-01  0.978135474077E-01  0.235040577399    
   1.18750000000      0.316279117664E-02  0.432275386662     -0.609558235701E-18   1.45733963279      0.864550773323      0.987503367821E-01  0.987503367821E-01  0.234774713097    
   1.20312500000      0.316269140408E-02  0.433910060428     -0.129066650459E-17   1.44590775415      0.867820120855      0.996993840825E-01  0.996993840825E-01  0.234511292263    
   1.21875000000      0.316258997401E-02  0.435571890687     -0.100817850366E-17   1.43445304602      0.871143781374      0.100660711817      0.100660711817      0.234250467053    
   1.23437500000      0.316248687433E-02  0.437261075747     -0.964231407050E-18   1.42297860503      0.874522151494      0.101634344015      0.101634344015      0.233992387717    
   1.25000000000      0.316238209288E-02  0.438977815005     -0.755503460062E-18   1.41148748228      0.877955630010      0.102620306230      0.102620306230      0.233737202546    
   1.26562500000      0.316227561742E-02  0.440722308910     -0.933026502174E-18   1.40006243770      0.881444617819      0.103618625542      0.103618625542      0.233485057825    
   1.28125000000      0.316216743566E-02  0.442494758915     -0.114686697218E-17   1.38896463658      0.884989517830      0.104629330557      0.104629330557      0.233236097800    
   1.29687500000      0.316205753524E-02  0.444295367441     -0.156096584677E-17   1.37820041701      0.888590734882      0.105652451405      0.105652451405      0.232990464631    
   1.31250000000      0.316194590374E-02  0.446124337830     -0.126790466620E-17   1.36775631475      0.892248675660      0.106688019736      0.106688019736      0.232748298359    
   1.32812500000      0.316183252871E-02  0.447981874304     -0.112845442048E-17   1.35762866907      0.895963748607      0.107736068715      0.107736068715      0.232509736873    
   1.34375000000      0.316171739763E-02  0.449868181920     -0.964354515650E-18   1.34875275547      0.899736363840      0.108796633020      0.108796633020      0.232274915879    
   1.35937500000      0.316160049794E-02  0.451783466528     -0.416546668720E-18   1.34257221998      0.903566933056      0.109869748827      0.109869748827      0.232043968874    
   1.37500000000      0.316148181702E-02  0.453727934727     -0.487850608428E-18   1.33815574190      0.907455869453      0.110955453805      0.110955453805      0.231817027116    
   1.39062500000      0.316136134222E-02  0.455701793816     -0.278471564200E-18   1.33510359793      0.911403587633      0.112053787105      0.112053787105      0.231594219606    
   1.40625000000      0.316123906085E-02  0.457705251758     -0.143968595347E-18   1.33322962456      0.915410503515      0.113164789348      0.113164789348      0.231375673063    
   1.42187500000      0.316111496018E-02  0.459738517124     -0.243786684645E-18   1.33237433565      0.919477034248      0.114288502607      0.114288502607      0.231161511909    
   1.43750000000      0.316098902744E-02  0.461801799058     -0.141955451989E-18   1.34171379513      0.923603598116      0.115424970401      0.115424970401      0.230951858255    
   1.45312500000      0.316086124984E-02  0.463895307223      0.195498366502E-18   1.35185959326      0.927790614447      0.116574237671      0.116574237671      0.230746831882    
   1.46875000000      0.316073161456E-02  0.466019251763      0.458738947684E-18   1.36229004330      0.932038503525      0.117736350765      0.117736350765      0.230546550233    
   1.48437500000      0.316060010873E-02  0.468173843248      0.704094475723E-18   1.37286956404      0.936347686496      0.118911357421      0.118911357421      0.230351128407    
   1.50000000000      0.316046671948E-02  0.470359292637      0.361271770096E-18   1.38361005140      0.940718585275      0.120099306747      0.120099306747      0.230160679143    
   1.51562500000      0.316033143392E-02  0.472575811227      0.435154518263E-18   1.39450256197      0.945151622455      0.121300249201      0.121300249201      0.229975312826    
   1.53125000000      0.316019423914E-02  0.474823610608      0.611454666382E-18   1.40553050824      0.949647221216      0.122514236566      0.122514236566      0.229795137476    
   1.54687500000      0.316005512219E-02  0.477102902617      0.719125040868E-18   1.41679523350      0.954205805233      0.123741321934      0.123741321934      0.229620258748    
   1.56250000000      0.315991407015E-02  0.479413899292      0.122468503313E-17   1.42816513693      0.958827798583      0.124981559677      0.124981559677      0.229450779938    
   1.57812500000      0.315977107005E-02  0.481756812828      0.105108200238E-17   1.43983117162      0.963513625656      0.126235005425      0.126235005425      0.229286801979    
   1.59375000000      0.315962610895E-02  0.484131855532      0.984424884377E-18   1.45150330140      0.968263711065      0.127501716042      0.127501716042      0.229128423447    
   1.60937500000      0.315947917388E-02  0.486539239777      0.138708621686E-17   1.46351327038      0.973078479555      0.128781749603      0.128781749603      0.228975740572    
   1.62500000000      0.315933025187E-02  0.488979177959      0.112704323692E-17   1.47552008416      0.977958355918      0.130075165361      0.130075165361      0.228828847237    
   1.64062500000      0.315917932996E-02  0.491451882453      0.100657762339E-17   1.48786151800      0.982903764906      0.131382023729      0.131382023729      0.228687834995    
   1.65625000000      0.315902639520E-02  0.493957565572      0.740504143308E-18   1.50023833366      0.987915131143      0.132702386248      0.132702386248      0.228552793075    
   1.67187500000      0.315887143463E-02  0.496496439524      0.635580084723E-18   1.51295020723      0.992992879047      0.134036315563      0.134036315563      0.228423808398    
   1.68750000000      0.315871443531E-02  0.499068716372      0.764057434935E-18   1.52574821058      0.998137432745      0.135383875393      0.135383875393      0.228300965586    
   1.70312500000      0.315855538431E-02  0.501674607998      0.806812365464E-18   1.53879907596       1.00334921600      0.136745130508      0.136745130508      0.228184346982    
   1.71875000000      0.315839426870E-02  0.504314326057      0.425035062623E-18   1.55196550199       1.00862865211      0.138120146696      0.138120146696      0.228074032664    
   1.73437500000      0.315823107559E-02  0.506988081950     -0.142599824942E-19   1.56536547904       1.01397616390      0.139508990742      0.139508990742      0.227970100466    
   1.75000000000      0.315806579209E-02  0.509696086782     -0.479376695984E-19   1.57890959651       1.01939217356      0.140911730395      0.140911730395      0.227872625992    
   1.76562500000      0.315789840534E-02  0.512438551335      0.218584214879E-18   1.59266888372       1.02487710267      0.142328434346      0.142328434346      0.227781682642    
   1.78125000000      0.315772890249E-02  0.515215686030      0.307990732710E-18   1.60659959370       1.03043137206      0.143759172199      0.143759172199      0.227697341632    
   1.79687500000      0.315755727072E-02  0.518027700905     -0.171239096474E-18   1.62072843152       1.03605540181      0.145204014444      0.145204014444      0.227619672017    
   1.81250000000      0.315738349724E-02  0.520874805583     -0.133541330216E-18   1.63505398213       1.04174961117      0.146663032433      0.146663032433      0.227548740717    
   1.82812500000      0.315720756928E-02  0.523757209251      0.548549892990E-18   1.64956261223       1.04751441850      0.148136298356      0.148136298356      0.227484612540    
   1.84375000000      0.315702947411E-02  0.526675120638      0.582749807563E-18   1.66429023816       1.05335024128      0.149623885212      0.149623885212      0.227427350214    
   1.85937500000      0.315684919900E-02  0.529628747992      0.761205407356E-18   1.67918885829       1.05925749598      0.151125866792      0.151125866792      0.227377014409    
   1.87500000000      0.315666673128E-02  0.532618299072      0.672619838317E-18   1.69432432885       1.06523659814      0.152642317650      0.152642317650      0.227333663772    
   1.89062500000      0.315648205830E-02  0.535643981127      0.965952692456E-18   1.70962304561       1.07128796225      0.154173313086      0.154173313086      0.227297354955    
   1.90625000000      0.315629516745E-02  0.538706000892      0.941783047838E-18   1.72517010107       1.07741200178      0.155718929123      0.155718929123      0.227268142647    
   1.92187500000      0.315610604613E-02  0.541804564580      0.114188492247E-17   1.74087888188       1.08360912916      0.157279242486      0.157279242486      0.227246079607    
   1.93750000000      0.315591468179E-02  0.544939877879      0.750537200816E-18   1.75683853440       1.08987975576      0.158854330589      0.158854330589      0.227231216700    
   1.95312500000      0.315572106191E-02  0.548112145955      0.940232717136E-18   1.77296716218       1.09622429191      0.160444271513      0.160444271513      0.227223602929    
   1.96875000000      0.315552517400E-02  0.551321573458      0.122875028550E-17   1.78933682944       1.10264314692      0.162049143991      0.162049143991      0.227223285476    
   1.98437500000      0.315532700560E-02  0.554568364528      0.132514526455E-17   1.80589486431       1.10913672906      0.163669027397      0.163669027397      0.227230309735    
   2.00000000000      0.315512654428E-02  0.557852722814      0.150918305519E-17   1.82266729844       1.11570544563      0.165304001730      0.165304001730      0.227244719353    
   2.01562500000      0.315492377763E-02  0.561174851489      0.144177583008E-17   1.83966405147       1.12234970298      0.166954147608      0.166954147608      0.227266556272    
   2.03125000000      0.315471869330E-02  0.564534953275      0.202041844864E-17   1.85700078905       1.12906990655      0.168619546254      0.168619546254      0.227295860767    
   2.04687500000      0.315451127891E-02  0.567933230472      0.189406418752E-17   1.87450877798       1.13586646094      0.170300279491      0.170300279491      0.227332671489    
   2.06250000000      0.315430152217E-02  0.571369884988      0.205119489715E-17   1.89227651943       1.14273976998      0.171996429738      0.171996429738      0.227377025511    
   2.07812500000      0.315408941075E-02  0.574845118379      0.244168470486E-17   1.91025276131       1.14969023676      0.173708080005      0.173708080005      0.227428958369    
   2.09375000000      0.315387493239E-02  0.578359131894      0.258456039213E-17   1.92842828914       1.15671826379      0.175435313893      0.175435313893      0.227488504109    
   2.10937500000      0.315365807481E-02  0.581912126523      0.252199035207E-17   1.94688139546       1.16382425305      0.177178215594      0.177178215594      0.227555695336    
   2.12500000000      0.315343882575E-02  0.585504303051      0.219800561285E-17   1.96543518232       1.17100860610      0.178936869896      0.178936869896      0.227630563260    
   2.14062500000      0.315321717297E-02  0.589135862117      0.243055365870E-17   1.98437336039       1.17827172423      0.180711362186      0.180711362186      0.227713137745    
   2.15625000000      0.315299310424E-02  0.592807004287      0.235464342865E-17   2.00344483520       1.18561400857      0.182501778463      0.182501778463      0.227803447361    
   2.17187500000      0.315276660730E-02  0.596517930116      0.248269368663E-17   2.02299803959       1.19303586023      0.184308205341      0.184308205341      0.227901519434    
   2.18750000000      0.315253766991E-02  0.600268840235      0.250646676225E-17   2.04262758913       1.20053768047      0.186130730066      0.186130730066      0.228007380102    
   2.20312500000      0.315230627982E-02  0.604059935432      0.265560696709E-17   2.06269555558       1.20811987086      0.187969440534      0.187969440534      0.228121054363    
   2.21875000000      0.315207242476E-02  0.607891416742      0.274129860804E-17   2.08264563518       1.21578283348      0.189824425303      0.189824425303      0.228242566136    
   2.23437500000      0.315183609244E-02  0.611763485546      0.235785192096E-17   2.10323507781       1.22352697109      0.191695773616      0.191695773616      0.228371938313    
   2.25000000000      0.315159727053E-02  0.615676343674      0.269314968274E-17   2.12364481286       1.23135268735      0.193583575426      0.193583575426      0.228509192821    
   2.26562500000      0.315135594669E-02  0.619630193515      0.233714471677E-17   2.14494232066       1.23926038703      0.195487921420      0.195487921420      0.228654350675    
   2.28125000000      0.315111210851E-02  0.623625238134      0.278209471665E-17   2.16602486036       1.24725047627      0.197408903045      0.197408903045      0.228807432044    
   2.29687500000      0.315086574357E-02  0.627661681395      0.275315551056E-17   2.18782695708       1.25532336279      0.199346612545      0.199346612545      0.228968456305    
   2.31250000000      0.315061683935E-02  0.631739728094      0.265521476693E-17   2.20942900427       1.26347945619      0.201301142991      0.201301142991      0.229137442112    
   2.32812500000      0.315036538329E-02  0.635859584093      0.295690989573E-17   2.23144280994       1.27171916819      0.203272588319      0.203272588319      0.229314407456    
   2.34375000000      0.315011136276E-02  0.640021456465      0.331695337509E-17   2.25379843649       1.28004291293      0.205261043368      0.205261043368      0.229499369728    
   2.35937500000      0.314985476503E-02  0.644225553645      0.330453423056E-17   2.27673729216       1.28845110729      0.207266603927      0.207266603927      0.229692345791    
   2.37500000000      0.314959557729E-02  0.648472085588      0.354091446737E-17   2.29968238155       1.29694417118      0.209289366774      0.209289366774      0.229893352041    
   2.39062500000      0.314933378662E-02  0.652761263934      0.308330619943E-17   2.32272985534       1.30552252787      0.211329429729      0.211329429729      0.230102404475    
   2.40625000000      0.314906937999E-02  0.657093302178      0.341448689392E-17   2.34621669603       1.31418660436      0.213386891705      0.213386891705      0.230319518769    
   2.42187500000      0.314880234424E-02  0.661468415852      0.352149195494E-17   2.37021937575       1.32293683170      0.215461852757      0.215461852757      0.230544710338    
   2.43750000000      0.314853266608E-02  0.665886822707      0.390618197949E-17   2.39461725584       1.33177364541      0.217554414145      0.217554414145      0.230777994418    
   2.45312500000      0.314826033209E-02  0.670348742908      0.345803996623E-17   2.41869211089       1.34069748582      0.219664678388      0.219664678388      0.231019386132    
   2.46875000000      0.314798532865E-02  0.674854399232      0.355512191275E-17   2.44356890268       1.34970879846      0.221792749331      0.221792749331      0.231268900570    
   2.48437500000      0.314770764200E-02  0.679404017278      0.378363731176E-17   2.46850317209       1.35880803456      0.223938732206      0.223938732206      0.231526552866    
   2.50000000000      0.314742725818E-02  0.683997825674      0.367680001939E-17   2.49445752503       1.36799565135      0.226102733702      0.226102733702      0.231792358270    
   2.51562500000      0.314714416305E-02  0.688636056304      0.417557280475E-17   2.52006529951       1.37727211261      0.228284862034      0.228284862034      0.232066332237    
   2.53125000000      0.314685834224E-02  0.693318944532      0.391491864676E-17   2.54580294622       1.38663788906      0.230485227017      0.230485227017      0.232348490498    
   2.54687500000      0.314656978115E-02  0.698046729437      0.415955124630E-17   2.57251405193       1.39609345887      0.232703940143      0.232703940143      0.232638849151    
   2.56250000000      0.314627846494E-02  0.702819654054      0.424497712069E-17   2.59936106565       1.40563930811      0.234941114656      0.234941114656      0.232937424742    
   2.57812500000      0.314598437854E-02  0.707637965620      0.467349690025E-17   2.62661550266       1.41527593124      0.237196865635      0.237196865635      0.233244234351    
   2.59375000000      0.314568750658E-02  0.712501915833      0.475340150429E-17   2.65345656107       1.42500383167      0.239471310076      0.239471310076      0.233559295681    
   2.60937500000      0.314538783341E-02  0.717411761109      0.443908256254E-17   2.68193005252       1.43482352222      0.241764566980      0.241764566980      0.233882627149    
   2.62500000000      0.314508534307E-02  0.722367762850      0.464799510429E-17   2.70998473768       1.44473552570      0.244076757437      0.244076757437      0.234214247976    
   2.64062500000      0.314478001928E-02  0.727370187722      0.482261670083E-17   2.73839475209       1.45474037544      0.246408004718      0.246408004718      0.234554178285    
   2.65625000000      0.314447184544E-02  0.732419307935      0.504593154569E-17   2.76713111515       1.46483861587      0.248758434370      0.248758434370      0.234902439195    
   2.67187500000      0.314416080457E-02  0.737515401527      0.480848732577E-17   2.79680203426       1.47503080305      0.251128174305      0.251128174305      0.235259052918    
   2.68750000000      0.314384687933E-02  0.742658752664      0.439930780837E-17   2.82669193969       1.48531750533      0.253517354898      0.253517354898      0.235624042867    
   2.70312500000      0.314353005198E-02  0.747849651936      0.510126811966E-17   2.85606773925       1.49569930387      0.255926109090      0.255926109090      0.235997433756    
   2.71875000000      0.314321030437E-02  0.753088396668      0.494120574332E-17   2.88712253073       1.50617679334      0.258354572481      0.258354572481      0.236379251706    
   2.73437500000      0.314288761794E-02  0.758375291228      0.507327739342E-17   2.91799501969       1.51675058246      0.260802883435      0.260802883435      0.236769524359    
   2.75000000000      0.314256197364E-02  0.763710647355      0.509334646180E-17   2.94884228557       1.52742129471      0.263271183183      0.263271183183      0.237168280988    
   2.76562500000      0.314223335199E-02  0.769094784476      0.501706027006E-17   2.98056369778       1.53818956895      0.265759615929      0.265759615929      0.237575552619    
   2.78125000000      0.314190173300E-02  0.774528030046      0.554332265765E-17   3.01278095406       1.54905606009      0.268268328951      0.268268328951      0.237991372143    
   2.79687500000      0.314156709616E-02  0.780010719881      0.604799317862E-17   3.04568727685       1.56002143976      0.270797472716      0.270797472716      0.238415774448    
   2.81250000000      0.314122942047E-02  0.785543198506      0.643682396648E-17   3.07798455805       1.57108639701      0.273347200981      0.273347200981      0.238848796544    
   2.82812500000      0.314088868432E-02  0.791125819507      0.636274543579E-17   3.11197889079       1.58225163901      0.275917670906      0.275917670906      0.239290477694    
   2.84375000000      0.314054486557E-02  0.796758945884      0.608779119568E-17   3.14608856110       1.59351789177      0.278509043164      0.278509043164      0.239740859555    
   2.85937500000      0.314019794146E-02  0.802442950418      0.654317291699E-17   3.17956522627       1.60488590084      0.281121482051      0.281121482051      0.240199986317    
   2.87500000000      0.313984788863E-02  0.808178216041      0.683064029608E-17   3.21485081576       1.61635643208      0.283755155595      0.283755155595      0.240667904851    
   2.89062500000      0.313949468305E-02  0.813965136207      0.729923960223E-17   3.25032233000       1.62793027241      0.286410235675      0.286410235675      0.241144664858    
   2.90625000000      0.313913830005E-02  0.819804115281      0.706475177985E-17   3.28527315532       1.63960823056      0.289086898123      0.289086898123      0.241630319035    
   2.92187500000      0.313877871426E-02  0.825695568920      0.671197416500E-17   3.32165767474       1.65139113784      0.291785322845      0.291785322845      0.242124923231    
   2.93750000000      0.313841589958E-02  0.831639924473      0.644815377045E-17   3.35867271762       1.66327984895      0.294505693926      0.294505693926      0.242628536620    
   2.95312500000      0.313804982921E-02  0.837637621379      0.648404880959E-17   3.39599035181       1.67527524276      0.297248199749      0.297248199749      0.243141221881    
   2.96875000000      0.313768047556E-02  0.843689111576      0.660738190425E-17   3.43305585207       1.68737822315      0.300013033098      0.300013033098      0.243663045380    
   2.98437500000      0.313730781026E-02  0.849794859910      0.686869197909E-17   3.47169679654       1.69958971982      0.302800391275      0.302800391275      0.244194077360    
   3.00000000000      0.313693180411E-02  0.855955344560      0.660004556479E-17   3.51118206518       1.71191068912      0.305610476208      0.305610476208      0.244734392144    
   3.01562500000      0.313655242711E-02  0.862171057463      0.621605012987E-17   3.54989619207       1.72434211493      0.308443494561      0.308443494561      0.245284068341    
   3.03125000000      0.313616964834E-02  0.868442504744      0.707420598523E-17   3.58977085103       1.73688500949      0.311299657841      0.311299657841      0.245843189063    
   3.04687500000      0.313578343603E-02  0.874770207159      0.641872649364E-17   3.63115378572       1.74954041432      0.314179182505      0.314179182505      0.246411842150    
   3.06250000000      0.313539375748E-02  0.881154700541      0.629726087659E-17   3.67175107163       1.76230940108      0.317082290067      0.317082290067      0.246990120408    
   3.07812500000      0.313500057903E-02  0.887596536252      0.644227012312E-17   3.71265788987       1.77519307250      0.320009207200      0.320009207200      0.247578121852    
   3.09375000000      0.313460386605E-02  0.894096281643      0.585159209303E-17   3.75619852996       1.78819256329      0.322960165842      0.322960165842      0.248175949959    
   3.10937500000      0.313420358292E-02  0.900654520522      0.591137222001E-17   3.79894675230       1.80130904104      0.325935403291      0.325935403291      0.248783713941    
   3.12500000000      0.313379969296E-02  0.907271853631      0.590481478280E-17   3.84083471679       1.81454370726      0.328935162306      0.328935162306      0.249401529019    
   3.14062500000      0.313339215844E-02  0.913948899122      0.574676127112E-17   3.88657977348       1.82789779824      0.331959691205      0.331959691205      0.250029516712    
   3.15625000000      0.313298094055E-02  0.920686293052      0.586871505569E-17   3.93178300123       1.84137258610      0.335009243956      0.335009243956      0.250667805141    
   3.17187500000      0.313256599933E-02  0.927484689879      0.636024431433E-17   3.97612684544       1.85496937976      0.338084080268      0.338084080268      0.251316529342    
   3.18750000000      0.313214729370E-02  0.934344762962      0.692967294034E-17   4.02250698980       1.86868952592      0.341184465683      0.341184465683      0.251975831596    
   3.20312500000      0.313172478136E-02  0.941267205079      0.673876695785E-17   4.07050837219       1.88253441016      0.344310671656      0.344310671656      0.252645861767    
   3.21875000000      0.313129841882E-02  0.948252728944      0.668419937254E-17   4.11766247378       1.89650545789      0.347462975642      0.347462975642      0.253326777660    
   3.23437500000      0.313086816132E-02  0.955302067736      0.649226472495E-17   4.16410095425       1.91060413547      0.350641661175      0.350641661175      0.254018745386    
   3.25000000000      0.313043396284E-02  0.962415975637      0.622217661970E-17   4.21528487232       1.92483195127      0.353847017943      0.353847017943      0.254721939752    
   3.26562500000      0.312999577603E-02  0.969595228372      0.615470623641E-17   4.26564699758       1.93919045674      0.357079341859      0.357079341859      0.255436544654    
   3.28125000000      0.312955355219E-02  0.976840623767      0.655222176529E-17   4.31511469776       1.95368124753      0.360338935137      0.360338935137      0.256162753493    
   3.29687500000      0.312910724124E-02  0.984152982305      0.611141482695E-17   4.36613797902       1.96830596461      0.363626106350      0.363626106350      0.256900769606    
   3.31250000000      0.312865679169E-02  0.991533147699      0.632133906615E-17   4.42015052107       1.98306629540      0.366941170497      0.366941170497      0.257650806706    
   3.32812500000      0.312820215059E-02  0.998981987464      0.615026271427E-17   4.47330853826       1.99796397493      0.370284449059      0.370284449059      0.258413089345    
   3.34375000000      0.312774326350E-02   1.00650039351      0.627514299208E-17   4.52553822743       2.01300078701      0.373656270058      0.373656270058      0.259187853390    
   3.35937500000      0.312728007446E-02   1.01408928272      0.611786623520E-17   4.58103570352       2.02817856543      0.377056968101      0.377056968101      0.259975346513    
   3.37500000000      0.312681252595E-02   1.02174959756      0.627455220795E-17   4.63838894165       2.04349919512      0.380486884432      0.380486884432      0.260775828696    
   3.39062500000      0.312634055883E-02   1.02948230670      0.631103986327E-17   4.69487113000       2.05896461340      0.383946366974      0.383946366974      0.261589572753    
   3.40625000000      0.312586411237E-02   1.03728840560      0.584847106774E-17   4.75040755218       2.07457681120      0.387435770364      0.387435770364      0.262416864869    
   3.42187500000      0.312538312411E-02   1.04516891714      0.610910875087E-17   4.80995291643       2.09033783428      0.390955455998      0.390955455998      0.263258005145    
   3.43750000000      0.312489752993E-02   1.05312489226      0.616060726057E-17   4.87125697965       2.10624978453      0.394505792050      0.394505792050      0.264113308164    
   3.45312500000      0.312440726391E-02   1.06115741059      0.601980738936E-17   4.93169318628       2.12231482118      0.398087153509      0.398087153509      0.264983103570    
   3.46875000000      0.312391225839E-02   1.06926758105      0.603405068183E-17   4.99118605032       2.13853516210      0.401699922200      0.401699922200      0.265867736650    
   3.48437500000      0.312341244384E-02   1.07745654255      0.597988263727E-17   5.05387216945       2.15491308509      0.405344486804      0.405344486804      0.266767568937    
   3.50000000000      0.312290774889E-02   1.08572546457      0.512632633631E-17   5.11983909991       2.17145092913      0.409021242875      0.409021242875      0.267682978818    
   3.51562500000      0.312239810025E-02   1.09407554785      0.528497808345E-17   5.18496465914       2.18815109571      0.412730592853      0.412730592853      0.268614362148    
   3.53125000000      0.312188342269E-02   1.10250802503      0.470422570576E-17   5.24924581490       2.20501605006      0.416472946077      0.416472946077      0.269562132875    
   3.54687500000      0.312136363898E-02   1.11102416125      0.437942877902E-17   5.31398379027       2.22204832250      0.420248718793      0.420248718793      0.270526723665    
   3.56250000000      0.312083866989E-02   1.11962525484      0.466626268599E-17   5.38480937035       2.23925050968      0.424058334154      0.424058334154      0.271508586531    
   3.57812500000      0.312030843411E-02   1.12831263793      0.443035742468E-17   5.45606953726       2.25662527585      0.427902222232      0.427902222232      0.272508193464    
   3.59375000000      0.311977284822E-02   1.13708767708      0.421553527664E-17   5.52768397101       2.27417535415      0.431780820008      0.431780820008      0.273526037060    
   3.60937500000      0.311923182668E-02   1.14595177390      0.380622017707E-17   5.59865874306       2.29190354780      0.435694571381      0.435694571381      0.274562631137    
   3.62500000000      0.311868528177E-02   1.15490636568      0.418086826931E-17   5.66893537053       2.30981273136      0.439643927161      0.439643927161      0.275618511356    
   3.64062500000      0.311813312355E-02   1.16395292595      0.396541679057E-17   5.74537209914       2.32790585189      0.443629345066      0.443629345066      0.276694235815    
   3.65625000000      0.311757525983E-02   1.17309296508      0.347325916004E-17   5.82410811568       2.34618593016      0.447651289718      0.447651289718      0.277790385642    
   3.67187500000      0.311701159614E-02   1.18232803085      0.376864202302E-17   5.90232338926       2.36465606169      0.451710232644      0.451710232644      0.278907565559    
   3.68750000000      0.311644203571E-02   1.19165970896      0.364781659474E-17   5.97995828263       2.38331941792      0.455806652265      0.455806652265      0.280046404430    
   3.70312500000      0.311586647940E-02   1.20108962358      0.412267676357E-17   6.05751505977       2.40217924716      0.459941033901      0.459941033901      0.281207555777    
   3.71875000000      0.311528482569E-02   1.21061943780      0.380934071199E-17   6.13749980253       2.42123887560      0.464113869764      0.464113869764      0.282391698270    
   3.73437500000      0.311469697069E-02   1.22025085411      0.422318725895E-17   6.22286952130       2.44050170821      0.468325658964      0.468325658964      0.283599536179    
   3.75000000000      0.311410280805E-02   1.22998561480      0.428996713636E-17   6.30889818630       2.45997122959      0.472576907508      0.472576907508      0.284831799780    
   3.76562500000      0.311350222897E-02   1.23982550234      0.448207254914E-17   6.39510443686       2.47965100469      0.476868128308      0.476868128308      0.286089245728    
   3.78125000000      0.311289512219E-02   1.24977233974      0.430924008816E-17   6.48435901358       2.49954467949      0.481199841189      0.481199841189      0.287372657366    
   3.79687500000      0.311228137395E-02   1.25982799080      0.434819293528E-17   6.57343106578       2.51965598159      0.485572572904      0.485572572904      0.288682844988    
   3.81250000000      0.311166086800E-02   1.26999436034      0.496661343942E-17   6.66227778397       2.53998872068      0.489986857152      0.489986857152      0.290020646035    
   3.82812500000      0.311103348554E-02   1.28027339442      0.458917028142E-17   6.75196888007       2.56054678884      0.494443234596      0.494443234596      0.291386925231    
   3.84375000000      0.311039910528E-02   1.29066708043      0.416220637939E-17   6.84568653272       2.58133416087      0.498942252894      0.498942252894      0.292782574645    
   3.85937500000      0.310975760341E-02   1.30117744714      0.329415808189E-17   6.94206966635       2.60235489428      0.503484466732      0.503484466732      0.294208513673    
   3.87500000000      0.310910885355E-02   1.31180656467      0.313120317800E-17   7.04139529975       2.62361312933      0.508070437860      0.508070437860      0.295665688947    
   3.89062500000      0.310845272685E-02   1.32255654442      0.295004660425E-17   7.14062224658       2.64511308885      0.512700735135      0.512700735135      0.297155074154    
   3.90625000000      0.310778909193E-02   1.33342953891      0.213129227703E-17   7.24033129764       2.66685907782      0.517375934573      0.517375934573      0.298677669763    
   3.92187500000      0.310711781491E-02   1.34442774146      0.185491826109E-17   7.34549687012       2.68885548292      0.522096619400      0.522096619400      0.300234502662    
   3.93750000000      0.310643875945E-02   1.35555338592      0.205481848867E-17   7.45091723460       2.71110677185      0.526863380116      0.526863380116      0.301826625693    
   3.95312500000      0.310575178677E-02   1.36680874620      0.199850896516E-17   7.55655234058       2.73361749240      0.531676814555      0.531676814555      0.303455117090    
   3.96875000000      0.310505675567E-02   1.37819613572      0.233673668914E-17   7.66236003926       2.75639227144      0.536537527955      0.536537527955      0.305121079809    
   3.98437500000      0.310435352256E-02   1.38971790681      0.187570609917E-17   7.77208670700       2.77943581361      0.541446133027      0.541446133027      0.306825640752    
   4.00000000000      0.310364194155E-02   1.40137644995      0.147677646616E-17   7.88560275275       2.80275289990      0.546403250030      0.546403250030      0.308569949887    
   4.01562500000      0.310292186445E-02   1.41317419293      0.114624569827E-17   7.99967655425       2.82634838586      0.551409506839      0.551409506839      0.310355179252    
   4.03125000000      0.310219314087E-02   1.42511359989      0.104899632386E-17   8.11426840181       2.85022719979      0.556465539018      0.556465539018      0.312182521857    
   4.04687500000      0.310145561826E-02   1.43719717024      0.102752394669E-17   8.22933458113       2.87439434048      0.561571989885      0.561571989885      0.314053190472    
   4.06250000000      0.310070914198E-02   1.44942743745      0.111772165225E-17   8.34663540546       2.89885487491      0.566729510571      0.566729510571      0.315968416312    
   4.07812500000      0.309995355540E-02   1.46180696776      0.116187105109E-17   8.47062867157       2.92361393552      0.571938760073      0.571938760073      0.317929447615    
   4.09375000000      0.309918869998E-02   1.47433835869      0.103636977585E-17   8.59545131920       2.94867671738      0.577200405285      0.577200405285      0.319937548118    
   4.10937500000      0.309841441538E-02   1.48702423749      0.844030112827E-18   8.72105192772       2.97404847498      0.582515121026      0.582515121026      0.321993995440    
   4.12500000000      0.309763053951E-02   1.49986725943      0.791951172447E-18   8.84737278031       2.99973451887      0.587883590033      0.587883590033      0.324100079368    
   4.14062500000      0.309683690873E-02   1.51287010594      0.857496265394E-18   8.97434939633       3.02574021188      0.593306502940      0.593306502940      0.326257100060    
   4.15625000000      0.309603335789E-02   1.52603548261      0.618765566312E-18   9.10191006000       3.05207096521      0.598784558216      0.598784558216      0.328466366173    
   4.17187500000      0.309521972052E-02   1.53936611707      0.257834984149E-18   9.23407822611       3.07873223415      0.604318462080      0.604318462080      0.330729192915    
   4.18750000000      0.309439582892E-02   1.55286475676      0.530839309172E-18   9.37145825489       3.10572951351      0.609908928357      0.609908928357      0.333046900043    
   4.20312500000      0.309356151434E-02   1.56653416641      0.551510291812E-18   9.50966156170       3.13306833281      0.615556678300      0.615556678300      0.335420809805    
   4.21875000000      0.309271660715E-02   1.58037712555      0.403337855176E-18   9.64859564686       3.16075425110      0.621262440351      0.621262440351      0.337852244849    
   4.23437500000      0.309186093695E-02   1.59439642576      0.400538459115E-18   9.78984378158       3.18879285152      0.627026949829      0.627026949829      0.340342526104    
   4.25000000000      0.309099433280E-02   1.60859486777      0.908828223639E-20   9.93307670802       3.21718973555      0.632850948564      0.632850948564      0.342892970646    
   4.26562500000      0.309011662339E-02   1.62297525845      0.249471407297E-20   10.0771820938       3.24595051689      0.638735184436      0.638735184436      0.345504889574    
   4.28125000000      0.308922763721E-02   1.63754040756      0.625393460956E-19   10.2220438440       3.27508081512      0.644680410834      0.644680410834      0.348179585889    
   4.29687500000      0.308832720281E-02   1.65229312445     -0.431405211421E-20   10.3675345760       3.30458624889      0.650687386010      0.650687386010      0.350918352427    
   4.31250000000      0.308741514894E-02   1.66723621448      0.105274696715E-18   10.5201185952       3.33447242896      0.656756872327      0.656756872327      0.353722469824    
   4.32812500000      0.308649130487E-02   1.68237247535     -0.147214973689E-18   10.6748644493       3.36474495070      0.662889635394      0.662889635394      0.356593204563    
   4.34375000000      0.308555550052E-02   1.69770469323     -0.300130155684E-18   10.8302129713       3.39540938646      0.669086443062      0.669086443062      0.359531807105    
   4.35937500000      0.308460756681E-02   1.71323563871     -0.390938658642E-18   10.9863777925       3.42647127742      0.675348064287      0.675348064287      0.362539510134    
   4.37500000000      0.308364733582E-02   1.72896806261      0.169737552573E-20   11.1484491130       3.45793612521      0.681675267840      0.681675267840      0.365617526926    
   4.39062500000      0.308267464115E-02   1.74490469158     -0.202406126825E-18   11.3111245249       3.48980938316      0.688068820850      0.688068820850      0.368767049879    
   4.40625000000      0.308168931811E-02   1.76104822358     -0.301511757283E-18   11.4742212485       3.52209644715      0.694529487181      0.694529487181      0.371989249214    
   4.42187500000      0.308069120409E-02   1.77740132310      0.174726799924E-18   11.6375437173       3.55480264619      0.701058025609      0.701058025609      0.375285271879    
   4.43750000000      0.307968013879E-02   1.79396661631     -0.208582902917E-18   11.8008834936       3.58793323261      0.707655187812      0.707655187812      0.378656240681    
   4.45312500000      0.307865596457E-02   1.81074668595     -0.777521243521E-19   11.9640192372       3.62149337191      0.714321716142      0.714321716142      0.382103253669    
   4.46875000000      0.307761852677E-02   1.82774406613     -0.824861598781E-19   12.1337838201       3.65548813227      0.721058341167      0.721058341167      0.385627383799    
   4.48437500000      0.307656767401E-02   1.84496123688     -0.197216471771E-18   12.3048895510       3.68992247375      0.727865778985      0.727865778985      0.389229678906    
   4.50000000000      0.307550325857E-02   1.86240061857      0.156897791865E-18   12.4756427708       3.72480123714      0.734744728276      0.734744728277      0.392911162016    
   4.51562500000      0.307442513671E-02   1.88006456622     -0.151112403318E-18   12.6457827012       3.76012913245      0.741695867101      0.741695867101      0.396672832022    
   4.53125000000      0.307333316904E-02   1.89795536357     -0.279628551426E-18   12.8150357650       3.79591072715      0.748719849406      0.748719849406      0.400515664761    
   4.54687500000      0.307222722089E-02   1.91607521703      0.661733046384E-19   12.9866418777       3.83215043406      0.755817301256      0.755817301256      0.404440614519    
   4.56250000000      0.307110716269E-02   1.93442624948      0.615762228629E-18   13.1638628689       3.86885249895      0.762988816744      0.762988816744      0.408448615989    
   4.57812500000      0.306997287036E-02   1.95301049390      0.238562066899E-18   13.3399253836       3.90602098781      0.770234953590      0.770234953590      0.412540586724    
   4.59375000000      0.306882422569E-02   1.97182988693      0.566939923767E-18   13.5145201393       3.94365977386      0.777556228415      0.777556228415      0.416717430098    
   4.60937500000      0.306766111678E-02   1.99088626214      0.494524049740E-18   13.6873269801       3.98177252427      0.784953111661      0.784953111661      0.420980038813    
   4.62500000000      0.306648343840E-02   2.01018134329      0.924957811243E-18   13.8580154551       4.02036268659      0.792426022159      0.792426022159      0.425329298974    
   4.64062500000      0.306529109248E-02   2.02971673741      0.450438447813E-18   14.0288761237       4.05943347482      0.799975321332      0.799975321332      0.429766094748    
   4.65625000000      0.306408398850E-02   2.04949392766      0.303795880936E-18   14.2061329801       4.09898785533      0.807601307018      0.807601307018      0.434291313627    
   4.67187500000      0.306286204391E-02   2.06951426612      0.399261832083E-18   14.3864869588       4.13902853225      0.815304206909      0.815304206909      0.438905852306    
   4.68750000000      0.306162518467E-02   2.08977896637      0.184587548113E-18   14.5673934748       4.17955793275      0.823084171595      0.823084171595      0.443610623184    
   4.70312500000      0.306037334560E-02   2.11028909590     -0.138975782027E-18   14.7452411269       4.22057819180      0.830941267209      0.830941267209      0.448406561481    
   4.71875000000      0.305910647095E-02   2.13104556830     -0.495528715095E-18   14.9196178758       4.26209113660      0.838875467674      0.838875467674      0.453294632954    
   4.73437500000      0.305782451483E-02   2.15204913530     -0.507025282667E-18   15.0901032806       4.30409827060      0.846886646545      0.846886646545      0.458275842213    
   4.75000000000      0.305652744176E-02   2.17330037849      0.110476202757E-18   15.2652442443       4.34660075697      0.854974568459      0.854974568459      0.463351241570    
   4.76562500000      0.305521522713E-02   2.19479970081     -0.112862835439E-18   15.4411785838       4.38959940161      0.863138880200      0.863138880200      0.468521940407    
   4.78125000000      0.305388785779E-02   2.21654731776     -0.107567847762E-17   15.6127732291       4.43309463552      0.871379101390      0.871379101390      0.473789114979    
   4.79687500000      0.305254533258E-02   2.23854324825     -0.558300465343E-18   15.7892013189       4.47708649650      0.879694614832      0.879694614832      0.479154018587    
   4.81250000000      0.305118766294E-02   2.26078730509     -0.483361774433E-18   15.9620380023       4.52157461019      0.888084656535      0.888084656535      0.484617992024    
   4.82812500000      0.304981487346E-02   2.28327908510     -0.126710956627E-18   16.1293424613       4.56655817021      0.896548305461      0.896548305461      0.490182474180    
   4.84375000000      0.304842700258E-02   2.30601795874     -0.532477578442E-18   16.2906473838       4.61203591748      0.905084473032      0.905084473032      0.495849012676    
   4.85937500000      0.304702410319E-02   2.32900305932     -0.967660106798E-18   16.4454838872       4.65800611865      0.913691892477      0.913691892477      0.501619274369    
   4.87500000000      0.304560624335E-02   2.35223327172     -0.598455824032E-18   16.6026440761       4.70446654344      0.922369108077      0.922369108077      0.507495055568    
   4.89062500000      0.304417350701E-02   2.37570722055     -0.846283531161E-18   16.7578235688       4.75141444110      0.931114464404      0.931114464404      0.513478291744    
   4.90625000000      0.304272599475E-02   2.39942325785     -0.609438624092E-18   16.9183555981       4.79884651571      0.939926095657      0.939926095657      0.519571066539    
   4.92187500000      0.304126382457E-02   2.42337945027     -0.857109776234E-18   17.0800954074       4.84675890053      0.948801915223      0.948801915223      0.525775619821    
   4.93750000000      0.303978713271E-02   2.44757356571     -0.842737927842E-18   17.2808234182       4.89514713143      0.957739605591      0.957739605591      0.532094354531    
   4.95312500000      0.303829607447E-02   2.47200305964     -0.281071591683E-18   17.4911022956       4.94400611929      0.966736608801      0.966736608801      0.538529842042    
   4.96875000000      0.303679082510E-02   2.49666506092     -0.313141839880E-18   17.6988834339       4.99333012184      0.975790117590      0.975790117590      0.545084825741    
   4.98437500000      0.303527158064E-02   2.52155635743     -0.783730394162E-18   17.9133054996       5.04311271486      0.984897067458      0.984897067458      0.551762222513    
   5.00000000000      0.303373855884E-02   2.54667338152     -0.753019477806E-18   18.1256612579       5.09334676303      0.994054129855      0.994054129855      0.558565121804    
