   0.00000000000      0.266165136315E-02  0.375000000000      0.312478400788E-12   1.57163166411      0.750000000000      0.711348185443E-01  0.701576363476E-01  0.233707545108    
  0.625000000000E-01  0.266143147397E-02  0.378602648726      0.312471949255E-12   1.56629329317      0.757205297452      0.731680575881E-01  0.721860346353E-01  0.233248556503    
  0.125000000000      0.266118230394E-02  0.382685033975      0.312466142421E-12   1.55961685868      0.765370067949      0.754282084742E-01  0.744409928143E-01  0.232815832686    
  0.187500000000      0.266090241523E-02  0.387270713197      0.312459299030E-12   1.55348536358      0.774541426394      0.779217126759E-01  0.769289312644E-01  0.232420069257    
  0.250000000000      0.266059025559E-02  0.392385117937      0.312454305559E-12   1.54671703109      0.784770235874      0.806555038969E-01  0.796567560240E-01  0.232072858016    
  0.312500000000      0.266024416061E-02  0.398055517719      0.312448095749E-12   1.54082650514      0.796111035438      0.836370138277E-01  0.826318641895E-01  0.231786639702    
  0.375000000000      0.265986235749E-02  0.404310957770      0.312442642127E-12   1.54032251852      0.808621915540      0.868741690972E-01  0.858621406578E-01  0.231574648015    
  0.437500000000      0.265944297087E-02  0.411182163799      0.312437903189E-12   1.57630676239      0.822364327598      0.903753767661E-01  0.893559436163E-01  0.231450843416    
  0.500000000000      0.265898403108E-02  0.418701406595      0.312432643115E-12   1.62895541422      0.837402813190      0.941494957685E-01  0.931220762518E-01  0.231429834575    
  0.562500000000      0.265848348529E-02  0.426902319204      0.312429279547E-12   1.68359937414      0.853804638408      0.982057919476E-01  0.971697423900E-01  0.231526784866    
  0.625000000000      0.265793921202E-02  0.435819660073      0.312425974424E-12   1.74426136647      0.871639320146      0.102553874808      0.101508484242      0.231757301023    
  0.687500000000      0.265734903912E-02  0.445489017091      0.312422934000E-12   1.80908942685      0.890978034182      0.107203614828      0.106148101157      0.232137301105    
  0.750000000000      0.265671076568E-02  0.455946450018      0.312421163701E-12   1.87405725894      0.911892900036      0.112165041214      0.111098549263      0.232682859540    
  0.812500000000      0.265602218750E-02  0.467228072491      0.312419881716E-12   1.95014332589      0.934456144982      0.117448221211      0.116369823139      0.233410028141    
  0.875000000000      0.265528112592E-02  0.479369579513      0.312419468364E-12   2.02310684013      0.958739159026      0.123063123594      0.121971822060      0.234334633859    
  0.937500000000      0.265448545933E-02  0.492405731730      0.312419107528E-12   2.10818664145      0.984811463461      0.129019470450      0.127914204863      0.235472056418    
   1.00000000000      0.265363315623E-02  0.506369813361      0.312419371379E-12   2.19502316571       1.01273962672      0.135326582803      0.134206238836      0.236836991721    
   1.06250000000      0.265272230861E-02  0.521293085616      0.312419683934E-12   2.28464747249       1.04258617123      0.141993226765      0.140856649162      0.238443209689    
   1.12500000000      0.265175116398E-02  0.537204261056      0.312420319209E-12   2.38670845394       1.07440852211      0.149027467535      0.147873476041      0.240303317480    
   1.18750000000      0.265071815459E-02  0.554129025876      0.312418610744E-12   2.48050391810       1.10825805175      0.156436538683      0.155263946732      0.242428540462    
   1.25000000000      0.264962192204E-02  0.572089636172      0.312416122161E-12   2.58618487882       1.14417927234      0.164226733533      0.163034369166      0.244828533472    
   1.31250000000      0.264846133600E-02  0.591104610833      0.312412108072E-12   2.70129038536       1.18220922167      0.172403324377      0.171190052718      0.247511233738    
   1.37500000000      0.264723550604E-02  0.611188538176      0.312403296388E-12   2.82082359178       1.22237707635      0.180970513644      0.179735260179      0.250482764353    
   1.43750000000      0.264594378587E-02  0.632352006606      0.312391105043E-12   2.93507182756       1.26470401321      0.189931419381      0.188673193291      0.253747393933    
   1.50000000000      0.264458576977E-02  0.654601662394      0.312372581279E-12   3.05546844410       1.30920332479      0.199288095565      0.198006012407      0.257307554422    
   1.56250000000      0.264316128154E-02  0.677940391056      0.312346983943E-12   3.17253784571       1.35588078211      0.209041586127      0.207734889308      0.261163915621    
   1.62500000000      0.264167035643E-02  0.702367613553      0.312312733319E-12   3.30188392144       1.40473522711      0.219192010204      0.217860090891      0.265315512458    
   1.68750000000      0.264011321673E-02  0.727879685082      0.312267547500E-12   3.43973165049       1.45575937016      0.229738675132      0.228381090474      0.269759919475    
   1.75000000000      0.263849024205E-02  0.754470382698      0.312210681096E-12   3.58253297747       1.50894076540      0.240680212992      0.239296702865      0.274493466841    
   1.81250000000      0.263680193489E-02  0.782131468236      0.312139401579E-12   3.72664495968       1.56426293647      0.252014736191      0.250605238958      0.279511493087    
   1.87500000000      0.263504888235E-02  0.810853314727      0.312051659977E-12   3.87046676174       1.62170662945      0.263740007390      0.262304675537      0.284808631800    
   1.93750000000      0.263323171456E-02  0.840625587216      0.311947320765E-12   4.02340542518       1.68125117443      0.275853619106      0.274392835978      0.290379132131    
   2.00000000000      0.263135106006E-02  0.871437972350      0.311824173186E-12   4.16883962591       1.74287594470      0.288353178469      0.286867577672      0.296217216209    
   2.06250000000      0.262940749832E-02  0.903280954908      0.311679888746E-12   4.33226122853       1.80656190982      0.301236492749      0.299726982206      0.302317479953    
   2.12500000000      0.262740150926E-02  0.936146643351      0.311513690718E-12   4.48051299440       1.87229328670      0.314501751525      0.312969544510      0.308675347316    
   2.18750000000      0.262533341937E-02  0.970029650325      0.311325167442E-12   4.65413891796       1.94005930065      0.328147701557      0.326594357457      0.315287591311    
   2.25000000000      0.262320334398E-02   1.00492803742      0.311113245727E-12   4.80961339836       2.00985607485      0.342173810637      0.340601288545      0.322152938242    
   2.31250000000      0.262101112472E-02   1.04084433601      0.310876720247E-12   5.04112195705       2.08168867202      0.356580416904      0.354991145503      0.329272773604    
   2.37500000000      0.261875626166E-02   1.07778665669      0.310615687563E-12   5.22530264976       2.15557331338      0.371368860225      0.369765827685      0.336651968780    
   2.43750000000      0.261643783937E-02   1.11576989788      0.310331358931E-12   5.48601667894       2.23153979576      0.386541592349      0.384928460127      0.344299845402    
   2.50000000000      0.261405444657E-02   1.15481705737      0.310022375712E-12   5.71944295076       2.30963411475      0.402102262645      0.400483506967      0.352231287761    
   2.56250000000      0.261160409015E-02   1.19496063766      0.309692471625E-12   5.95235175350       2.38992127532      0.418055776342      0.416436860746      0.360468000569    
   2.62500000000      0.260908410520E-02   1.23624411426      0.309342386132E-12   6.28453231870       2.47248822852      0.434408322743      0.432795904045      0.369039887471    
   2.68750000000      0.260649106503E-02   1.27872340544      0.308975499740E-12   6.56028813754       2.55744681087      0.451167372065      0.449569540324      0.377986493046    
   2.75000000000      0.260382069723E-02   1.32246824146      0.308593371837E-12   6.80191166998       2.64493648293      0.468341642129      0.466768192223      0.387358407111    
   2.81250000000      0.260106781485E-02   1.36756328656      0.308201125279E-12   7.24049343773       2.73512657312      0.485941040531      0.484403768399      0.397218477630    
   2.87500000000      0.259822627422E-02   1.41410882404      0.307802859705E-12   7.63614498463       2.82821764809      0.503976594370      0.502489604485      0.407642625189    
   2.93750000000      0.259528897257E-02   1.46222078896      0.307403698816E-12   7.97872048799       2.92444157792      0.522460387582      0.521040389828      0.418720011551    
   3.00000000000      0.259224789820E-02   1.51202993901      0.307007440710E-12   8.27792038578       3.02405987802      0.541405533669      0.540072098398      0.430552306944    
   3.06250000000      0.258909424262E-02   1.56368001017      0.306620303454E-12   8.70373160686       3.12736002033      0.560826216055      0.559601947558      0.443251846554    
   3.12500000000      0.258581857717E-02   1.61732481492      0.306248022310E-12   9.25059710002       3.23464962983      0.580737824904      0.579648408914      0.456938581100    
   3.18750000000      0.258241108683E-02   1.67312440277      0.305894959495E-12   9.78081844974       3.34624880555      0.601157204887      0.600231290415      0.471735907472    
   3.25000000000      0.257886184238E-02   1.73124059292      0.305565599204E-12   10.2733844790       3.46248118584      0.622103004852      0.621371902348      0.487765685718    
   3.31250000000      0.257516108198E-02   1.79183236418      0.305262711234E-12   10.7197852697       3.58366472836      0.643596093866      0.643093316077      0.505142954236    
   3.37500000000      0.257129946681E-02   1.85505168764      0.304988591890E-12   11.2013964149       3.71010337527      0.665659985317      0.665420722162      0.523970980158    
   3.43750000000      0.256726827612E-02   1.92104036695      0.304744429561E-12   11.7191079339       3.84208073391      0.688321197156      0.688381895064      0.544337274734    
   3.50000000000      0.256305951600E-02   1.98992830768      0.304526829338E-12   12.2384747115       3.97985661537      0.711609474403      0.712007780332      0.566311052950    
   3.56250000000      0.255866593283E-02   2.06183337805      0.304331556903E-12   12.8005405159       4.12366675610      0.735557798364      0.736333216737      0.589942362948    
   3.62500000000      0.255408094392E-02   2.13686264927      0.304150969479E-12   13.2753133212       4.27372529855      0.760202075661      0.761397737141      0.615262836470    
   3.68750000000      0.254929852377E-02   2.21511434408      0.303973804068E-12   13.7555690632       4.43022868816      0.785580309727      0.787246227800      0.642287806553    
   3.75000000000      0.254431311031E-02   2.29667934819      0.303782839643E-12   14.2840069381       4.59335869637      0.811730904907      0.813928992928      0.671019450353    
   3.81250000000      0.253911961973E-02   2.38164072411      0.303557121456E-12   14.7820126815       4.76328144822      0.838689578669      0.841500527690      0.701450617753    
   3.87500000000      0.253371367267E-02   2.47006945135      0.303269904442E-12   15.0976288050       4.94013890269      0.866484265477      0.870016168410      0.733569017459    
   3.93750000000      0.252809213216E-02   2.56201486006      0.302887113312E-12   15.4766673311       5.12402972013      0.895127545768      0.899525966494      0.767361347802    
   4.00000000000      0.252225402016E-02   2.65748907747      0.302368713902E-12   16.0753678877       5.31497815493      0.924606659161      0.930065722543      0.802816695762    
   4.06250000000      0.251620179906E-02   2.75644614512      0.301668358262E-12   16.4401530448       5.51289229025      0.954872109814      0.961645947010      0.839928088300    
   4.12500000000      0.250994288025E-02   2.85875811368      0.300734917790E-12   16.9490828033       5.71751622736      0.985827140554      0.994240344551      0.878690628576    
   4.18750000000      0.250349108019E-02   2.96419225914      0.299506726793E-12   17.1510365725       5.92838451828       1.01732155422       1.02777619142      0.919094513507    
   4.25000000000      0.249686763755E-02   3.07239521675      0.297920882910E-12   17.4888252075       6.14479043350       1.04915383897       1.06212957319      0.961111804586    
   4.31250000000      0.249010138849E-02   3.18289044054      0.295908083599E-12   17.7187041340       6.36578088109       1.08108462531       1.09712843025       1.00467738498    
   4.37500000000      0.248322780623E-02   3.29509401032      0.293395685622E-12   17.9372321649       6.59018802065       1.11286188865       1.13256516192       1.04966695976    
   4.43750000000      0.247628683886E-02   3.40835013617      0.290310090285E-12   18.6949034301       6.81670027234       1.14425463292       1.16821801715       1.09587748610    
   4.50000000000      0.246931976622E-02   3.52198274774      0.286580675369E-12   19.1852507965       7.04396549549       1.17508847951       1.20387752077       1.14301674747    
   4.56250000000      0.246236554957E-02   3.63535524447      0.282142680123E-12   19.6671508514       7.27071048894       1.20527520883       1.23937235634       1.19070767930    
   4.62500000000      0.245545727794E-02   3.74792841256      0.276940020802E-12   20.0359125604       7.49585682511       1.23482977276       1.27458925531       1.23850938449    
   4.68750000000      0.244861928568E-02   3.85930711531      0.270931545157E-12   20.1356737461       7.71861423062       1.26387212721       1.30948292554       1.28595206257    
   4.75000000000      0.244186535065E-02   3.96926901620      0.264095752103E-12   20.6387648944       7.93853803240       1.29261545032       1.34407396224       1.33257960364    
   4.81250000000      0.243519814075E-02   4.07777235092      0.256426126264E-12   21.3932129080       8.15554470184       1.32134489102       1.37843477321       1.37799268669    
   4.87500000000      0.242860982796E-02   4.18494415054      0.247940960162E-12   22.2791664524       8.36988830108       1.35039142206       1.41266629882       1.42188642966    
   4.93750000000      0.242208361061E-02   4.29105428862      0.238674809354E-12   22.9220985707       8.58210857723       1.38010430306       1.44687130726       1.46407867830    
   5.00000000000      0.241559581156E-02   4.39648208389      0.228672549646E-12   23.2510287618       8.79296416779       1.41082418950       1.48113080670       1.50452708770    
