   0.00000000000      0.316628698882E-02  0.375000000000      0.562623505941E-18   2.00000000000      0.750000000000      0.625000000000E-01  0.625000000000E-01  0.250000000000    
  0.250000000000      0.316598249243E-02  0.377214652661     -0.185658639948E-18   1.97199166955      0.754429305321      0.640612255382E-01  0.640612255382E-01  0.249092201584    
  0.500000000000      0.316505682759E-02  0.383952840851      0.122952799798E-18   1.89109312753      0.767905681702      0.687155017155E-01  0.687155017155E-01  0.246521837420    
  0.750000000000      0.316347285707E-02  0.395484569504     -0.277180045972E-18   1.76597530947      0.790969139008      0.763869990378E-01  0.763869990378E-01  0.242710571428    
   1.00000000000      0.316117385908E-02  0.412222304612      0.801738485864E-18   1.60899287245      0.824444609224      0.869851514629E-01  0.869851514629E-01  0.238252001686    
   1.25000000000      0.315808986830E-02  0.434674995482     -0.154166595771E-18   1.43380238359      0.869349990964      0.100441834008      0.100441834008      0.233791327465    
   1.50000000000      0.315414469384E-02  0.463397126289      0.456177141727E-19   1.35156575618      0.926794252578      0.116739137459      0.116739137459      0.229918851370    
   1.75000000000      0.314926300647E-02  0.498937200748      0.107523784292E-18   1.53056616654      0.997874401496      0.135918617123      0.135918617123      0.227099966503    
   2.00000000000      0.314337683364E-02  0.541790426066     -0.992356084313E-19   1.75104937166       1.08358085213      0.158072270146      0.158072270146      0.225645885773    
   2.25000000000      0.313642996470E-02  0.592366423454     -0.612483479158E-18   2.01563624257       1.18473284691      0.183324030446      0.183324030446      0.225718362562    
   2.50000000000      0.312837793678E-02  0.650988989229     -0.747949034781E-18   2.32995285822       1.30197797846      0.211814470365      0.211814470365      0.227360048500    
   2.75000000000      0.311918159751E-02  0.717942761011     -0.888923060551E-18   2.70339743253       1.43588552202      0.243699157359      0.243699157359      0.230544446292    
   3.00000000000      0.310879395457E-02  0.793569086058     -0.982847066811E-18   3.14455998572       1.58713817212      0.279164249980      0.279164249980      0.235240586097    
   3.25000000000      0.309714216816E-02  0.878397409826     -0.576129445988E-18   3.66485724931       1.75679481965      0.318454524372      0.318454524372      0.241488361082    
   3.50000000000      0.308410789818E-02  0.973288404493     -0.134395770248E-17   4.28412987649       1.94657680899      0.361901952508      0.361901952508      0.249484499477    
   3.75000000000      0.306950914617E-02   1.07956561159     -0.628157803547E-18   5.04620772490       2.15913122318      0.409939956640      0.409939956640      0.259685698312    
   4.00000000000      0.305308576097E-02   1.19911950511     -0.372201060938E-18   5.95418531293       2.39823901022      0.463092402306      0.463092402306      0.272934700496    
   4.25000000000      0.303449120722E-02   1.33446480600     -0.688458003581E-18   7.07308074353       2.66892961201      0.521938351108      0.521938351108      0.290588103789    
   4.50000000000      0.301329770608E-02   1.48869928326     -0.475620023034E-18   8.39338061007       2.97739856651      0.587071865259      0.587071865259      0.314555552738    
   4.75000000000      0.298902701027E-02   1.66527400471     -0.936031000071E-18   10.0028987766       3.33054800941      0.659097038005      0.659097038005      0.347079928696    
   5.00000000000      0.296121219285E-02   1.86752954636     -0.199023444982E-17   11.8452057889       3.73505909271      0.738696518351      0.738696518351      0.390136509655    
