   0.00000000000      0.212864045086E-02  0.375000000000     -0.866033897177E-06   2.16715822035      0.750000000000      0.773457688666E-01  0.841319083015E-01  0.213522322832    
  0.625000000000E-01  0.212835227109E-02  0.379721490806     -0.865975931356E-06   2.15138116949      0.759442981612      0.797975802103E-01  0.866073637922E-01  0.213316546803    
  0.125000000000      0.212802693031E-02  0.385051824674     -0.865916003561E-06   2.13646502530      0.770103649348      0.825105432088E-01  0.893447511141E-01  0.213196530351    
  0.187500000000      0.212766136335E-02  0.391041219420     -0.865854724765E-06   2.12149691062      0.782082438840      0.854968062225E-01  0.923565083252E-01  0.213187904872    
  0.250000000000      0.212725210790E-02  0.397746399425     -0.865792925178E-06   2.18563357137      0.795492798850      0.887700915850E-01  0.956567855512E-01  0.213319522289    
  0.312500000000      0.212679528385E-02  0.405230933902     -0.865731663959E-06   2.25606546815      0.810461867804      0.923457513816E-01  0.992615118349E-01  0.213623670686    
  0.375000000000      0.212628658285E-02  0.413565407732     -0.865672225008E-06   2.33378485459      0.827130815463      0.962407679308E-01  0.103188400510      0.214136239290    
  0.437500000000      0.212572127397E-02  0.422827328513     -0.865616092430E-06   2.42008671264      0.845654657027      0.100473676314      0.107456866957      0.214896785242    
  0.500000000000      0.212509423252E-02  0.433100655915     -0.865564897834E-06   2.51657670073      0.866201311831      0.105064384205      0.112087829927      0.215948441783    
  0.562500000000      0.212439999903E-02  0.444474834000     -0.865520330907E-06   2.62500411299      0.888949668000      0.110033865448      0.117103368876      0.217337599676    
  0.625000000000      0.212363287500E-02  0.457043224478     -0.865484005093E-06   2.74566154648      0.914086448956      0.115403710476      0.122526217461      0.219113296541    
  0.687500000000      0.212278705826E-02  0.470900888538     -0.865457272865E-06   2.87485611029      0.941801777076      0.121195530538      0.128379089831      0.221326268169    
  0.750000000000      0.212185681609E-02  0.486141750925     -0.865440990658E-06   3.01926495967      0.972283501849      0.127430234173      0.134683861762      0.224027654989    
  0.812500000000      0.212083668699E-02  0.502855294255     -0.865435242262E-06   3.19172064150       1.00571058851      0.134127220965      0.141460660182      0.227267413108    
  0.875000000000      0.211972169470E-02  0.521123050999     -0.865439040378E-06   3.34836613110       1.04224610200      0.141303563750      0.148726944990      0.231092542259    
  0.937500000000      0.211850755282E-02  0.541015250438     -0.865450036488E-06   3.55412741615       1.08203050088      0.148973268251      0.156496686898      0.235545295289    
   1.00000000000      0.211719083648E-02  0.562588004155     -0.865464275935E-06   3.76295649002       1.12517600831      0.157146701157      0.164779745674      0.240661557324    
   1.06250000000      0.211576910115E-02  0.585881358321     -0.865476035099E-06   3.96053980943       1.17176271664      0.165830260726      0.173581531212      0.246469566383    
   1.12500000000      0.211424093624E-02  0.610918413283     -0.865477769751E-06   4.19784239491       1.22183682657      0.175026330657      0.182902989373      0.252989093253    
   1.18750000000      0.211260595147E-02  0.637705544958     -0.865460189791E-06   4.44075010908       1.27541108992      0.184733516543      0.192740905932      0.260231122484    
   1.25000000000      0.211086470343E-02  0.666233603627     -0.865412459291E-06   4.70567641984       1.33246720725      0.194947125145      0.203088477631      0.268198000851    
   1.31250000000      0.210901857681E-02  0.696479851836     -0.865322505998E-06   4.95050013786       1.39295970367      0.205659818711      0.213936069172      0.276883963953    
   1.37500000000      0.210706963796E-02  0.728410352489     -0.865177414312E-06   5.18262832278       1.45682070498      0.216862363855      0.225272063166      0.286275925468    
   1.43750000000      0.210502047782E-02  0.761982527655     -0.864963870916E-06   5.44827455324       1.52396505531      0.228544396709      0.237083715302      0.296354415644    
   1.50000000000      0.210287405811E-02  0.797147660605     -0.864668632530E-06   5.69314654539       1.59429532121      0.240695139409      0.249357944336      0.307094576860    
   1.56250000000      0.210063357039E-02  0.833853186126     -0.864278989068E-06   5.93769729619       1.66770637225      0.253304022328      0.262082009936      0.318467153863    
   1.62500000000      0.209830231319E-02  0.872044688290     -0.863783201654E-06   6.22499134430       1.74408937658      0.266361187350      0.275244055372      0.330439445569    
   1.68750000000      0.209588358823E-02  0.911667588604     -0.863170902299E-06   6.54500302055       1.82333517721      0.279857866169      0.288833512989      0.342976209447    
   1.75000000000      0.209338061407E-02  0.952668555504     -0.862433449598E-06   6.84276568385       1.90533711101      0.293786642302      0.302841386049      0.356040527154    
   1.81250000000      0.209079645355E-02  0.994996698691     -0.861564242012E-06   7.10638578035       1.98999339738      0.308141615304      0.317260430536      0.369594652851    
   1.87500000000      0.208813394967E-02   1.03860463209     -0.860558995880E-06   7.43366596555       2.07720926419      0.322918490859      0.332085265090      0.383600876144    
   1.93750000000      0.208539566433E-02   1.08344950188     -0.859415998045E-06   7.74971297128       2.16689900375      0.338114621668      0.347312437421      0.398022442786    
   2.00000000000      0.208258381304E-02   1.12949408567     -0.858136340151E-06   8.01125144466       2.25898817134      0.353729022439      0.362940472332      0.412824590902    
   2.06250000000      0.207970018858E-02   1.17670807946     -0.856724129451E-06   8.35062350737       2.35341615892      0.369762378510      0.378969920700      0.427975780248    
   2.12500000000      0.207674606548E-02   1.22506970072     -0.855186643614E-06   8.68572373148       2.45013940144      0.386217062124      0.395403420867      0.443449217729    
   2.18750000000      0.207372207656E-02   1.27456774785     -0.853534348052E-06   8.91924933305       2.54913549569      0.403097162011      0.412245773030      0.459224812806    
   2.25000000000      0.207062805277E-02   1.32520425726     -0.851780621077E-06   9.35090875428       2.65040851452      0.420408518328      0.429504011702      0.475291727230    
   2.31250000000      0.206746281898E-02   1.37699787447     -0.849940944518E-06   9.65514903290       2.75399574894      0.438158731906      0.447187438079      0.491651704484    
   2.37500000000      0.206422394321E-02   1.42998797856     -0.848031245408E-06   10.0160269702       2.85997595712      0.456357081177      0.465307541971      0.508323355413    
   2.43750000000      0.206090744659E-02   1.48423944360     -0.846065112222E-06   10.4293779132       2.96847888721      0.475014235882      0.483877705223      0.525347502498    
   2.50000000000      0.205750749797E-02   1.53984765424     -0.844050021621E-06   10.7824076670       3.07969530848      0.494141617091      0.502912545109      0.542793492038    
   2.56250000000      0.205401613961E-02   1.59694300210     -0.841983741675E-06   11.2912122228       3.19388600421      0.513750240325      0.522426755645      0.560766006134    
   2.62500000000      0.205042311642E-02   1.65569366014     -0.839853323044E-06   11.8453528534       3.31138732029      0.533848958408      0.542433402168      0.579411299568    
   2.68750000000      0.204671590279E-02   1.71630514446     -0.837639782229E-06   12.2026244942       3.43261028893      0.554442297190      0.562941858069      0.598920989205    
   2.75000000000      0.204288002335E-02   1.77901510168     -0.835331817579E-06   12.8903300490       3.55803020335      0.575528480936      0.583955864188      0.619530756553    
   2.81250000000      0.203889973465E-02   1.84408204264     -0.832950991961E-06   13.5152519905       3.68816408528      0.597098499721      0.605472457186      0.641511085730    
   2.87500000000      0.203475907208E-02   1.91176792259     -0.830585028750E-06   13.9648868348       3.82353584519      0.619137120841      0.627482683626      0.665148118126    
   2.93750000000      0.203044317066E-02   1.98231641711     -0.828416247586E-06   14.9228518933       3.96463283422      0.641626480906      0.649974690534      0.690715245672    
   3.00000000000      0.202593965641E-02   2.05593012023     -0.826729960067E-06   15.5880056541       4.11186024046      0.664551708691      0.672938648962      0.718439762577    
   3.06250000000      0.202123983566E-02   2.13275059597     -0.825895208241E-06   16.4688536880       4.26550119193      0.687906446692      0.696371846662      0.748472302613    
   3.12500000000      0.201633943471E-02   2.21284598993     -0.826317383902E-06   17.3561147718       4.42569197986      0.711696031406      0.720282182231      0.780867776293    
   3.18750000000      0.201123872948E-02   2.29620972422     -0.828374740571E-06   18.1321072119       4.59241944843      0.735937278346      0.744688789745      0.815583656126    
   3.25000000000      0.200594202697E-02   2.38276966671     -0.832366555361E-06   18.9234720601       4.76553933341      0.760654793029      0.769619200489      0.852495673187    
   3.31250000000      0.200045662999E-02   2.47240452545     -0.838485216892E-06   19.6123691336       4.94480905090      0.785875293098      0.795104009568      0.891425222786    
   3.37500000000      0.199479156062E-02   2.56496475436     -0.846801007464E-06   20.0078455382       5.12992950873      0.811623442681      0.821171698662      0.932169613022    
   3.43750000000      0.198895632158E-02   2.66029395844     -0.857278966757E-06   20.3893865681       5.32058791687      0.837921784044      0.847845589001      0.974526585392    
   3.50000000000      0.198295989202E-02   2.75824434489     -0.869843261204E-06   20.8660976509       5.51648868978      0.864793933343      0.875142534420       1.01830787713    
   3.56250000000      0.197681010645E-02   2.85868395997     -0.884404689613E-06   21.0643561272       5.71736791995      0.892269464123      0.903072939089       1.06334155676    
   3.62500000000      0.197051345756E-02   2.96150059828     -0.900829084386E-06   21.0708252443       5.92300119656      0.920390334989      0.931643329354       1.10946693394    
   3.68750000000      0.196407510721E-02   3.06660417288     -0.918995565107E-06   21.3267658444       6.13320834575      0.949216682536      0.960860251037       1.15652723930    
   3.75000000000      0.195749882797E-02   3.17392450395     -0.938859590023E-06   21.2491411972       6.34784900791      0.978827892433      0.990731507461       1.20436510406    
   3.81250000000      0.195078688708E-02   3.28341159965     -0.960327617282E-06   20.9433665085       6.56682319929       1.00932053676       1.02126635487       1.25282470802    
   3.87500000000      0.194393990541E-02   3.39504653725     -0.983259199403E-06   21.2193169551       6.79009307450       1.04080743355       1.05247892051       1.30176018318    
   3.93750000000      0.193695653588E-02   3.50885008934     -0.100771366192E-05   21.0196411407       7.01770017868       1.07341416964       1.08439044935       1.35104547035    
   4.00000000000      0.192983322825E-02   3.62487590025     -0.103395205955E-05   21.1027494349       7.24975180050       1.10726842003       1.11702574595       1.40058173428    
   4.06250000000      0.192256473734E-02   3.74319817256     -0.106219636442E-05   20.7521603049       7.48639634512       1.14248799085       1.15040959299       1.45030058872    
   4.12500000000      0.191514550637E-02   3.86390065687     -0.109266524116E-05   20.6797717984       7.72780131374       1.17917445345       1.18456615426       1.50016004916    
   4.18750000000      0.190757156847E-02   3.98704787857     -0.112595031117E-05   20.7575048163       7.97409575714       1.21740506599       1.21951233291       1.55013047967    
   4.25000000000      0.189984286985E-02   4.11263076072     -0.116288834320E-05   21.1156043429       8.22526152144       1.25721733071       1.25523977112       1.60017365889    
   4.31250000000      0.189196583710E-02   4.24052329818     -0.120346231997E-05   22.2433486220       8.48104659636       1.29860273352       1.29169964288       1.65022092178    
   4.37500000000      0.188395505192E-02   4.37047966645     -0.124650613710E-05   24.4120569523       8.74095933291       1.34152334927       1.32880583711       1.70015048008    
   4.43750000000      0.187583260021E-02   4.50214891712     -0.129122701150E-05   26.2847896688       9.00429783425       1.38593751196       1.36644788113       1.74976352403    
   4.50000000000      0.186762479295E-02   4.63509620801     -0.133811498196E-05   27.5947443079       9.27019241602       1.43182040633       1.40450528763       1.79877051405    
   4.56250000000      0.185935700822E-02   4.76887114321     -0.138780801702E-05   28.7866621241       9.53774228642       1.47918124238       1.44288560519       1.84680429564    
   4.62500000000      0.185104766049E-02   4.90313869009     -0.143974013852E-05   30.2453910465       9.80627738018       1.52806649950       1.48160548036       1.89346671024    
   4.68750000000      0.184270270189E-02   5.03781145821     -0.149309141058E-05   31.3044307586       10.0756229164       1.57851773746       1.52088851238       1.93840520836    
   4.75000000000      0.183431288340E-02   5.17309690243     -0.155034079164E-05   32.8756408106       10.3461938049       1.63046009864       1.56122575447       1.98141104932    
   4.81250000000      0.182585629773E-02   5.30941424464     -0.161889187335E-05   33.5239716903       10.6188284893       1.68354099015       1.60335425359       2.02251900090    
   4.87500000000      0.181730732630E-02   5.44720256348     -0.170613991982E-05   34.2172508365       10.8944051270       1.73700478347       1.64812880026       2.06206897976    
   4.93750000000      0.180864992487E-02   5.58670187789     -0.181256122154E-05   36.1404776549       11.1734037558       1.78972972980       1.69628558008       2.10068656801    
   5.00000000000      0.179988979197E-02   5.72779920872     -0.193204941668E-05   39.0728465126       11.4555984174       1.84049533734       1.74813445087       2.13916942051    
