   0.00000000000      0.335443574852E-02  0.375000000000     -0.102028130874E-05   3.62809354065      0.750000000000      0.125264363439      0.125199490659      0.124536145903    
  0.125000000000      0.335143617767E-02  0.387271382675     -0.101968927032E-05   3.74465462931      0.774542765349      0.129285569736      0.129223202504      0.128762610435    
  0.250000000000      0.334748921996E-02  0.403422617978     -0.101910258042E-05   3.91910242221      0.806845235956      0.134591806892      0.134532571925      0.134298239161    
  0.375000000000      0.334226742087E-02  0.424792012570     -0.101862060829E-05   4.18180098468      0.849584025140      0.141636847006      0.141581434806      0.141573730758    
  0.500000000000      0.333535476901E-02  0.453079043906     -0.101835974933E-05   4.58461215227      0.906158087812      0.151000989555      0.150950223422      0.151127830929    
  0.625000000000      0.332631453899E-02  0.490068623170     -0.101841116982E-05   5.17853443918      0.980137246339      0.163300706433      0.163255644393      0.163512272343    
  0.750000000000      0.331481665609E-02  0.537111641200     -0.101875431867E-05   5.95764154713       1.07422328240      0.179014210904      0.178976247163      0.179121183133    
  0.875000000000      0.330074869030E-02  0.594666250100     -0.101915775741E-05   6.85916329286       1.18933250020      0.198323399841      0.198294302379      0.198048547880    
   1.00000000000      0.328422341054E-02  0.662260968465     -0.101915237576E-05   7.83493900935       1.32452193693      0.221095303203      0.221077152548      0.220088512715    
   1.12500000000      0.326549228589E-02  0.738851320923     -0.101813299521E-05   8.86419524224       1.47770264185      0.246997835090      0.246992902361      0.244860583472    
   1.25000000000      0.324484476976E-02  0.823237350729     -0.101554304919E-05   9.90640669368       1.64647470146      0.275639621722      0.275650248515      0.271947480492    
   1.37500000000      0.322254705913E-02  0.914315215579     -0.101104499033E-05   10.9599960288       1.82863043116      0.306655745331      0.306684249555      0.300975220693    
   1.50000000000      0.319882334798E-02   1.01115338354     -0.100461107283E-05   12.0145301461       2.02230676708      0.339734217054      0.339782811562      0.331636354922    
   1.62500000000      0.317386081516E-02   1.11297283602     -0.996522414878E-06   13.0506462376       2.22594567205      0.374609399585      0.374680102382      0.363683334055    
   1.75000000000      0.314782152476E-02   1.21909961051     -0.987299916922E-06   14.0933054560       2.43819922102      0.411045812742      0.411140338966      0.396913458800    
   1.87500000000      0.312085267021E-02   1.32892378518     -0.977607338045E-06   15.1112916497       2.65784757035      0.448824417446      0.448944061717      0.431155306012    
   2.00000000000      0.309309288524E-02   1.44187375348     -0.968166452929E-06   16.1132926443       2.88374750696      0.487734713774      0.487880246822      0.466258792886    
   2.12500000000      0.306467547581E-02   1.55740223316     -0.959707704799E-06   17.0861343947       3.11480446633      0.527571368108      0.527742975365      0.502087889691    
   2.25000000000      0.303573030519E-02   1.67497719970     -0.952954846543E-06   18.0527702750       3.34995439940      0.568132629083      0.568329908163      0.538514662454    
   2.37500000000      0.300638573244E-02   1.79407254789     -0.948622213790E-06   18.9860057728       3.58814509578      0.609218262203      0.609440275885      0.575414009803    
   2.50000000000      0.297677124659E-02   1.91415647074     -0.947398876251E-06   19.9180301728       3.82831294147      0.650626026969      0.650871388868      0.612659054899    
   2.62500000000      0.294702069869E-02   2.03467843432     -0.949903306974E-06   20.8394705352       4.06935686865      0.692147056539      0.692414017224      0.650117360561    
   2.75000000000      0.291727549359E-02   2.15505753084     -0.956601072415E-06   21.7389288321       4.31011506168      0.733561475530      0.733847980343      0.687648074965    
   2.87500000000      0.288768681982E-02   2.27467578474     -0.967670196530E-06   22.6315610802       4.54935156949      0.774636077745      0.774939779172      0.725099927828    
   3.00000000000      0.285841597880E-02   2.39287971394     -0.982771750933E-06   23.4837014245       4.78575942787      0.815125881395      0.815444099933      0.762309732607    
