   0.00000000000      0.217416912910E-02  0.375000000000     -0.161031351269E-04   2.15380478962      0.750000000000      0.798052043018E-01  0.822679345020E-01  0.212926861196    
  0.625000000000E-01  0.217387854443E-02  0.379760893360     -0.161021411290E-04   2.14205816937      0.759521786720      0.822033385089E-01  0.846886092616E-01  0.212868945590    
  0.125000000000      0.217355199866E-02  0.385110970473     -0.161011257101E-04   2.12998091367      0.770221940947      0.848485427159E-01  0.873646857889E-01  0.212897741969    
  0.187500000000      0.217318659723E-02  0.391097654560     -0.161001075678E-04   2.11805246993      0.782195309119      0.877519387310E-01  0.903080481694E-01  0.213037667659    
  0.250000000000      0.217277906493E-02  0.397774604548     -0.160991089936E-04   2.10692374080      0.795549209096      0.909261710559E-01  0.935322589142E-01  0.213316174578    
  0.312500000000      0.217232572686E-02  0.405202027735     -0.160981559442E-04   2.14563483769      0.810404055469      0.943854536228E-01  0.970526210438E-01  0.213763953068    
  0.375000000000      0.217182249861E-02  0.413446840399     -0.160972778819E-04   2.21650740663      0.826893680798      0.981455663360E-01  0.100886185559      0.214415088504    
  0.437500000000      0.217126489097E-02  0.422582590350     -0.160965072762E-04   2.29692560970      0.845165180700      0.102223781723      0.105051680860      0.215307127767    
  0.500000000000      0.217064803550E-02  0.432689038868     -0.160958786353E-04   2.38741561848      0.865378077737      0.106638699822      0.109569337683      0.216481001363    
  0.562500000000      0.216996673749E-02  0.443851292998     -0.160954269176E-04   2.48767767509      0.887702585996      0.111409969898      0.114460583265      0.217980739835    
  0.625000000000      0.216921556228E-02  0.456158391749     -0.160951851713E-04   2.59750997513      0.912316783497      0.116557882573      0.119747584200      0.219852924976    
  0.687500000000      0.216838895831E-02  0.469701290583     -0.160951812741E-04   2.71566573554      0.939402581166      0.122102827298      0.125452630936      0.222145832349    
  0.750000000000      0.216748141578E-02  0.484570262087     -0.160954337205E-04   2.86144245008      0.969140524174      0.128064628253      0.131597378949      0.224908254885    
  0.812500000000      0.216648765364E-02  0.500851831796     -0.160959465230E-04   3.01558092890       1.00170366359      0.134461795220      0.138201990235      0.228188046341    
  0.875000000000      0.216540282103E-02  0.518625478209     -0.160967034731E-04   3.17502051226       1.03725095642      0.141310750158      0.145284248008      0.232030480044    
  0.937500000000      0.216422269350E-02  0.537960415362     -0.160976622068E-04   3.35450032719       1.07592083072      0.148625108319      0.152858739022      0.236476568021    
   1.00000000000      0.216294384267E-02  0.558912813327     -0.160987486923E-04   3.55771027955       1.11782562665      0.156415098046      0.160936203138      0.241561512143    
   1.06250000000      0.216156375948E-02  0.581523776896     -0.160998528543E-04   3.75150061746       1.16304755379      0.164687191875      0.169523134243      0.247313450778    
   1.12500000000      0.216008091804E-02  0.605818298267     -0.161008260121E-04   3.94854291644       1.21163659653      0.173443994487      0.178621682557      0.253752621223    
   1.18750000000      0.215849477583E-02  0.631805252503     -0.161014806338E-04   4.19170825846       1.26361050501      0.182684396827      0.188229864207      0.260890991469    
   1.25000000000      0.215680571508E-02  0.659478354359     -0.161015926299E-04   4.44535182155       1.31895670872      0.192403969371      0.198342041153      0.268732343835    
   1.31250000000      0.215501493748E-02  0.688817878724     -0.161009060981E-04   4.68148742525       1.37763575745      0.202595539481      0.208949603032      0.277272736211    
   1.37500000000      0.215312432787E-02  0.719792885459     -0.160991401471E-04   4.89831935540       1.43958577092      0.213249882874      0.220041767295      0.286501235290    
   1.43750000000      0.215113630310E-02  0.752363684369     -0.160959972421E-04   5.14382131377       1.50472736874      0.224356457902      0.231606415005      0.296400811463    
   1.50000000000      0.214905365987E-02  0.786484314423     -0.160911724289E-04   5.37999366778       1.57296862885      0.235904120847      0.243630892723      0.306949300854    
   1.56250000000      0.214687943163E-02  0.822104873699     -0.160843628078E-04   5.59629733440       1.64420974740      0.247881776284      0.256102730568      0.318120366846    
   1.62500000000      0.214461676039E-02  0.859173604995     -0.160752767099E-04   5.84746405372       1.71834720999      0.260278934517      0.269010247603      0.329884422875    
   1.68750000000      0.214226878569E-02  0.897638704247     -0.160636421539E-04   6.11582104347       1.79527740849      0.273086164754      0.282343034535      0.342209504958    
   1.75000000000      0.213983854969E-02  0.937449868655     -0.160492142983E-04   6.38489125637       1.87489973731      0.286295446141      0.296092318317      0.355062104197    
   1.81250000000      0.213732891526E-02  0.978559637937     -0.160317817505E-04   6.64611887347       1.95711927587      0.299900428185      0.310251222885      0.368407986867    
   1.87500000000      0.213474249234E-02   1.02092460736     -0.160111717198E-04   6.95408384773       2.04184921472      0.313896617521      0.324814945297      0.382213044544    
   1.93750000000      0.213208156666E-02   1.06450660876     -0.159872541214E-04   7.23698690208       2.12901321752      0.328281509900      0.339780867758      0.396444231101    
   2.00000000000      0.212934802411E-02   1.10927396871     -0.159599448240E-04   7.47582805765       2.21854793743      0.343054685274      0.355148624133      0.411070659307    
   2.06250000000      0.212654326348E-02   1.15520296339     -0.159292082950E-04   7.81107954631       2.31040592677      0.358217880238      0.370920135260      0.426064947889    
   2.12500000000      0.212366808961E-02   1.20227959563     -0.158950599178E-04   8.11163465346       2.40455919126      0.373775045465      0.387099620480      0.441404929688    
   2.18750000000      0.212072257949E-02   1.25050181682     -0.158575682323E-04   8.38304719575       2.50100363364      0.389732384968      0.403693582233      0.457075849620    
   2.25000000000      0.211770591522E-02   1.29988229129     -0.158168572834E-04   8.73520215386       2.59976458257      0.406098356775      0.420710744308      0.473073190202    
   2.31250000000      0.211461618131E-02   1.35045173823     -0.157731091422E-04   9.11490252627       2.70090347646      0.422883589240      0.438161900456      0.489406248533    
   2.37500000000      0.211145013174E-02   1.40226276323     -0.157265665302E-04   9.37866035181       2.80452552647      0.440100635235      0.456059599500      0.506102528499    
   2.43750000000      0.210820294421E-02   1.45539389494     -0.156775353177E-04   9.96957900214       2.91078778987      0.457763458977      0.474417564703      0.523212871255    
   2.50000000000      0.210486799584E-02   1.50995327609     -0.156263864972E-04   10.2675324933       3.01990655218      0.475886549770      0.493249741669      0.540816984653    
   2.56250000000      0.210143671413E-02   1.56608114233     -0.155735571455E-04   10.8595039960       3.13216228465      0.494483603220      0.512568921660      0.559028617447    
   2.62500000000      0.209789857203E-02   1.62394991681     -0.155195500400E-04   11.3702745071       3.24789983361      0.513565825499      0.532385013484      0.577999077822    
   2.68750000000      0.209424130111E-02   1.68376065932     -0.154649315384E-04   11.5519371343       3.36752131864      0.533140158740      0.552703247279      0.597917253302    
   2.75000000000      0.209045138170E-02   1.74573498077     -0.154103260308E-04   12.4152847692       3.49146996155      0.553208056428      0.573522884742      0.619004039604    
   2.81250000000      0.208651482469E-02   1.81010226463     -0.153564034202E-04   13.0017694140       3.62020452925      0.573765527546      0.594837204817      0.641499532263    
   2.87500000000      0.208241818840E-02   1.87708291783     -0.153038560804E-04   13.5838088956       3.75416583566      0.594804820059      0.616635272785      0.665642824986    
   2.93750000000      0.207814969957E-02   1.94686969093     -0.152533627596E-04   14.2245874780       3.89373938186      0.616317656850      0.638905309696      0.691646724384    
   3.00000000000      0.207370029131E-02   2.01961054304     -0.152055389496E-04   14.7871698878       4.03922108608      0.638299394936      0.661638858741      0.719672289362    
   3.06250000000      0.206906434782E-02   2.09539659408     -0.151608824353E-04   15.6363644643       4.19079318816      0.660752646062      0.684834499833      0.749809448185    
   3.12500000000      0.206423998503E-02   2.17425745876     -0.151197314491E-04   16.5437948765       4.34851491753      0.683688840215      0.708499637789      0.782068980761    
   3.18750000000      0.205922880604E-02   2.25616523432     -0.150822437291E-04   17.3258726191       4.51233046865      0.707127650373      0.732649704402      0.816387879548    
   3.25000000000      0.205403518997E-02   2.34104681309     -0.150483956317E-04   17.9543407173       4.68209362619      0.731095275876      0.757305781398      0.852645755821    
   3.31250000000      0.204866526134E-02   2.42880121980     -0.150180055962E-04   18.3317062136       4.85760243960      0.755622363276      0.782492268271      0.890686588254    
   3.37500000000      0.204312575991E-02   2.51931751818     -0.149907634788E-04   18.4342435676       5.03863503636      0.780742648834      0.808235559703      0.930339309643    
   3.43750000000      0.203742305172E-02   2.61249069090     -0.149662239476E-04   18.8125823549       5.22498138180      0.806493818106      0.834564455728      0.971432417064    
   3.50000000000      0.203156242762E-02   2.70823363759     -0.149437886392E-04   18.9060528642       5.41646727518      0.832920222083      0.861512729096       1.01380068641    
   3.56250000000      0.202554769938E-02   2.80648292286     -0.149227325487E-04   19.2335264701       5.61296584571      0.860075272441      0.889122569177       1.05728508124    
   3.62500000000      0.201938104931E-02   2.90719929912     -0.149022061348E-04   19.4366135465       5.81439859824      0.888023272663      0.917446755005       1.10172927145    
   3.68750000000      0.201306305242E-02   3.01036808365     -0.148811868260E-04   19.7553515577       6.02073616729      0.916841998725      0.946549401005       1.14697668392    
   3.75000000000      0.200659270795E-02   3.11600068702     -0.148585540990E-04   19.8721331141       6.23200137404      0.946624000140      0.976506201495       1.19287048538    
   3.81250000000      0.199996739259E-02   3.22413407995     -0.148332368928E-04   19.6979518694       6.44826815990      0.977473957478       1.00740295416       1.23925716831    
   3.87500000000      0.199318289403E-02   3.33482920571     -0.148041959983E-04   19.4333595704       6.66965841142       1.00950473272       1.03933118637       1.28599328662    
   3.93750000000      0.198623372618E-02   3.44816969174     -0.147704384060E-04   19.5051039547       6.89633938348       1.04283366782       1.07238281772       1.33295320620    
   4.00000000000      0.197911381940E-02   3.56425259286     -0.147312649810E-04   19.3309949370       7.12850518571       1.07757357351       1.10664454466       1.38003447469    
   4.06250000000      0.197181777831E-02   3.68316218279     -0.146863638418E-04   18.9663018710       7.36632436557       1.11381534351       1.14218820307       1.42715863621    
   4.12500000000      0.196434292198E-02   3.80493302668     -0.146353455113E-04   18.6642532842       7.60986605335       1.15161047632       1.17905545358       1.47426709678    
   4.18750000000      0.195669183222E-02   3.92951507828     -0.145769970190E-04   19.4415746912       7.85903015656       1.19096138424       1.21724296813       1.52131072591    
   4.25000000000      0.194887457651E-02   4.05674057420     -0.145089242614E-04   20.7854687998       8.11348114840       1.23181499077       1.25669455737       1.56823102606    
   4.31250000000      0.194090975907E-02   4.18629597150     -0.144272102250E-04   22.7564156648       8.37259194300       1.27406125547       1.29730004583       1.61493467019    
   4.37500000000      0.193282375646E-02   4.31772804541     -0.143251624874E-04   24.4258100618       8.63545609081       1.31755525086       1.33890470310       1.66126809144    
   4.43750000000      0.192464750434E-02   4.45050930209     -0.141926167643E-04   25.9118490881       8.90101860418       1.36216887023       1.38134039776       1.70700003410    
   4.50000000000      0.191641053057E-02   4.58414993621     -0.140180332463E-04   27.4707414637       9.16829987242       1.40784965357       1.42447766587       1.75182261677    
   4.56250000000      0.190813302027E-02   4.71832278114     -0.137922448051E-04   29.3711993791       9.43664556229       1.45465780878       1.46827741756       1.79538755481    
   4.62500000000      0.189981831378E-02   4.85296992557     -0.135104096044E-04   30.6650792654       9.70593985113       1.50275961918       1.51281778322       1.83739252317    
   4.68750000000      0.189144955461E-02   4.98835435034     -0.131696818293E-04   31.5458883915       9.97670870069       1.55235985076       1.55828360470       1.87771089489    
   4.75000000000      0.188299387168E-02   5.12501059028     -0.127645208996E-04   33.0111956874       10.2500211806       1.60357288058       1.60491482477       1.91652288493    
   4.81250000000      0.187441475851E-02   5.26356627521     -0.122866162611E-04   34.7004974627       10.5271325504       1.65626859668       1.65291309400       1.95438458454    
   4.87500000000      0.186568907760E-02   5.40446093053     -0.117334358511E-04   35.6523489706       10.8089218611       1.70995737153       1.70231545481       1.99218810419    
   4.93750000000      0.185682162314E-02   5.54766482709     -0.111195639331E-04   35.7149305355       11.0953296542       1.76378099588       1.75286654266       2.03101728855    
   5.00000000000      0.184785001914E-02   5.69255145345     -0.104808994354E-04   37.3430596624       11.3851029069       1.81665221987       1.80394814680       2.07195108678    
