   0.00000000000      0.931149264600E-02  0.375000000000     -0.218993697004E-07   1.53776704272      0.750000000000      0.111222487051      0.111293979101      0.152483533848    
  0.312500000000E-01  0.931005641655E-02  0.375653643979     -0.218474378277E-07   1.55378621947      0.751307287958      0.111413648392      0.111484231982      0.152755763605    
  0.625000000000E-01  0.930848253413E-02  0.376369935357     -0.217940448258E-07   1.56961573488      0.752739870714      0.111628045423      0.111697699260      0.153044190674    
  0.937500000000E-01  0.930677119592E-02  0.377148784387     -0.217391055748E-07   1.58524575321      0.754297568775      0.111865670086      0.111934373372      0.153348740929    
  0.125000000000      0.930492263494E-02  0.377990085024     -0.216825316222E-07   1.60066662848      0.755980170048      0.112126508805      0.112194241238      0.153669334981    
  0.156250000000      0.930293711916E-02  0.378893715315     -0.216242314202E-07   1.61586891900      0.757787430629      0.112410542565      0.112477284339      0.154005888410    
  0.187500000000      0.930081495057E-02  0.379859537814     -0.215641105315E-07   1.63084340176      0.759719075629      0.112717746998      0.112783478806      0.154358312010    
  0.218750000000      0.929855646428E-02  0.380887400019     -0.215020718637E-07   1.64558108609      0.761774800038      0.113048092478      0.113112795508      0.154726512033    
  0.250000000000      0.929616202748E-02  0.381977134806     -0.214380160017E-07   1.66007322615      0.763954269612      0.113401544210      0.113465200144      0.155110390452    
  0.281250000000      0.929363203853E-02  0.383128560885     -0.213718415181E-07   1.67431133313      0.766257121770      0.113778062327      0.113840653339      0.155509845220    
  0.312500000000      0.929096692590E-02  0.384341483250     -0.213034453100E-07   1.68828718653      0.768682966501      0.114177601987      0.114239110736      0.155924770528    
  0.343750000000      0.928816714723E-02  0.385615693628     -0.212327230402E-07   1.70199284414      0.771231387256      0.114600113464      0.114660523091      0.156355057073    
  0.375000000000      0.928523318833E-02  0.386950970919     -0.211595695187E-07   1.71542065170      0.773901941838      0.115045542239      0.115104836364      0.156800592317    
  0.406250000000      0.928216556225E-02  0.388347081629     -0.210838791823E-07   1.72856325117      0.776694163258      0.115513829090      0.115571991800      0.157261260740    
  0.437500000000      0.927896480837E-02  0.389803780281     -0.210055466203E-07   1.74141358842      0.779607560562      0.116004910172      0.116061926015      0.157736944094    
  0.468750000000      0.927563149152E-02  0.391320809811     -0.209244670640E-07   1.75396491945      0.782641619623      0.116518717095      0.116574571072      0.158227521644    
  0.500000000000      0.927216620118E-02  0.392897901941     -0.208405369410E-07   1.76621081594      0.785795803882      0.117055176992      0.117109854546      0.158732870404    
  0.531250000000      0.926856955073E-02  0.394534777520     -0.207536545063E-07   1.77814516993      0.789069555040      0.117614212581      0.117667699585      0.159252865354    
  0.562500000000      0.926484217671E-02  0.396231146845     -0.206637204314E-07   1.78976219717      0.792462293689      0.118195742219      0.118248024966      0.159787379659    
  0.593750000000      0.926098473825E-02  0.397986709944     -0.205706384374E-07   1.80105643963      0.795973419888      0.118799679945      0.118850745134      0.160336284865    
  0.625000000000      0.925699791646E-02  0.399801156832     -0.204743159815E-07   1.81202276702      0.799602313665      0.119425935516      0.119475770235      0.160899451081    
  0.656250000000      0.925288241399E-02  0.401674167731     -0.203746649522E-07   1.82265637733      0.803348335461      0.120074414431      0.120123006147      0.161476747153    
  0.687500000000      0.924863895458E-02  0.403605413252     -0.202716023113E-07   1.83295279659      0.807210826505      0.120745017946      0.120792354485      0.162068040821    
  0.718750000000      0.924426828276E-02  0.405594554555     -0.201650508672E-07   1.84290787724      0.811189109110      0.121437643082      0.121483712615      0.162673198858    
  0.750000000000      0.923977116357E-02  0.407641243460     -0.200549399391E-07   1.85251779616      0.815282486921      0.122152182619      0.122196973644      0.163292087198    
  0.781250000000      0.923514838237E-02  0.409745122540     -0.199412061059E-07   1.86177905177      0.819490245080      0.122888525087      0.122932026408      0.163924571045    
  0.812500000000      0.923040074474E-02  0.411905825172     -0.198237939144E-07   1.87068845953      0.823811650344      0.123646554742      0.123688755455      0.164570514975    
  0.843750000000      0.922552907638E-02  0.414122975566     -0.197026565655E-07   1.87924314823      0.828245951132      0.124426151541      0.124467041009      0.165229783016    
  0.875000000000      0.922053422313E-02  0.416396188769     -0.195777566270E-07   1.88744055394      0.832792377538      0.125227191106      0.125266758943      0.165902238721    
  0.906250000000      0.921541705103E-02  0.418725070640     -0.194490666584E-07   1.89527841423      0.837450141280      0.126049544683      0.126087780732      0.166587745224    
  0.937500000000      0.921017844640E-02  0.421109217810     -0.193165698893E-07   1.90275476161      0.842218435620      0.126893079103      0.126929973416      0.167286165291    
  0.968750000000      0.920481931592E-02  0.423548217627     -0.191802607872E-07   1.90986791616      0.847096435255      0.127757656726      0.127793199543      0.167997361358    
   1.00000000000      0.919934058686E-02  0.426041648090     -0.190401456253E-07   1.91661647790      0.852083296180      0.128643135403      0.128677317129      0.168721195559    
   1.03125000000      0.919374320717E-02  0.428589077771     -0.188962429844E-07   1.92299931858      0.857178155541      0.129549368417      0.129582179603      0.169457529751    
   1.06250000000      0.918802814570E-02  0.431190065740     -0.187485842095E-07   1.92901557306      0.862380131480      0.130476204443      0.130507635764      0.170206225533    
   1.09375000000      0.918219639231E-02  0.433844161494     -0.185972138007E-07   1.93466463042      0.867688322989      0.131423487500      0.131453529735      0.170967144259    
   1.12500000000      0.917624895807E-02  0.436550904889     -0.184421897340E-07   1.93994612458      0.873101809779      0.132391056912      0.132419700923      0.171740147054    
   1.15625000000      0.917018687535E-02  0.439309826086     -0.182835836959E-07   1.94485992498      0.878619652172      0.133378747277      0.133405983985      0.172525094824    
   1.18750000000      0.916401119787E-02  0.442120445514     -0.181214812660E-07   1.94940612684      0.884240891027      0.134386388437      0.134412208808      0.173321848269    
   1.21875000000      0.915772300081E-02  0.444982273857     -0.179559819933E-07   1.95358504140      0.889964547714      0.135413805466      0.135438200486      0.174130267905    
   1.25000000000      0.915132338070E-02  0.447894812067     -0.177871994032E-07   1.95739718597      0.895789624135      0.136460818662      0.136483779323      0.174950214083    
   1.28125000000      0.914481345537E-02  0.450857551405     -0.176152609107E-07   1.96084327408      0.901715102810      0.137527243555      0.137548760832      0.175781547018    
   1.31250000000      0.913819436380E-02  0.453869973518     -0.174403076156E-07   1.96392420544      0.907739947036      0.138612890928      0.138632955765      0.176624126825    
   1.34375000000      0.913146726579E-02  0.456931550556     -0.172624940435E-07   1.97097415075      0.913863101111      0.139717566852      0.139736170142      0.177477813562    
   1.37500000000      0.912463334171E-02  0.460041745327     -0.170819877728E-07   1.97876172408      0.920083490654      0.140841072733      0.140858205304      0.178342467290    
   1.40625000000      0.911769379199E-02  0.463200011501     -0.168989689548E-07   1.98625020485      0.926400023003      0.141983205387      0.141998857984      0.179217948130    
   1.43750000000      0.911064983660E-02  0.466405793855     -0.167136297768E-07   1.99343909776      0.932811587709      0.143143757116      0.143157920390      0.180104116349    
   1.46875000000      0.910350271442E-02  0.469658528566     -0.165261738144E-07   2.00032804398      0.939317057131      0.144322515815      0.144335180307      0.181000832443    
   1.50000000000      0.909625368243E-02  0.472957643558     -0.163368152949E-07   2.00691681290      0.945915287115      0.145519265093      0.145530421219      0.181907957245    
   1.53125000000      0.908890401492E-02  0.476302558893     -0.161457782887E-07   2.01320815561      0.952605117785      0.146733784407      0.146743422450      0.182825352036    
   1.56250000000      0.908145500248E-02  0.479692687214     -0.159532958208E-07   2.01931497753      0.959385374428      0.147965849223      0.147973959317      0.183752878674    
   1.59375000000      0.907390795090E-02  0.483127434235     -0.157596089323E-07   2.02593096223      0.966254868471      0.149215231188      0.149221803309      0.184690399738    
   1.62500000000      0.906626418003E-02  0.486606199280     -0.155649656452E-07   2.03320569464      0.973212398559      0.150481698322      0.150486722279      0.185637778679    
   1.65625000000      0.905852502248E-02  0.490128375862     -0.153696199137E-07   2.04108509017      0.980256751725      0.151765015226      0.151768480650      0.186594879986    
   1.68750000000      0.905069182223E-02  0.493693352318     -0.151738304921E-07   2.04950266237      0.987386704637      0.153064943310      0.153066839643      0.187561569365    
   1.71875000000      0.904276593322E-02  0.497300512467     -0.149778597988E-07   2.05843176794      0.994601024935      0.154381241029      0.154381557517      0.188537713922    
   1.75000000000      0.903474871770E-02  0.500949236319     -0.147819727307E-07   2.06777497849       1.00189847264      0.155713664136      0.155712389821      0.189523182362    
   1.78125000000      0.902664154473E-02  0.504638900809     -0.145864354824E-07   2.07752914008       1.00927780162      0.157061965954      0.157059089664      0.190517845191    
   1.81250000000      0.901844578841E-02  0.508368880564     -0.143915143315E-07   2.08762794779       1.01673776113      0.158425897647      0.158421407988      0.191521574929    
   1.84375000000      0.901016282620E-02  0.512138548695     -0.141974744649E-07   2.09804104654       1.02427709739      0.159805208512      0.159799093860      0.192534246322    
   1.87500000000      0.900179403707E-02  0.515947277602     -0.140045787662E-07   2.10874255753       1.03189455520      0.161199646273      0.161191894764      0.193555736565    
   1.90625000000      0.899334079979E-02  0.519794439807     -0.138130866719E-07   2.11969301874       1.03958887961      0.162608957381      0.162599556907      0.194585925519    
   1.93750000000      0.898480449099E-02  0.523679408782     -0.136232530372E-07   2.13084171743       1.04735881756      0.164032887327      0.164021825521      0.195624695933    
   1.96875000000      0.897618648338E-02  0.527601559792     -0.134353270356E-07   2.14219605739       1.05520311958      0.165471180949      0.165458445178      0.196671933664    
   2.00000000000      0.896748814390E-02  0.531560270733     -0.132495511299E-07   2.15374064838       1.06312054147      0.166923582742      0.166909160099      0.197727527892    
   2.03125000000      0.895871083184E-02  0.535554922967     -0.130661600609E-07   2.16537897873       1.07110984593      0.168389837174      0.168373714463      0.198791371329    
   2.06250000000      0.894985589712E-02  0.539584902140     -0.128853799431E-07   2.17719786543       1.07916980428      0.169869688992      0.169851852722      0.199863360426    
   2.09375000000      0.894092467843E-02  0.543649598994     -0.127074273981E-07   2.18905271825       1.08729919799      0.171362883532      0.171343319899      0.200943395564    
   2.12500000000      0.893191850156E-02  0.547748410148     -0.125325087451E-07   2.20105911029       1.09549682030      0.172869167014      0.172847861893      0.202031381241    
   2.15625000000      0.892283867772E-02  0.551880738857     -0.123608193279E-07   2.21309107167       1.10376147771      0.174388286843      0.174365225771      0.203127226243    
   2.18750000000      0.891368650192E-02  0.556045995747     -0.121925428638E-07   2.22514882671       1.11209199149      0.175919991889      0.175895160052      0.204230843806    
   2.21875000000      0.890446325147E-02  0.560243599504     -0.120278508965E-07   2.23730766490       1.12048719901      0.177464032765      0.177437414981      0.205342151758    
   2.25000000000      0.889517018448E-02  0.564472977537     -0.118669023339E-07   2.24943843067       1.12894595507      0.179020162092      0.178991742796      0.206461072650    
   2.28125000000      0.888580853859E-02  0.568733566594     -0.117098430825E-07   2.26154031660       1.13746713319      0.180588134754      0.180557897976      0.207587533863    
   2.31250000000      0.887637952963E-02  0.573024813331     -0.115568057346E-07   2.27371293005       1.14604962666      0.182167708133      0.182135637487      0.208721467711    
   2.34375000000      0.886688435052E-02  0.577346174841     -0.114079093747E-07   2.28584753053       1.15469234968      0.183758642340      0.183724720996      0.209862811505    
   2.37500000000      0.885732417018E-02  0.581697119130     -0.112632594412E-07   2.29793219176       1.16339423826      0.185360700423      0.185324911092      0.211011507615    
   2.40625000000      0.884770013264E-02  0.586077125539     -0.111229476784E-07   2.30995383815       1.17215425108      0.186973648561      0.186935973475      0.212167503503    
   2.43750000000      0.883801335620E-02  0.590485685119     -0.109870521833E-07   2.32194062917       1.18097137024      0.188597256249      0.188557677133      0.213330751737    
   2.46875000000      0.882826493273E-02  0.594922300947     -0.108556374767E-07   2.33394941246       1.18984460189      0.190231296453      0.190189794509      0.214501209985    
   2.50000000000      0.881845592709E-02  0.599386488394     -0.107287546988E-07   2.34586509918       1.19877297679      0.191875545763      0.191832101645      0.215678840986    
   2.53125000000      0.880858737668E-02  0.603877775328     -0.106064418231E-07   2.35768657741       1.20775555066      0.193529784518      0.193484378309      0.216863612502    
   2.56250000000      0.879866029109E-02  0.608395702274     -0.104887239661E-07   2.36942626790       1.21679140455      0.195193796919      0.195146408107      0.218055497248    
   2.59375000000      0.878867565188E-02  0.612939822509     -0.103756137198E-07   2.38108464508       1.22587964502      0.196867371124      0.196817978581      0.219254472804    
   2.62500000000      0.877863441250E-02  0.617509702110     -0.102671115582E-07   2.39261402397       1.23501940422      0.198550299326      0.198498881285      0.220460521499    
   2.65625000000      0.876853749828E-02  0.622104919948     -0.101632062668E-07   2.40408916625       1.24420983990      0.200242377817      0.200188911844      0.221673630287    
   2.68750000000      0.875838580658E-02  0.626725067626     -0.100638754287E-07   2.41542072175       1.25345013525      0.201943407027      0.201887870007      0.222893790592    
   2.71875000000      0.874818020702E-02  0.631369749374     -0.996908593063E-08   2.42668907405       1.26273949875      0.203653191560      0.203595559671      0.224120998144    
   2.75000000000      0.873792154180E-02  0.636038581889     -0.987879449017E-08   2.43786433652       1.27207716378      0.205371540202      0.205311788897      0.225355252790    
   2.78125000000      0.872761062620E-02  0.640731194132     -0.979294823036E-08   2.44916324635       1.28146238826      0.207098265927      0.207036369910      0.226596558295    
   2.81250000000      0.871724824908E-02  0.645447227082     -0.971148522818E-08   2.46124794099       1.29089445416      0.208833185872      0.208769119087      0.227844922123    
   2.84375000000      0.870683517355E-02  0.650186333444     -0.963433512807E-08   2.47415276491       1.30037266689      0.210576121317      0.210509856927      0.229100355200    
   2.87500000000      0.869637213766E-02  0.654948177322     -0.956141970250E-08   2.48775767946       1.30989635464      0.212326897637      0.212258408011      0.230362871675    
   2.90625000000      0.868585985522E-02  0.659732433850     -0.949265347331E-08   2.50201656253       1.31946486770      0.214085344249      0.214014600948      0.231632488653    
   2.93750000000      0.867529901668E-02  0.664538788795     -0.942794428277E-08   2.51712375120       1.32907757759      0.215851294548      0.215778268317      0.232909225930    
   2.96875000000      0.866469029011E-02  0.669366938119     -0.936719389963E-08   2.53274224760       1.33873387624      0.217624585825      0.217549246582      0.234193105711    
   3.00000000000      0.865403432214E-02  0.674216587523     -0.931029856066E-08   2.54908997404       1.34843317505      0.219405059187      0.219327376019      0.235484152317    
   3.03125000000      0.864333173912E-02  0.679087451958     -0.925714957723E-08   2.56589450861       1.35817490392      0.221192559453      0.221112500611      0.236782391894    
   3.06250000000      0.863258314817E-02  0.683979255111     -0.920763384896E-08   2.58336291187       1.36795851022      0.222986935055      0.222904467956      0.238087852100    
   3.09375000000      0.862178913840E-02  0.688891728876     -0.916163440027E-08   2.60129234234       1.37778345775      0.224788037921      0.224703129148      0.239400561807    
   3.12500000000      0.861095028207E-02  0.693824612805     -0.911903091495E-08   2.61966696094       1.38764922561      0.226595723359      0.226508338668      0.240720550777    
   3.15625000000      0.860006713588E-02  0.698777653538     -0.907970018564E-08   2.63858132296       1.39755530708      0.228409849928      0.228319954257      0.242047849353    
   3.18750000000      0.858914024223E-02  0.703750604231     -0.904351660896E-08   2.65797141792       1.40750120846      0.230230279306      0.230137836785      0.243382488140    
   3.21875000000      0.857817013047E-02  0.708743223965     -0.901035260218E-08   2.67777914529       1.41748644793      0.232056876157      0.231961850123      0.244724497685    
   3.25000000000      0.856715731825E-02  0.713755277150     -0.898007904492E-08   2.69802463773       1.42751055430      0.233889507985      0.233791861004      0.246073908162    
   3.28125000000      0.855610231283E-02  0.718786532929     -0.895256562820E-08   2.71978615300       1.43757306586      0.235728044993      0.235627738878      0.247430749057    
   3.31250000000      0.854500561240E-02  0.723836764568     -0.892768124728E-08   2.74242021718       1.44767352914      0.237572359937      0.237469355775      0.248795048856    
   3.34375000000      0.853386770742E-02  0.728905748859     -0.890529431208E-08   2.76523541456       1.45781149772      0.239422327971      0.239316586153      0.250166834735    
   3.37500000000      0.852268908190E-02  0.733993265517     -0.888527308382E-08   2.78831938388       1.46798653103      0.241277826502      0.241169306752      0.251546132263    
   3.40625000000      0.851147021477E-02  0.739099096579     -0.886748590415E-08   2.81163088365       1.47819819316      0.243138735034      0.243027396446      0.252932965099    
   3.43750000000      0.850021158114E-02  0.744223025817     -0.885180151228E-08   2.83511204442       1.48844605163      0.245004935015      0.244890736093      0.254327354709    
   3.46875000000      0.848891365360E-02  0.749364838151     -0.883808921241E-08   2.85889835945       1.49872967630      0.246876309684      0.246759208382      0.255729320084    
   3.50000000000      0.847757690347E-02  0.754524319074     -0.882621911049E-08   2.88276777944       1.50904863815      0.248752743920      0.248632697690      0.257138877465    
   3.53125000000      0.846620180205E-02  0.759701254095     -0.881606228648E-08   2.90694724575       1.51940250819      0.250634124087      0.250511089925      0.258556040084    
   3.56250000000      0.845478882182E-02  0.764895428181     -0.880749093490E-08   2.93114912068       1.52979085636      0.252520337885      0.252394272383      0.259980817914    
   3.59375000000      0.844333843763E-02  0.770106625227     -0.880037852693E-08   2.95564320325       1.54021325045      0.254411274199      0.254282133601      0.261413217427    
   3.62500000000      0.843185112782E-02  0.775334627533     -0.879459986311E-08   2.98012608814       1.55066925507      0.256306822954      0.256174563211      0.262853241369    
   3.65625000000      0.842032737534E-02  0.780579215304     -0.879003125320E-08   3.00488968156       1.56115843061      0.258206874968      0.258071451796      0.264300888540    
   3.68750000000      0.840876766881E-02  0.785840166160     -0.878655049627E-08   3.02966187018       1.57168033232      0.260111321807      0.259972690754      0.265756153599    
   3.71875000000      0.839717250355E-02  0.791117254677     -0.878403700855E-08   3.05452542137       1.58223450935      0.262020055652      0.261878172156      0.267219026870    
   3.75000000000      0.838554238256E-02  0.796410251937     -0.878237182259E-08   3.07970749364       1.59282050387      0.263932969153      0.263787788612      0.268689494172    
   3.78125000000      0.837387781743E-02  0.801718925103     -0.878143760377E-08   3.10480428769       1.60343785021      0.265849955303      0.265701433142      0.270167536658    
   3.81250000000      0.836217932927E-02  0.807043037020     -0.878111871082E-08   3.13010089817       1.61408607404      0.267770907304      0.267618999044      0.271653130672    
   3.84375000000      0.835044744950E-02  0.812382345830     -0.878130113851E-08   3.15543342318       1.62476469166      0.269695718442      0.269540379770      0.273146247618    
   3.87500000000      0.833868272066E-02  0.817736604616     -0.878187257760E-08   3.18085858479       1.63547320923      0.271624281965      0.271465468806      0.274646853845    
   3.90625000000      0.832688569714E-02  0.823105561068     -0.878272227643E-08   3.20641416062       1.64621112214      0.273556490961      0.273394159553      0.276154910554    
   3.93750000000      0.831505694587E-02  0.828488957172     -0.878374117299E-08   3.23197805680       1.65697791434      0.275492238250      0.275326345215      0.277670373708    
   3.96875000000      0.830319704695E-02  0.833886528920     -0.878482171272E-08   3.25774844278       1.66777305784      0.277431416266      0.277261918684      0.279193193970    
   4.00000000000      0.829130659420E-02  0.839298006052     -0.878585792242E-08   3.28345742567       1.67859601210      0.279373916959      0.279200772444      0.280723316650    
   4.03125000000      0.827938619574E-02  0.844723111813     -0.878674528478E-08   3.30943362773       1.68944622363      0.281319631687      0.281142798459      0.282260681667    
   4.06250000000      0.826743647440E-02  0.850161562738     -0.878738076355E-08   3.33529636304       1.70032312548      0.283268451126      0.283087888083      0.283805223530    
   4.09375000000      0.825545806820E-02  0.855613068464     -0.878766270366E-08   3.36146171427       1.71122613693      0.285220265168      0.285035931964      0.285356871331    
   4.12500000000      0.824345163066E-02  0.861077331559     -0.878749084061E-08   3.38747943855       1.72215466312      0.287174962845      0.286986819958      0.286915548755    
   4.15625000000      0.823141783118E-02  0.866554047383     -0.878676621413E-08   3.41381858046       1.73310809477      0.289132432237      0.288940441042      0.288481174104    
   4.18750000000      0.821935735523E-02  0.872042903963     -0.878539113439E-08   3.43998750387       1.74408580793      0.291092560395      0.290896683236      0.290053660331    
   4.21875000000      0.820727090462E-02  0.877543581897     -0.878326919271E-08   3.46648319001       1.75508716379      0.293055233273      0.292855433525      0.291632915098    
   4.25000000000      0.819515919765E-02  0.883055754281     -0.878030517722E-08   3.49279565416       1.76611150856      0.295020335650      0.294816577795      0.293218840835    
   4.28125000000      0.818302296923E-02  0.888579086652     -0.877640508253E-08   3.51942674338       1.77715817330      0.296987751074      0.296780000758      0.294811334821    
   4.31250000000      0.817086297092E-02  0.894113236962     -0.877147610678E-08   3.54587076005       1.78822647392      0.298957361795      0.298745585896      0.296410289271    
   4.34375000000      0.815867997101E-02  0.899657855557     -0.876542661377E-08   3.57261183447       1.79931571111      0.300929048716      0.300713215401      0.298015591440    
   4.37500000000      0.814647475444E-02  0.905212585198     -0.875816615132E-08   3.59917766259       1.81042517040      0.302902691337      0.302682770124      0.299627123737    
   4.40625000000      0.813424812280E-02  0.910777061080     -0.874960550953E-08   3.62599478153       1.82155412216      0.304878167713      0.304654129524      0.301244763843    
   4.43750000000      0.812200089416E-02  0.916350910882     -0.873965668025E-08   3.65295218344       1.83270182176      0.306855354412      0.306627171623      0.302868384847    
   4.46875000000      0.810973390298E-02  0.921933754833     -0.872823297626E-08   3.67985679032       1.84386750967      0.308834126474      0.308601772969      0.304497855390    
   4.50000000000      0.809744799992E-02  0.927525205794     -0.871524903215E-08   3.70694101667       1.85505041159      0.310814357384      0.310577808600      0.306133039809    
   4.53125000000      0.808514405160E-02  0.933124869352     -0.870062091105E-08   3.73388087177       1.86624973870      0.312795919041      0.312555152010      0.307773798301    
   4.56250000000      0.807282294037E-02  0.938732343939     -0.868426620754E-08   3.76106078568       1.87746468788      0.314778681734      0.314533675122      0.309419987083    
   4.59375000000      0.806048556404E-02  0.944347220956     -0.866610411888E-08   3.78799720289       1.88869444191      0.316762514123      0.316513248270      0.311071458563    
   4.62500000000      0.804813283554E-02  0.949969084917     -0.864605562790E-08   3.81534421600       1.89993816983      0.318747283226      0.318493740171      0.312728061520    
   4.65625000000      0.803576568260E-02  0.955597513600     -0.862404360065E-08   3.84257146464       1.91119502720      0.320732854403      0.320475017918      0.314389641279    
   4.68750000000      0.802338504738E-02  0.961232078218     -0.859999299838E-08   3.87004452722       1.92246415644      0.322719091354      0.322456946968      0.316056039895    
   4.71875000000      0.801099188608E-02  0.966872343591     -0.857383106111E-08   3.89730508866       1.93374468718      0.324705856114      0.324439391131      0.317727096346    
   4.75000000000      0.799858716855E-02  0.972517868338     -0.854548752653E-08   3.92468712241       1.94503573668      0.326693009053      0.326422212571      0.319402646714    
   4.78125000000      0.798617187781E-02  0.978168205069     -0.851489483956E-08   3.95214225026       1.95633641014      0.328680408883      0.328405271804      0.321082524382    
   4.81250000000      0.797374700964E-02  0.983822900592     -0.848198847722E-08   3.97955222489       1.96764580118      0.330667912668      0.330388427705      0.322766560218    
   4.84375000000      0.796131357211E-02  0.989481496126     -0.844670716441E-08   4.00731776168       1.97896299225      0.332655375834      0.332371537517      0.324454582775    
   4.87500000000      0.794887258509E-02  0.995143527519     -0.840899327268E-08   4.03458594676       1.99028705504      0.334642652187      0.334354456860      0.326146418472    
   4.90625000000      0.793642507975E-02   1.00080852547     -0.836879310867E-08   4.06226364967       2.00161705094      0.336629593931      0.336337039749      0.327841891789    
   4.93750000000      0.792397209807E-02   1.00647601576     -0.832605725883E-08   4.09004226541       2.01295203152      0.338616051698      0.338319138613      0.329540825450    
   4.96875000000      0.791151469233E-02   1.01214551950     -0.828074109154E-08   4.11769666789       2.02429103899      0.340601874569      0.340300604317      0.331243040609    
   5.00000000000      0.789905392456E-02   1.01781655333     -0.823280503468E-08   4.14540618557       2.03563310665      0.342586910106      0.342281286191      0.332948357029    
