   0.00000000000      0.810521108710E-02  0.375000000000     -0.352045849179E-05   1.85674365565      0.750000000000      0.807417068134E-01  0.828356955772E-01  0.211422597609    
  0.312500000000E-01  0.810496944657E-02  0.376759572285     -0.352042888721E-05   1.87143436264      0.753519144570      0.814526490947E-01  0.835398225453E-01  0.211767100645    
  0.625000000000E-01  0.810471183636E-02  0.378635432202     -0.352039422170E-05   1.88633590735      0.757270864403      0.822099912248E-01  0.842888487110E-01  0.212136592266    
  0.937500000000E-01  0.810443776587E-02  0.380631152159     -0.352035486165E-05   1.90156943480      0.761262304318      0.830150604329E-01  0.850840828776E-01  0.212532008849    
  0.125000000000      0.810414671708E-02  0.382750504191     -0.352031123796E-05   1.91716662977      0.765501008382      0.838692548549E-01  0.859269061000E-01  0.212954343236    
  0.156250000000      0.810383814393E-02  0.384997464671     -0.352026384857E-05   1.93308894796      0.769994929342      0.847740445656E-01  0.868187726583E-01  0.213404647447    
  0.187500000000      0.810351147178E-02  0.387376218006     -0.352021326067E-05   1.94939080691      0.774752436012      0.857309722789E-01  0.877612106892E-01  0.213884035038    
  0.218750000000      0.810316609706E-02  0.389891159062     -0.352016011247E-05   1.96613605693      0.779782318124      0.867416536333E-01  0.887558223945E-01  0.214393683034    
  0.250000000000      0.810280138723E-02  0.392546894062     -0.352010511415E-05   1.98339632267      0.785093788124      0.878077769749E-01  0.898042837365E-01  0.214934833351    
  0.281250000000      0.810241668080E-02  0.395348239681     -0.352004904800E-05   2.00125509326      0.790696479362      0.889311025439E-01  0.909083435292E-01  0.215508793608    
  0.312500000000      0.810201128782E-02  0.398300220057     -0.351999276730E-05   2.01988440980      0.796600440114      0.901134609686E-01  0.920698218303E-01  0.216116937258    
  0.343750000000      0.810158449056E-02  0.401408061440     -0.351993719377E-05   2.03930729886      0.802816122880      0.913567509700E-01  0.932906075374E-01  0.216760702933    
  0.375000000000      0.810113554466E-02  0.404677184209     -0.351988331320E-05   2.05964414135      0.809354368418      0.926629361855E-01  0.945726550995E-01  0.217441592924    
  0.406250000000      0.810066368056E-02  0.408113192014     -0.351983216903E-05   2.08103209160      0.816226384028      0.940340410261E-01  0.959179802587E-01  0.218161170729    
  0.437500000000      0.810016810546E-02  0.411721857830     -0.351978485356E-05   2.10362177040      0.823443715660      0.954721454929E-01  0.973286547528E-01  0.218921057585    
  0.468750000000      0.809964800568E-02  0.415509106765     -0.351974249646E-05   2.12760685080      0.831018213529      0.969793788971E-01  0.988067999228E-01  0.219722927945    
  0.500000000000      0.809910254945E-02  0.419480995517     -0.351970625030E-05   2.15320775004      0.838961991035      0.985579124497E-01  0.100354579197      0.220568503871    
  0.531250000000      0.809853089023E-02  0.423643688478     -0.351967727292E-05   2.18070068475      0.847287376956      0.100209950711      0.101974189442      0.221459548325    
  0.562500000000      0.809793217041E-02  0.428003430523     -0.351965670642E-05   2.21029405616      0.856006861046      0.101937721925      0.103667851215      0.222397857382    
  0.593750000000      0.809730552550E-02  0.432566516687     -0.351964565277E-05   2.24245407608      0.865133033374      0.103743467296      0.105437797971      0.223385251420    
  0.625000000000      0.809665008867E-02  0.437339258981     -0.351964514586E-05   2.27707385452      0.874678517962      0.105629429303      0.107286264326      0.224423565352    
  0.656250000000      0.809596499568E-02  0.442327950737     -0.351965612020E-05   2.31490148459      0.884655901473      0.107597839178      0.109215473520      0.225514638039    
  0.687500000000      0.809524938999E-02  0.447538828970     -0.351967937652E-05   2.35637456527      0.895077657939      0.109650903735      0.111227624234      0.226660301001    
  0.718750000000      0.809450242818E-02  0.452978035345     -0.351971554439E-05   2.40198302257      0.905956070689      0.111790791730      0.113324876988      0.227862366627    
  0.750000000000      0.809372328537E-02  0.458651576403     -0.351976504249E-05   2.45174395087      0.917303152805      0.114019619996      0.115509340337      0.229122616070    
  0.781250000000      0.809291116071E-02  0.464565283787     -0.351982803702E-05   2.50585438924      0.929130567574      0.116339439610      0.117783057121      0.230442787056    
  0.812500000000      0.809206528273E-02  0.470724775222     -0.351990439881E-05   2.56476015813      0.941449550444      0.118752222340      0.120147991042      0.231824561840    
  0.843750000000      0.809118491446E-02  0.477135417032     -0.351999366000E-05   2.62832780309      0.954270834065      0.121259847661      0.122606013818      0.233269555553    
  0.875000000000      0.809026935832E-02  0.483802288943     -0.352009497112E-05   2.69677680915      0.967604577886      0.123864090581      0.125158893192      0.234779305171    
  0.906250000000      0.808931796048E-02  0.490730151881     -0.352020705936E-05   2.76970000427      0.981460303762      0.126566610526      0.127808282010      0.236355259344    
  0.937500000000      0.808833011484E-02  0.497923419401     -0.352032818901E-05   2.84629304466      0.995846838802      0.129368941513      0.130555708604      0.237998769284    
  0.968750000000      0.808730526634E-02  0.505386133265     -0.352045612493E-05   2.92757732312       1.01077226653      0.132272483757      0.133402568624      0.239711080884    
   1.00000000000      0.808624291371E-02  0.513121943597     -0.352058810000E-05   3.01214521249       1.02624388719      0.135278496884      0.136350118480      0.241493328232    
   1.03125000000      0.808514261151E-02  0.521134093887     -0.352072078735E-05   3.10084797444       1.04226818777      0.138388094823      0.139399470453      0.243346528611    
   1.06250000000      0.808400397154E-02  0.529425410995     -0.352085027803E-05   3.19384485322       1.05885082199      0.141602242422      0.142551589529      0.245271579044    
   1.09375000000      0.808282666348E-02  0.537998300172     -0.352097206485E-05   3.28851539266       1.07599660034      0.144921753798      0.145807291949      0.247269254426    
   1.12500000000      0.808161041491E-02  0.546854744971     -0.352108103289E-05   3.38495067594       1.09370948994      0.148347292362      0.149167245407      0.249340207203    
   1.15625000000      0.808035501073E-02  0.555996311832     -0.352117145698E-05   3.48450191019       1.11199262366      0.151879372454      0.152631970834      0.251484968543    
   1.18750000000      0.807906029185E-02  0.565424159002     -0.352123700642E-05   3.58403562773       1.13084831800      0.155518362463      0.156201845630      0.253703950909    
   1.21875000000      0.807772615350E-02  0.575139049392     -0.352127075698E-05   3.68445820803       1.15027809878      0.159264489293      0.159877108207      0.255997451893    
   1.25000000000      0.807635254297E-02  0.585141366891     -0.352126521021E-05   3.78838959285       1.17028273378      0.163117844024      0.163657863689      0.258365659177    
   1.28125000000      0.807493945691E-02  0.595431135646     -0.352121231968E-05   3.89032409702       1.19086227129      0.167078388606      0.167544090597      0.260808656443    
   1.31250000000      0.807348693843E-02  0.606008041781     -0.352110352397E-05   3.99655686441       1.21201608356      0.171145963393      0.171535648337      0.263326430051    
   1.34375000000      0.807199507381E-02  0.616871457018     -0.352092978585E-05   4.10169470142       1.23374291404      0.175320295372      0.175632285336      0.265918876310    
   1.37500000000      0.807046398904E-02  0.628020463704     -0.352068163726E-05   4.20831693974       1.25604092741      0.179601006901      0.179833647656      0.268585809147    
   1.40625000000      0.806889384634E-02  0.639453880749     -0.352034922927E-05   4.31606044224       1.27890776150      0.183987624816      0.184139287926      0.271326968007    
   1.43750000000      0.806728484042E-02  0.651170290021     -0.351992238650E-05   4.42372630361       1.30234058004      0.188479589746      0.188548674461      0.274142025814    
   1.46875000000      0.806563719497E-02  0.663168062790     -0.351939066517E-05   4.53491089364       1.32633612558      0.193076265518      0.193061200433      0.277030596839    
   1.50000000000      0.806395115897E-02  0.675445385858     -0.351874341406E-05   4.64444118042       1.35089077172      0.197776948529      0.197676192992      0.279992244337    
   1.53125000000      0.806222700325E-02  0.688000287042     -0.351796983747E-05   4.75722359802       1.37600057408      0.202580876977      0.202392922221      0.283026487844    
   1.56250000000      0.806046501709E-02  0.700830659757     -0.351705905955E-05   4.86845447061       1.40166131951      0.207487239874      0.207210609865      0.286132810018    
   1.59375000000      0.805866550503E-02  0.713934286457     -0.351600018893E-05   4.98181802137       1.42786857291      0.212495185751      0.212128437750      0.289310662956    
   1.62500000000      0.805682878378E-02  0.727308860754     -0.351478238290E-05   5.09560308172       1.45461772151      0.217603831004      0.217145555835      0.292559473915    
   1.65625000000      0.805495517943E-02  0.740952008077     -0.351339491046E-05   5.20874997414       1.48190401615      0.222812267822      0.222261089860      0.295878650395    
   1.68750000000      0.805304502480E-02  0.754861304764     -0.351182721307E-05   5.32582824391       1.50972260953      0.228119571660      0.227474148554      0.299267584550    
   1.71875000000      0.805109865706E-02  0.769034295516     -0.351006896254E-05   5.44130260985       1.53806859103      0.233524808232      0.232783830373      0.302725656911    
   1.75000000000      0.804911641557E-02  0.783468509183     -0.350811011511E-05   5.56196478308       1.56693701836      0.239027039993      0.238189229764      0.306252239426    
   1.78125000000      0.804709863990E-02  0.798161472860     -0.350594096099E-05   5.67555149885       1.59632294572      0.244625332112      0.243689442936      0.309846697813    
   1.81250000000      0.804504566818E-02  0.813110724342     -0.350355216852E-05   5.80101344166       1.62622144868      0.250318757925      0.249283573155      0.313508393262    
   1.84375000000      0.804295783555E-02  0.828313822952     -0.350093482229E-05   5.91758505599       1.65662764590      0.256106403887      0.254970735561      0.317236683505    
   1.87500000000      0.804083547296E-02  0.843768358843     -0.349808045445E-05   6.04252773093       1.68753671769      0.261987374021      0.260750061529      0.321030923294    
   1.90625000000      0.803867890600E-02  0.859471960852     -0.349498106871E-05   6.16446531854       1.71894392170      0.267960793908      0.266620702603      0.324890464341    
   1.93750000000      0.803648845407E-02  0.875422303035     -0.349162915624E-05   6.28653643388       1.75084460607      0.274025814242      0.272581834029      0.328814654764    
   1.96875000000      0.803426442963E-02  0.891617110029     -0.348801770325E-05   6.41479056125       1.78323422006      0.280181613987      0.278632657929      0.332802838113    
   2.00000000000      0.803200713759E-02  0.908054161396     -0.348414018962E-05   6.53710473424       1.81610832279      0.286427403199      0.284772406176      0.336854352022    
   2.03125000000      0.802971687481E-02  0.924731295147     -0.347999057841E-05   6.66865554818       1.84946259029      0.292762425559      0.291000342998      0.340968526590    
   2.06250000000      0.802739392977E-02  0.941646410650     -0.347556329592E-05   6.79411698685       1.88329282130      0.299185960693      0.297315767411      0.345144682546    
   2.09375000000      0.802503858212E-02  0.958797471159     -0.347085320247E-05   6.92779298021       1.91759494232      0.305697326348      0.303718015513      0.349382129298    
   2.12500000000      0.802265110245E-02  0.976182506204     -0.346585555341E-05   7.05936314743       1.95236501241      0.312295880501      0.310206462746      0.353680162957    
   2.15625000000      0.802023175187E-02  0.993799614113     -0.346056595107E-05   7.19086340801       1.98759922823      0.318981023492      0.316780526184      0.358038064437    
   2.18750000000      0.801778078167E-02   1.01164696495     -0.345498028738E-05   7.32915510236       2.02329392990      0.325752200269      0.323439666952      0.362455097731    
   2.21875000000      0.801529843275E-02   1.02972280416     -0.344909467756E-05   7.45796505719       2.05944560832      0.332608902827      0.330183392847      0.366930508486    
   2.25000000000      0.801278493505E-02   1.04802545719     -0.344290538533E-05   7.60303258165       2.09605091437      0.339550672943      0.337011261262      0.371463522981    
   2.28125000000      0.801024050669E-02   1.06655333542     -0.343640873978E-05   7.73879592091       2.13310667085      0.346577105274      0.343922882501      0.376053347648    
   2.31250000000      0.800766535297E-02   1.08530494372     -0.342960104432E-05   7.88077779470       2.17060988743      0.353687850918      0.350917923552      0.380699169246    
   2.34375000000      0.800505966503E-02   1.10427888974     -0.342247847801E-05   8.02245272743       2.20855777947      0.360882621486      0.357996112417      0.385400155833    
   2.37500000000      0.800242361836E-02   1.12347389546     -0.341503698943E-05   8.16056846447       2.24694779092      0.368161193751      0.365157243046      0.390155458663    
   2.40625000000      0.799975737083E-02   1.14288881097     -0.340727218327E-05   8.30683251791       2.28577762194      0.375523414904      0.372401180928      0.394964215137    
   2.43750000000      0.799706106047E-02   1.16252263077     -0.339917919973E-05   8.45339739611       2.32504526155      0.382969208437      0.379727869378      0.399825552958    
   2.46875000000      0.799433480288E-02   1.18237451276     -0.339075258658E-05   8.60067239707       2.36474902551      0.390498580632      0.387137336524      0.404738595600    
   2.50000000000      0.799157868826E-02   1.20244379984     -0.338198616391E-05   8.75282634008       2.40488759968      0.398111627630      0.394629702974      0.409702469238    
   2.53125000000      0.798879277801E-02   1.22273004439     -0.337287288140E-05   8.89603995501       2.44546008877      0.405808543006      0.402205190130      0.414716311251    
   2.56250000000      0.798597710110E-02   1.24323303522     -0.336340466810E-05   9.04971813030       2.48646607044      0.413589625743      0.409864129062      0.419779280417    
   2.59375000000      0.798313164992E-02   1.26395282725     -0.335357227501E-05   9.20748130198       2.52790565450      0.421455288489      0.417606969851      0.424890568908    
   2.62500000000      0.798025637596E-02   1.28488977336     -0.334336511069E-05   9.36202840943       2.56977954672      0.429406065926      0.425434291251      0.430049416183    
   2.65625000000      0.797735118510E-02   1.30604455844     -0.333277107107E-05   9.51444127121       2.61208911688      0.437442623063      0.433346810500      0.435255124875    
   2.68750000000      0.797441593273E-02   1.32741823509     -0.332177636480E-05   9.67449120559       2.65483647018      0.445565763243      0.441345393110      0.440507078736    
   2.71875000000      0.797145041864E-02   1.34901226076     -0.331036533653E-05   9.84232839726       2.69802452152      0.453776435639      0.449431062387      0.445804762736    
   2.75000000000      0.796845438179E-02   1.37082853581     -0.329852029090E-05   9.99871105822       2.74165707162      0.462075741998      0.457605008463      0.451147785349    
   2.78125000000      0.796542749502E-02   1.39286944209     -0.328622132146E-05   10.1552530203       2.78573888419      0.470464942384      0.465868596604      0.456535903105    
   2.81250000000      0.796236935972E-02   1.41513788167     -0.327344614893E-05   10.3378623408       2.83027576334      0.478945459703      0.474223374525      0.461969047439    
   2.84375000000      0.795927950056E-02   1.43763731515     -0.326016997448E-05   10.5030859250       2.87527463031      0.487518882773      0.482671078487      0.467447353895    
   2.87500000000      0.795615736036E-02   1.46037179939     -0.324636535351E-05   10.6720328961       2.92074359879      0.496186967739      0.491213637941      0.472971193715    
   2.90625000000      0.795300229500E-02   1.48334602406     -0.323200209605E-05   10.8422794380       2.96669204811      0.504951637679      0.499853178503      0.478541207874    
   2.93750000000      0.794981356862E-02   1.50656534689     -0.321704719856E-05   11.0204923656       3.01313069378      0.513814980228      0.508592023071      0.484158343593    
   2.96875000000      0.794659034899E-02   1.53003582743     -0.320146481142E-05   11.2068214267       3.06007165486      0.522779243127      0.517432690917      0.489823893386    
   3.00000000000      0.794333170311E-02   1.55376425888     -0.318521624327E-05   11.3914804124       3.10752851775      0.531846827588      0.526377894595      0.495539536694    
   3.03125000000      0.794003659309E-02   1.57775819808     -0.316826000111E-05   11.5639056810       3.15551639617      0.541020279408      0.535430534527      0.501307384148    
   3.06250000000      0.793670387236E-02   1.60202599338     -0.315055186037E-05   11.7592496490       3.20405198676      0.550302277748      0.544593691131      0.507130024503    
   3.09375000000      0.793333228214E-02   1.62657681008     -0.313204495438E-05   11.9438501239       3.25315362016      0.559695621498      0.553870614326      0.513010574258    
   3.12500000000      0.792992044832E-02   1.65142065328     -0.311268986719E-05   12.1303053961       3.30284130655      0.569203213116      0.563264710242      0.518952729917    
   3.15625000000      0.792646687875E-02   1.67656838750     -0.309243470780E-05   12.3459345051       3.35313677500      0.578828039796      0.572779524901      0.524960822802    
   3.18750000000      0.792296996107E-02   1.70203175257     -0.307122513865E-05   12.5366314007       3.40406350513      0.588573151772      0.582418724601      0.531039876194    
   3.21875000000      0.791942796119E-02   1.72782337466     -0.304900432670E-05   12.7519029848       3.45564674931      0.598441637546      0.592186072669      0.537195664441    
   3.25000000000      0.791583902257E-02   1.75395677149     -0.302571278387E-05   12.9579307220       3.50791354297      0.608436595803      0.602085402224      0.543434773461    
   3.28125000000      0.791220116652E-02   1.78044635015     -0.300128806426E-05   13.1599552815       3.56089270030      0.618561103781      0.612120584553      0.549764661815    
   3.31250000000      0.790851229376E-02   1.80730739595     -0.297566429156E-05   13.3842490148       3.61461479190      0.628818181978      0.622295492756      0.556193721218    
   3.34375000000      0.790477018737E-02   1.83455605050     -0.294877150041E-05   13.5735336307       3.66911210101      0.639210755175      0.632613960373      0.562731334956    
   3.37500000000      0.790097251758E-02   1.86220927720     -0.292053479334E-05   13.8156223016       3.72441855440      0.649741610007      0.643079734871      0.569387932321    
   3.40625000000      0.789711684850E-02   1.89028481233     -0.289087333841E-05   14.0224648623       3.78056962465      0.660413349598      0.653696426067      0.576175036662    
   3.43750000000      0.789320064694E-02   1.91880110023     -0.285969926391E-05   14.2512290089       3.83760220046      0.671228346152      0.664467449857      0.583105304222    
   3.46875000000      0.788922129379E-02   1.94777721109     -0.282691654279E-05   14.4772965433       3.89555442217      0.682188692780      0.675395967888      0.590192550419    
   3.50000000000      0.788517609782E-02   1.97723274020     -0.279242000014E-05   14.6893347589       3.95446548040      0.693296156271      0.686484824186      0.597451759743    
   3.53125000000      0.788106231217E-02   2.00718768787     -0.275609461648E-05   14.9359455221       4.01437537574      0.704552132888      0.697736479990      0.604899074990    
   3.56250000000      0.787687715363E-02   2.03766231897     -0.271781533326E-05   15.1558160149       4.07532463793      0.715957609522      0.709152948342      0.612551761103    
   3.59375000000      0.787261782484E-02   2.06867700139     -0.267744758583E-05   15.3952613755       4.13735400278      0.727513132698      0.720735730112      0.620428138582    
   3.62500000000      0.786828153951E-02   2.10025202247     -0.263484878275E-05   15.6203322101       4.20050404494      0.739218787897      0.732485753310      0.628547481263    
   3.65625000000      0.786386555074E-02   2.13240738239     -0.258987090901E-05   15.8509947006       4.26481476479      0.751074191405      0.744403317595      0.636929873393    
   3.68750000000      0.785936718271E-02   2.16516256397     -0.254236434341E-05   16.0835263444       4.33032512793      0.763078496491      0.756488045985      0.645596021490    
   3.71875000000      0.785478386549E-02   2.19853627861     -0.249218284404E-05   16.3044065792       4.39707255722      0.775230415087      0.768738845919      0.654567017606    
   3.75000000000      0.785011317308E-02   2.23254618975     -0.243918947419E-05   16.5534518602       4.46509237951      0.787528255356      0.781153881988      0.663864052411    
   3.78125000000      0.784535286405E-02   2.26720861659     -0.238326303085E-05   16.7610634743       4.53441723317      0.799969974673      0.793730562894      0.673508079019    
   3.81250000000      0.784050092423E-02   2.30253822351     -0.232430433468E-05   17.0102494530       4.60507644701      0.812553246581      0.806465545369      0.683519431555    
   3.84375000000      0.783555561021E-02   2.33854770298     -0.226224159069E-05   17.2190130568       4.67709540596      0.825275539433      0.819354757813      0.693917405733    
   3.87500000000      0.783051549252E-02   2.37524746160     -0.219703399153E-05   17.4455774556       4.75049492321      0.838134203673      0.832393446169      0.704719811763    
   3.90625000000      0.782537949677E-02   2.41264532019     -0.212867286617E-05   17.6824115905       4.82529064039      0.851126564254      0.845576243829      0.715942512110    
   3.93750000000      0.782014694150E-02   2.45074623816     -0.205718000676E-05   17.8489854720       4.90149247631      0.864250014605      0.858897266183      0.727598957368    
   3.96875000000      0.781481757164E-02   2.48955207014     -0.198260333049E-05   18.1177711752       4.97910414028      0.877502108933      0.872350228745      0.739699732465    
   4.00000000000      0.780939158686E-02   2.52906135907     -0.190501068722E-05   18.3081524354       5.05812271813      0.890880650621      0.885928585841      0.752252122604    
   4.03125000000      0.780386966514E-02   2.56926916494     -0.182448328625E-05   18.5117068708       5.13853832989      0.904383775923      0.899625684877      0.765259704145    
   4.06250000000      0.779825298193E-02   2.61016692481     -0.174111072789E-05   18.7366407023       5.22033384961      0.918010034001      0.913434929626      0.778721961179    
   4.09375000000      0.779254322610E-02   2.65174233675     -0.165498981967E-05   18.9672908193       5.30348467351      0.931758466351      0.927349945191      0.792633925213    
   4.12500000000      0.778674261329E-02   2.69397926247     -0.156622910695E-05   19.1215701423       5.38795852495      0.945628690244      0.941364737412      0.806985834817    
   4.15625000000      0.778085389679E-02   2.73685764813     -0.147496031004E-05   19.3988105911       5.47371529627      0.959620991496      0.955473840704      0.821762815935    
   4.18750000000      0.777488037442E-02   2.78035347376     -0.138135670025E-05   19.5954921496       5.56070694752      0.973736430733      0.969672450165      0.836944592864    
   4.21875000000      0.776882588846E-02   2.82443875458     -0.128565704165E-05   19.7894064609       5.64887750917      0.987976963707      0.983956536053      0.852505254824    
   4.25000000000      0.776269481299E-02   2.86908163255     -0.118819233649E-05   20.0349637277       5.73816326510       1.00234556958      0.998322940654      0.868413122320    
   4.28125000000      0.775649202208E-02   2.91424660862     -0.108941154190E-05   20.2944956241       5.82849321725       1.01684637160       1.01276945887      0.884630778155    
   4.31250000000      0.775022283069E-02   2.95989497302     -0.989901956683E-06   20.4472454266       5.91978994605       1.03148472345       1.02729490437      0.901115345210    
   4.34375000000      0.774389290097E-02   3.00598548800     -0.890400305350E-06   20.7357864351       6.01197097600       1.04626722432       1.04189916269      0.917819100996    
   4.37500000000      0.773750810828E-02   3.05247536363     -0.791791725091E-06   20.9633961041       6.10495072726       1.06120161989       1.05658323241      0.934690511329    
   4.40625000000      0.773107436487E-02   3.09932154154     -0.695095740420E-06   21.1781912126       6.19864308307       1.07629654909       1.07134925471      0.951675737735    
   4.43750000000      0.772459740411E-02   3.14648226645     -0.601440540365E-06   21.4372525554       6.29296453291       1.09156111038       1.08620053173      0.968720624341    
   4.46875000000      0.771808253347E-02   3.19391888483     -0.512028939434E-06   21.6969903047       6.38783776966       1.10700424712       1.10114153393      0.985773103788    
   4.50000000000      0.771153437027E-02   3.24159776894     -0.428100753210E-06   21.8408471463       6.48319553787       1.12263398576       1.11617789560       1.00278588758    
   4.53125000000      0.770495657899E-02   3.28949222938     -0.350896531179E-06   22.1140562357       6.57898445877       1.13845659743       1.13131639472       1.01971923724    
   4.56250000000      0.769835163248E-02   3.33758425401     -0.281626550895E-06   22.3710728279       6.67516850802       1.15447578318       1.14656490724       1.03654356359    
   4.59375000000      0.769172062066E-02   3.38586590082     -0.221446978317E-06   22.5466107389       6.77173180165       1.17069199879       1.16193231795       1.05324158408    
   4.62500000000      0.768506312925E-02   3.43434018089     -0.171442777873E-06   22.7725875074       6.86868036178       1.18710203007       1.17742836180       1.06980978902    
   4.65625000000      0.767837720732E-02   3.48302129474     -0.132615095718E-06   22.9824891386       6.96604258948       1.20369890381       1.19306336597       1.08625902496    
   4.68750000000      0.767165943585E-02   3.53193413370     -0.105870071338E-06   23.5227520646       7.06386826740       1.22047217701       1.20884786820       1.10261408849    
   4.71875000000      0.766490510052E-02   3.58111302176     -0.920065877509E-07   24.0917972573       7.16222604353       1.23740859542       1.22479210428       1.11891232206    
   4.75000000000      0.765810846191E-02   3.63059974853     -0.917020790800E-07   24.6715531012       7.26119949706       1.25449306154       1.24090538722       1.13520129978    
   4.78125000000      0.765126310574E-02   3.68044102003     -0.105497505561E-06   25.2624569392       7.36088204005       1.27170981175       1.25719543625       1.15153577203    
   4.81250000000      0.764436234637E-02   3.73068552055     -0.133784157123E-06   25.8652898336       7.46137104109       1.28904367981       1.27366774710       1.16797409364    
   4.84375000000      0.763739965100E-02   3.78138082457     -0.176795371021E-06   26.4736520146       7.56276164913       1.30648132264       1.29032511338       1.18457438855    
   4.87500000000      0.763036904926E-02   3.83257041474     -0.234605228369E-06   27.0831863228       7.66514082948       1.32401230526       1.30716740492       1.20139070457    
   4.90625000000      0.762326549504E-02   3.88429104690     -0.307133950982E-06   27.6885858209       7.76858209380       1.34162997687       1.32419167868       1.21846939135    
   4.93750000000      0.761608515366E-02   3.93657065888     -0.394156549045E-06   28.2839067200       7.87314131776       1.35933211152       1.34139264890       1.23584589845    
   4.96875000000      0.760882559617E-02   3.98942695512     -0.495307960588E-06   28.8628599020       7.97885391023       1.37712132015       1.35876348693       1.25354214804    
   5.00000000000      0.760148589272E-02   4.04286672567     -0.610075158659E-06   29.4194875163       8.08573345133       1.39500525587       1.37629687483       1.27156459497    
