   0.00000000000      0.917073504390E-02  0.375000000000     -0.320786354455E-07   1.67422498467      0.750000000000      0.967438849848E-01  0.965937151979E-01  0.181662399817    
  0.312500000000E-01  0.917065769388E-02  0.376267302295     -0.320800692497E-07   1.69039689811      0.752534604590      0.971582784982E-01  0.970080705285E-01  0.182100953268    
  0.625000000000E-01  0.917057446144E-02  0.377630982324     -0.320814775367E-07   1.70620931396      0.755261964649      0.976105021115E-01  0.974603072806E-01  0.182560172932    
  0.937500000000E-01  0.917048528847E-02  0.379091991765     -0.320828563946E-07   1.72164356736      0.758183983531      0.981009896693E-01  0.979508598289E-01  0.183040142267    
  0.125000000000      0.917039011289E-02  0.380651347998     -0.320842012303E-07   1.73668150059      0.761302695995      0.986302004585E-01  0.984801879895E-01  0.183540959550    
  0.156250000000      0.917028886836E-02  0.382310137883     -0.320855068012E-07   1.75130549472      0.764620275765      0.991986201278E-01  0.990487779402E-01  0.184062739815    
  0.187500000000      0.917018148407E-02  0.384069521534     -0.320867671181E-07   1.76549849964      0.768139043068      0.998067615934E-01  0.996571431244E-01  0.184605616816    
  0.218750000000      0.917006788451E-02  0.385930736031     -0.320879754799E-07   1.77924406258      0.771861472062      0.100455165914      0.100305825126      0.185169744991    
  0.250000000000      0.916994798926E-02  0.387895099019     -0.320891244460E-07   1.79252635500      0.775790198037      0.101144403119      0.100995394499      0.185755301402    
  0.281250000000      0.916982171278E-02  0.389964012141     -0.320902058178E-07   1.80533019790      0.779928024282      0.101875072974      0.101726451528      0.186362487639    
  0.312500000000      0.916968896418E-02  0.392138964245     -0.320912106327E-07   1.81764108466      0.784277928490      0.102647805662      0.102499626912      0.186991531671    
  0.343750000000      0.916954964710E-02  0.394421534290     -0.320921291968E-07   1.82944520255      0.788843068580      0.103463262356      0.103315582338      0.187642689595    
  0.375000000000      0.916940365951E-02  0.396813393898     -0.320929510322E-07   1.84072945186      0.793626787796      0.104322135670      0.104175010927      0.188316247301    
  0.406250000000      0.916925089360E-02  0.399316309482     -0.320936649452E-07   1.85148146315      0.798632618964      0.105225149959      0.105078637537      0.189012521987    
  0.437500000000      0.916909123566E-02  0.401932143874     -0.320942590167E-07   1.86168961194      0.803864287748      0.106173061445      0.106027218886      0.189731863543    
  0.468750000000      0.916892456605E-02  0.404662857406     -0.320947206181E-07   1.87134303267      0.809325714812      0.107166658157      0.107021543492      0.190474655756    
  0.500000000000      0.916875075913E-02  0.407510508361     -0.320950364620E-07   1.88043162922      0.815021016722      0.108206759648      0.108062431392      0.191241317321    
  0.531250000000      0.916856968333E-02  0.410477252757     -0.320951926265E-07   1.88894608396      0.820954505515      0.109294216481      0.109150733621      0.192032302656    
  0.562500000000      0.916838120113E-02  0.413565343397     -0.320951745882E-07   1.89687786539      0.827130686794      0.110429909463      0.110287331450      0.192848102484    
  0.593750000000      0.916818516923E-02  0.416777128149     -0.320949672835E-07   1.90421923340      0.833554256299      0.111614748607      0.111473135348      0.193689244195    
  0.625000000000      0.916798143868E-02  0.420115047429     -0.320945551299E-07   1.91096324269      0.840230094858      0.112849671820      0.112709083662      0.194556291947    
  0.656250000000      0.916776985510E-02  0.423581630848     -0.320939221054E-07   1.91710374506      0.847163261697      0.114135643293      0.113996141014      0.195449846541    
  0.687500000000      0.916755025888E-02  0.427179493035     -0.320930517790E-07   1.92263538979      0.854358986070      0.115473651606      0.115335296399      0.196370545030    
  0.718750000000      0.916732248557E-02  0.430911328619     -0.320919273768E-07   1.92755362223      0.861822657238      0.116864707532      0.116727560991      0.197319060097    
  0.750000000000      0.916708636617E-02  0.434779906405     -0.320905318301E-07   1.93185468174      0.869559812811      0.118309841560      0.118173965661      0.198296099185    
  0.781250000000      0.916684172756E-02  0.438788062768     -0.320888478174E-07   1.93553559790      0.877576125536      0.119810101134      0.119675558216      0.199302403417    
  0.812500000000      0.916658839295E-02  0.442938694310     -0.320868578212E-07   1.93859418551      0.885877388621      0.121366547634      0.121233400379      0.200338746297    
  0.843750000000      0.916632618236E-02  0.447234749854     -0.320845441727E-07   1.94102903876      0.894469499709      0.122980253108      0.122848564518      0.201405932229    
  0.875000000000      0.916605491314E-02  0.451679221830     -0.320818890879E-07   1.94284082951      0.903358443660      0.124652296793      0.124522130163      0.202504794874    
  0.906250000000      0.916577440054E-02  0.456275137156     -0.320788746721E-07   1.94405439108      0.912550274313      0.126383761445      0.126255180338      0.203636195373    
  0.937500000000      0.916548445829E-02  0.461025547704     -0.320754829820E-07   1.94464507059      0.922051095409      0.128175729516      0.128048797727      0.204801020462    
  0.968750000000      0.916518489920E-02  0.465933520447     -0.320716960037E-07   1.94461446276      0.931867040894      0.130029279205      0.129904060734      0.206000180507    
   1.00000000000      0.916487553577E-02  0.471002127409     -0.320674956363E-07   1.94396489849      0.942004254818      0.131945480443      0.131822039457      0.207234607509    
   1.03125000000      0.916455618079E-02  0.476234435525     -0.320628637203E-07   1.94269943314      0.952468871050      0.133925390827      0.133803791618      0.208505253080    
   1.06250000000      0.916422664803E-02  0.481633496523     -0.320577819420E-07   1.94082183579      0.963266993045      0.135970051564      0.135850358512      0.209813086447    
   1.09375000000      0.916388675273E-02  0.487202336941     -0.320522318247E-07   1.95305037968      0.974404673883      0.138080483460      0.137962760984      0.211159092497    
   1.12500000000      0.916353631231E-02  0.492943948397     -0.320461946353E-07   1.97421837435      0.985887896795      0.140257682995      0.140141995505      0.212544269897    
   1.15625000000      0.916317514689E-02  0.498861278195     -0.320396513035E-07   1.99979093534      0.997722556390      0.142502618524      0.142389030372      0.213969629299    
   1.18750000000      0.916280307981E-02  0.504957220383     -0.320325823007E-07   2.02959575606       1.00991444077      0.144816226647      0.144704802072      0.215436191665    
   1.21875000000      0.916241993821E-02  0.511234607338     -0.320249675097E-07   2.06344536414       1.02246921468      0.147199408780      0.147090211848      0.216944986710    
   1.25000000000      0.916202555345E-02  0.517696201952     -0.320167860504E-07   2.10057886586       1.03539240390      0.149653027958      0.149546122507      0.218497051487    
   1.28125000000      0.916161976156E-02  0.524344690483     -0.320080161278E-07   2.14109030491       1.04868938097      0.152177905907      0.152073355480      0.220093429096    
   1.31250000000      0.916120240367E-02  0.531182676132     -0.319986347855E-07   2.18426586079       1.06236535226      0.154774820400      0.154672688180      0.221735167552    
   1.34375000000      0.916077332630E-02  0.538212673366     -0.319886177254E-07   2.22946638062       1.07642534673      0.157444502928      0.157344851675      0.223423318763    
   1.37500000000      0.916033238169E-02  0.545437103026     -0.319779390093E-07   2.27670971868       1.09087420605      0.160187636698      0.160090528677      0.225158937650    
   1.40625000000      0.915987942805E-02  0.552858288231     -0.319665708051E-07   2.32566567555       1.10571657646      0.163004854978      0.162910351889      0.226943081364    
   1.43750000000      0.915941432975E-02  0.560478451075     -0.319544830942E-07   2.37625003687       1.12095690215      0.165896739782      0.165804902691      0.228776808602    
   1.46875000000      0.915893695748E-02  0.568299710104     -0.319416433431E-07   2.42831756968       1.13659942021      0.168863820925      0.168774710193      0.230661178986    
   1.50000000000      0.915844718835E-02  0.576324078564     -0.319280161881E-07   2.48139502700       1.15264815713      0.171906575425      0.171820250636      0.232597252503    
   1.53125000000      0.915794490599E-02  0.584553463375     -0.319135630583E-07   2.53594024503       1.16910692675      0.175025427267      0.174941947157      0.234586088951    
   1.56250000000      0.915743000050E-02  0.592989664794     -0.318982418420E-07   2.59138166484       1.18597932959      0.178220747505      0.178140169897      0.236628747393    
   1.59375000000      0.915690236850E-02  0.601634376735     -0.318820064913E-07   2.64760654692       1.20326875347      0.181492854713      0.181415236447      0.238726285574    
   1.62500000000      0.915636191303E-02  0.610489187666     -0.318648066668E-07   2.70475150291       1.22097837533      0.184842015757      0.184767412628      0.240879759281    
   1.65625000000      0.915580854348E-02  0.619555582049     -0.318465873174E-07   2.76265820676       1.23911116410      0.188268446869      0.188196913568      0.243090221612    
   1.68750000000      0.915524217548E-02  0.628834942249     -0.318272883331E-07   2.82138764176       1.25766988450      0.191772315028      0.191703905082      0.245358722139    
   1.71875000000      0.915466273074E-02  0.638328550843     -0.318068441270E-07   2.88069965800       1.27665710169      0.195353739594      0.195288505317      0.247686305932    
   1.75000000000      0.915407013690E-02  0.648037593271     -0.317851832862E-07   2.94052984873       1.29607518654      0.199012794200      0.198950786644      0.250074012427    
   1.78125000000      0.915346432735E-02  0.657963160756     -0.317622281873E-07   3.00050439639       1.31592632151      0.202749508860      0.202690777777      0.252522874119    
   1.81250000000      0.915284524106E-02  0.668106253423     -0.317378946318E-07   3.06148009070       1.33621250685      0.206563872280      0.206508466083      0.255033915060    
   1.84375000000      0.915221282232E-02  0.678467783554     -0.317120915086E-07   3.12242399064       1.35693556711      0.210455834327      0.210403800067      0.257608149160    
   1.87500000000      0.915156702063E-02  0.689048578914     -0.316847204504E-07   3.18339670790       1.37809715783      0.214425308648      0.214376691990      0.260246578276    
   1.90625000000      0.915090779039E-02  0.699849386075     -0.316556755359E-07   3.24473355710       1.39969877215      0.218472175394      0.218427020600      0.262950190081    
   1.93750000000      0.915023509080E-02  0.710870873702     -0.316248429507E-07   3.30848869688       1.42174174740      0.222596284020      0.222554633946      0.265719955736    
   1.96875000000      0.914954888560E-02  0.722113635715     -0.315921007268E-07   3.37242624156       1.44422727143      0.226797456139      0.226759352237      0.268556827339    
   2.00000000000      0.914884914291E-02  0.733578194308     -0.315573184551E-07   3.43683986111       1.46715638862      0.231075488397      0.231040970719      0.271461735192    
   2.03125000000      0.914813583506E-02  0.745265002748     -0.315203570011E-07   3.50061011641       1.49053000550      0.235430155327      0.235399262543      0.274435584878    
   2.06250000000      0.914740893842E-02  0.757174447950     -0.314810682556E-07   3.56247203832       1.51434889590      0.239861212173      0.239833981593      0.277479254185    
   2.09375000000      0.914666843329E-02  0.769306852753     -0.314392948624E-07   3.62712024031       1.53861370551      0.244368397628      0.244344865232      0.280593589893    
   2.12500000000      0.914591430374E-02  0.781662477912     -0.313948699294E-07   3.69552906028       1.56332495582      0.248951436491      0.248931636963      0.283779404457    
   2.15625000000      0.914514653753E-02  0.794241523752     -0.313476167275E-07   3.76030679423       1.58848304750      0.253610042187      0.253594008957      0.287037472609    
   2.18750000000      0.914436512604E-02  0.807044131501     -0.312973483774E-07   3.82290931189       1.61408826300      0.258343919134      0.258331684425      0.290368527942    
   2.21875000000      0.914357006418E-02  0.820070384274     -0.312438674698E-07   3.89519760729       1.64014076855      0.263152764954      0.263144359831      0.293773259489    
   2.25000000000      0.914276135038E-02  0.833320307735     -0.311869656369E-07   3.95796223622       1.66664061547      0.268036272474      0.268031726899      0.297252308361    
   2.28125000000      0.914193898654E-02  0.846793870447     -0.311264230467E-07   4.03057204521       1.69358774089      0.272994131531      0.272993474419      0.300806264497    
   2.31250000000      0.914110297806E-02  0.860490983939     -0.310620078219E-07   4.09634948169       1.72098196788      0.278026030549      0.278029289828      0.304435663562    
   2.34375000000      0.914025333381E-02  0.874411502526     -0.309934753212E-07   4.16965634364       1.74882300505      0.283131657892      0.283138860560      0.308140984074    
   2.37500000000      0.913939006619E-02  0.888555222950     -0.309205673059E-07   4.23555587704       1.77711044590      0.288310702974      0.288321875159      0.311922644816    
   2.40625000000      0.913851319112E-02  0.902921883902     -0.308430109070E-07   4.31170108173       1.80584376780      0.293562857146      0.293578024163      0.315781002593    
   2.43750000000      0.913762272813E-02  0.917511165514     -0.307605174495E-07   4.38430207217       1.83502233103      0.298887814343      0.298907000748      0.319716350423    
   2.46875000000      0.913671870032E-02  0.932322688928     -0.306727809929E-07   4.45541484937       1.86464537786      0.304285271521      0.304308501163      0.323728916244    
   2.50000000000      0.913580113440E-02  0.947356016058     -0.305794766359E-07   4.53092157644       1.89471203212      0.309754928886      0.309782224957      0.327818862215    
   2.53125000000      0.913487006072E-02  0.962610649704     -0.304802585248E-07   4.60730157676       1.92522129941      0.315296489954      0.315327875024      0.331986284727    
   2.56250000000      0.913392551317E-02  0.978086034169     -0.303747574307E-07   4.68363066717       1.95617206834      0.320909661443      0.320945157502      0.336231215224    
   2.59375000000      0.913296752913E-02  0.993781556573     -0.302625779948E-07   4.75947149979       1.98756311315      0.326594153063      0.326633781545      0.340553621965    
   2.62500000000      0.913199614935E-02   1.00969654908     -0.301432954619E-07   4.83934662107       2.01939309817      0.332349677204      0.332393459008      0.344953412872    
   2.65625000000      0.913101141772E-02   1.02583029229     -0.300164518163E-07   4.91783904614       2.05166058458      0.338175948593      0.338223904096      0.349430439601    
   2.68750000000      0.913001338099E-02   1.04218201998     -0.298815513471E-07   5.00072082586       2.08436403995      0.344072683939      0.344124832998      0.353984503039    
   2.71875000000      0.912900208834E-02   1.05875092559     -0.297380554572E-07   5.08175878327       2.11750185118      0.350039601619      0.350095963566      0.358615360403    
   2.75000000000      0.912797759094E-02   1.07553617067     -0.295853766784E-07   5.16651063034       2.15107234133      0.356076421431      0.356137015059      0.363322734176    
   2.78125000000      0.912693994122E-02   1.09253689557     -0.294228716636E-07   5.25092737316       2.18507379114      0.362182864461      0.362247707999      0.368106323108    
   2.81250000000      0.912588919210E-02   1.10975223278     -0.292498332428E-07   5.33568590997       2.21950446557      0.368358653065      0.368427764149      0.372965815570    
   2.84375000000      0.912482539599E-02   1.12718132314     -0.290654811649E-07   5.42306795506       2.25436264628      0.374603510990      0.374676906631      0.377900905517    
   2.87500000000      0.912374860360E-02   1.14482333519     -0.288689516738E-07   5.51063706051       2.28964667038      0.380917163625      0.380994860161      0.382911311406    
   2.90625000000      0.912265886256E-02   1.16267748806     -0.286592855062E-07   5.59857889536       2.32535497611      0.387299338327      0.387381351389      0.387996798339    
   2.93750000000      0.912155621578E-02   1.18074307784     -0.284354144700E-07   5.68668768004       2.36148615567      0.393749764795      0.393836109266      0.393157203775    
   2.96875000000      0.912044069965E-02   1.19901950782     -0.281961463297E-07   5.77592981144       2.39803901564      0.400268175377      0.400358865359      0.398392467086    
   3.00000000000      0.911931234191E-02   1.21750632244     -0.279401481810E-07   5.86362971405       2.43501264487      0.406854305213      0.406949354005      0.403702663218    
   3.03125000000      0.911817115943E-02   1.23620324482     -0.276659281215E-07   5.95281678653       2.47240648965      0.413507892053      0.413607312152      0.409088040617    
   3.06250000000      0.911701715562E-02   1.25511021782     -0.273718156465E-07   6.04299438787       2.51022043564      0.420228675604      0.420332478720      0.414549063496    
   3.09375000000      0.911585031784E-02   1.27422744786     -0.270559408493E-07   6.13299418533       2.54845489572      0.427016396213      0.427124593326      0.420086458322    
   3.12500000000      0.911467061451E-02   1.29355545112     -0.267162129823E-07   6.21960899249       2.58711090224      0.433870792741      0.433983394188      0.425701264190    
   3.15625000000      0.911347799227E-02   1.31309510102     -0.263502990154E-07   6.30876772758       2.62619020204      0.440791599486      0.440908615096      0.431394886437    
   3.18750000000      0.911227237301E-02   1.33284767592     -0.259556029619E-07   6.39683720407       2.66569535183      0.447778542083      0.447899981365      0.437169152468    
   3.21875000000      0.911105365109E-02   1.35281490549     -0.255292469855E-07   6.48005638251       2.70562981099      0.454831332411      0.454957204797      0.443026368286    
   3.25000000000      0.910982169068E-02   1.37299901409     -0.250680554000E-07   6.56778240540       2.74599802817      0.461949662643      0.462079977781      0.448969373661    
   3.28125000000      0.910857632341E-02   1.39340275884     -0.245685428286E-07   6.65052855902       2.78680551767      0.469133198734      0.469267966841      0.455001593260    
   3.31250000000      0.910731734653E-02   1.41402946024     -0.240269075529E-07   6.73501250166       2.82805892047      0.476381573795      0.476520806048      0.461127080393    
   3.34375000000      0.910604452168E-02   1.43488302230     -0.234390311848E-07   6.81541977143       2.86976604460      0.483694381973      0.483838090935      0.467350549390    
   3.37500000000      0.910475757444E-02   1.45596793935     -0.228004854724E-07   6.89580192602       2.91193587870      0.491071173601      0.491219373652      0.473677392096    
   3.40625000000      0.910345619497E-02   1.47728928633     -0.221065464696E-07   6.97224524049       2.95457857267      0.498511452468      0.498664160224      0.480113673641    
   3.43750000000      0.910214003975E-02   1.49885268956     -0.213522162357E-07   7.05145625961       2.99770537913      0.506014676127      0.506171910813      0.486666102624    
   3.46875000000      0.910080873475E-02   1.52066427530     -0.205322515360E-07   7.12562111197       3.04132855059      0.513580260108      0.513742043844      0.493341971343    
   3.50000000000      0.909946188001E-02   1.54273059421     -0.196411983976E-07   7.20130274674       3.08546118842      0.521207586737      0.521373944729      0.500149062747    
   3.53125000000      0.909809905579E-02   1.56505852117     -0.186734313491E-07   7.27552471356       3.13011704234      0.528896019060      0.529066979644      0.507095522468    
   3.56250000000      0.909671983009E-02   1.58765513117     -0.176231955195E-07   7.34552929679       3.17531026234      0.536644919946      0.536820514488      0.514189696734    
   3.59375000000      0.909532376757E-02   1.61052755444     -0.164846497325E-07   7.41657544655       3.22105510888      0.544453675993      0.544633938640      0.521439939808    
   3.62500000000      0.909391043926E-02   1.63368281581     -0.152519086405E-07   7.51246667383       3.26736563162      0.552321725304      0.552506692597      0.528854397911    
   3.65625000000      0.909247943299E-02   1.65712766533     -0.139190824408E-07   7.62417169333       3.31425533067      0.560248587600      0.560438297980      0.536440779755    
   3.68750000000      0.909103036367E-02   1.68086840892     -0.124803128196E-07   7.73667104761       3.36173681785      0.568233894549      0.568428387812      0.544206126562    
   3.71875000000      0.908956288309E-02   1.70491074857     -0.109298051785E-07   7.85385957397       3.40982149713      0.576277417766      0.576476734518      0.552156596281    
   3.75000000000      0.908807668848E-02   1.72925964160     -0.926185764125E-08   7.96663184409       3.45851928320      0.584379091595      0.584583272771      0.560297277236    
   3.78125000000      0.908657152944E-02   1.75391918743     -0.747088928346E-08   8.08812032437       3.50783837486      0.592539027738      0.592748114250      0.568632045443    
   3.81250000000      0.908504721281E-02   1.77889254784     -0.555147088278E-08   8.21795743474       3.55778509569      0.600757518985      0.600971551540      0.577163477318    
   3.84375000000      0.908350360530E-02   1.80418190418     -0.349836275283E-08   8.34278667888       3.60836380837      0.609035029712      0.609254048841      0.585892825630    
   3.87500000000      0.908194063384E-02   1.82978845115     -0.130656459125E-08   8.48053153743       3.65957690231      0.617372171518      0.617596217811      0.594820061825    
   3.90625000000      0.908035828397E-02   1.85571242367      0.102861796218E-08   8.61363409704       3.71142484733      0.625769663209      0.625998777738      0.603943982718    
   3.93750000000      0.907875659657E-02   1.88195315033      0.351148708669E-08   8.74403301594       3.76390630065      0.634228275401      0.634462500277      0.613262374648    
   3.96875000000      0.907713566346E-02   1.90850912529      0.614584614417E-08   8.88571550098       3.81701825058      0.642748761197      0.642988140182      0.622772223913    
   4.00000000000      0.907549562246E-02   1.93537808956      0.893487562515E-08   9.01771568751       3.87075617911      0.651331775720      0.651576354804      0.632469959032    
   4.03125000000      0.907383665235E-02   1.96255711348      0.118809987849E-07   9.14380315167       3.92511422695      0.659977788719      0.660227616552      0.642351708205    
   4.06250000000      0.907215896814E-02   1.99004267410      0.149857473043E-07   9.27560642125       3.98008534820      0.668686995836      0.668942123931      0.652413554334    
   4.09375000000      0.907046281690E-02   2.01783072350      0.182496407938E-07   9.40892132565       4.03566144699      0.677459235421      0.677719718051      0.662651770026    
   4.12500000000      0.906874847422E-02   2.04591674707      0.216720940985E-07   9.53344224136       4.09183349415      0.686293918597      0.686559812362      0.673063016115    
   4.15625000000      0.906701624112E-02   2.07429581357      0.252513659300E-07   9.64857198740       4.14859162715      0.695189980543      0.695461343625      0.683644489407    
   4.18750000000      0.906526644135E-02   2.10296262028      0.289845588162E-07   9.76250746081       4.20592524055      0.704145860250      0.704422751420      0.694394008606    
   4.21875000000      0.906349941856E-02   2.13191153780      0.328676743958E-07   9.87561614044       4.26382307560      0.713159514234      0.713441991738      0.705310031826    
   4.25000000000      0.906171553345E-02   2.16113665858      0.368957219750E-07   9.98277771508       4.32227331716      0.722228466715      0.722516587164      0.716391604702    
   4.28125000000      0.905991516031E-02   2.19063185172      0.410628702163E-07   10.0878995662       4.38126370344      0.731349894767      0.731643712187      0.727638244764    
   4.31250000000      0.905809868332E-02   2.22039082479      0.453626252184E-07   10.1803445772       4.44078164959      0.740520742339      0.740820307485      0.739049774969    
   4.34375000000      0.905626649238E-02   2.25040719147      0.497880135289E-07   10.2712019370       4.50081438294      0.749737852598      0.750043212615      0.750626126256    
   4.37500000000      0.905441897878E-02   2.28067454240      0.543317468144E-07   10.3579261999       4.56134908480      0.758998104737      0.759309303193      0.762367134471    
   4.40625000000      0.905255653082E-02   2.31118651718      0.589863484971E-07   10.4367564892       4.62237303435      0.768298540181      0.768615617472      0.774272359523    
   4.43750000000      0.905067952942E-02   2.34193687642      0.637442300751E-07   10.5108498046       4.68387375284      0.777636464689      0.777959458791      0.786340952940    
   4.46875000000      0.904878834358E-02   2.37291957531      0.685977165231E-07   10.5719969462       4.74583915063      0.787009517082      0.787338464639      0.798571593594    
   4.50000000000      0.904688332566E-02   2.40412884162      0.735390325000E-07   10.6358897480       4.80825768324      0.796415701434      0.796750639150      0.810962501035    
   4.53125000000      0.904496480610E-02   2.43555926174      0.785602707952E-07   10.7572157492       4.87111852348      0.805853385858      0.806194352186      0.823511523698    
   4.56250000000      0.904303308755E-02   2.46720587707      0.836533684154E-07   10.9096452663       4.93441175414      0.815321275947      0.815668313017      0.836216288105    
   4.59375000000      0.904108843837E-02   2.49906428978      0.888101123645E-07   11.0540611541       4.99812857956      0.824818373051      0.825171528772      0.849074387958    
   4.62500000000      0.903913108589E-02   2.53113077386      0.940221878603E-07   11.2048691677       5.06226154772      0.834343926791      0.834703257007      0.862083590062    
   4.65625000000      0.903716120970E-02   2.56340238425      0.992812690718E-07   11.3302481443       5.12680476850      0.843897388185      0.844262958768      0.875242037297    
   4.68750000000      0.903517893562E-02   2.59587705612      0.104579142638E-06   11.4374540463       5.19175411223      0.853478366154      0.853850254919      0.888548435044    
   4.71875000000      0.903318433063E-02   2.62855368735      0.109907847942E-06   11.5384631421       5.25710737469      0.863086587445      0.863464885794      0.902002214109    
   4.75000000000      0.903117739917E-02   2.66143219985      0.115259820246E-06   11.6320388612       5.32286439971      0.872721858986      0.873106673230      0.915603667638    
   4.78125000000      0.902915808075E-02   2.69451357818      0.120628027236E-06   11.6951752863       5.38902715636      0.882384032383      0.882775484684      0.929354061111    
   4.81250000000      0.902712624896E-02   2.72779988591      0.126006097290E-06   11.7450539627       5.45559977182      0.892072971587      0.892471200498      0.943255713826    
   4.84375000000      0.902508171171E-02   2.76129426138      0.131388442349E-06   11.8743953572       5.52258852275      0.901788525833      0.902193686381      0.957312049163    
   4.87500000000      0.902302421274E-02   2.79500089386      0.136770379792E-06   12.1363263562       5.59000178771      0.911530509831      0.911942773085      0.971527610940    
   4.90625000000      0.902095343413E-02   2.82892498133      0.142148256316E-06   12.4064576953       5.65784996266      0.921298692059      0.921718244128      0.985908045141    
   4.93750000000      0.901886900002E-02   2.86307267083      0.147519573891E-06   12.6848876034       5.72614534166      0.931092790433      0.931519830852       1.00046004955    
   4.96875000000      0.901677048113E-02   2.89745098335      0.152883116829E-06   12.9716754683       5.79490196670      0.940912473415      0.941347212910       1.01519129702    
   5.00000000000      0.901465740018E-02   2.93206772629      0.158239077878E-06   13.2667281009       5.86413545258      0.950757364371      0.951200022026       1.03011033989    
