   0.00000000000       28001.9759326       168101867.339     -0.165526532321E-09   142395.253869       336203734.678       65730024.2972       65730024.2972       36641818.7445    
  0.500000000000E-04   28001.8076579       168098873.992     -0.154919727164E-09   142393.243618       336197747.984       65729013.4716       65729013.4716       36640847.0490    
  0.100000000000E-03   28001.6468687       168095898.578     -0.149717251633E-09   142391.263980       336191797.156       65728009.6592       65728009.6592       36639879.2597    
  0.150000000000E-03   28001.4935826       168092941.763     -0.142510816948E-09   142389.316084       336185883.525       65727013.0920       65727013.0920       36638915.5785    
  0.200000000000E-03   28001.3478118       168090004.190     -0.141058313851E-09   142387.401006       336180008.380       65726023.9932       65726023.9932       36637956.2037    
  0.250000000000E-03   28001.2095624       168087086.482     -0.146537945477E-09   142385.519769       336174172.964       65725042.5765       65725042.5765       36637001.3288    
  0.300000000000E-03   28001.0788351       168084189.236     -0.140216207968E-09   142383.673344       336168378.473       65724069.0465       65724069.0465       36636051.1433    
  0.350000000000E-03   28000.9556248       168081313.028     -0.139855370555E-09   142381.862641       336162626.057       65723103.5983       65723103.5983       36635105.8319    
  0.400000000000E-03   28000.8399212       168078458.409     -0.134045616893E-09   142380.088517       336156916.818       65722146.4172       65722146.4172       36634165.5744    
  0.450000000000E-03   28000.7317082       168075625.904     -0.137862814488E-09   142378.351765       336151251.809       65721197.6792       65721197.6792       36633230.5459    
  0.500000000000E-03   28000.6309646       168072816.016     -0.134302786215E-09   142376.653122       336145632.033       65720257.5502       65720257.5502       36632300.9161    
  0.550000000000E-03   28000.5376636       168070029.222     -0.135943449265E-09   142374.993260       336140058.445       65719326.1864       65719326.1864       36631376.8496    
  0.600000000000E-03   28000.4517738       168067265.974     -0.136863801921E-09   142373.372794       336134531.948       65718403.7341       65718403.7341       36630458.5057    
  0.650000000000E-03   28000.3732582       168064526.698     -0.140136250948E-09   142371.792273       336129053.395       65717490.3297       65717490.3297       36629546.0383    
  0.700000000000E-03   28000.3020751       168061811.795     -0.133655802090E-09   142370.252184       336123623.590       65716586.0999       65716586.0999       36628639.5954    
  0.750000000000E-03   28000.2381782       168059121.642     -0.138430957200E-09   142368.752954       336118243.285       65715691.1613       65715691.1613       36627739.3197    
  0.800000000000E-03   28000.1815161       168056456.590     -0.136843482784E-09   142367.294946       336112913.179       65714805.6208       65714805.6208       36626845.3479    
  0.850000000000E-03   28000.1320333       168053816.963     -0.134975233902E-09   142365.878461       336107633.925       65713929.5757       65713929.5757       36625957.8112    
  0.900000000000E-03   28000.0896696       168051203.061     -0.140227834985E-09   142364.503739       336102406.122       65713063.1133       65713063.1133       36625076.8346    
  0.950000000000E-03   28000.0543607       168048615.161     -0.132948973233E-09   142363.170961       336097230.322       65712206.3116       65712206.3116       36624202.5375    
  0.100000000000E-02   28000.0260381       168046053.512     -0.139694980065E-09   142361.880247       336092107.023       65711359.2391       65711359.2391       36623335.0333    
  0.105000000000E-02   28000.0046296       168043518.339     -0.136053205415E-09   142360.631658       336087036.678       65710521.9549       65710521.9549       36622474.4292    
  0.110000000000E-02   27999.9900590       168041009.845     -0.140332616529E-09   142359.425200       336082019.690       65709694.5091       65709694.5091       36621620.8269    
  0.115000000000E-02   27999.9822464       168038528.207     -0.142136775423E-09   142358.260821       336077056.413       65708876.9424       65708876.9424       36620774.3218    
  0.120000000000E-02   27999.9811087       168036073.578     -0.142114345088E-09   142357.138416       336072147.155       65708069.2870       65708069.2870       36619935.0035    
  0.125000000000E-02   27999.9865594       168033646.089     -0.142088061205E-09   142356.057827       336067292.177       65707271.5664       65707271.5664       36619102.9556    
  0.130000000000E-02   27999.9985088       168031245.847     -0.143784992233E-09   142355.018843       336062491.694       65706483.7956       65706483.7956       36618278.2560    
  0.135000000000E-02   28000.0168642       168028872.939     -0.140740755079E-09   142354.021209       336057745.878       65705705.9811       65705705.9811       36617460.9766    
  0.140000000000E-02   28000.0415303       168026527.427     -0.140133088028E-09   142353.064617       336053054.854       65704938.1218       65704938.1218       36616651.1835    
  0.145000000000E-02   28000.0724089       168024209.354     -0.139356021658E-09   142352.148717       336048418.708       65704180.2084       65704180.2084       36615848.9371    
  0.150000000000E-02   28000.1093996       168021918.741     -0.137794214695E-09   142351.273117       336043837.482       65703432.2243       65703432.2243       36615054.2921    
  0.155000000000E-02   28000.1523994       168019655.589     -0.134823972374E-09   142350.437382       336039311.177       65702694.1455       65702694.1455       36614267.2977    
  0.160000000000E-02   28000.2013033       168017419.879     -0.134243893422E-09   142349.641038       336034839.758       65701965.9407       65701965.9407       36613487.9973    
  0.165000000000E-02   28000.2560044       168015211.574     -0.130050158707E-09   142348.883577       336030423.147       65701247.5721       65701247.5721       36612716.4293    
  0.170000000000E-02   28000.3163937       168013030.617     -0.124733653509E-09   142348.164455       336026061.233       65700538.9952       65700538.9952       36611952.6263    
  0.175000000000E-02   28000.3823608       168010876.934     -0.125987658183E-09   142347.483096       336021753.867       65699840.1589       65699840.1589       36611196.6159    
  0.180000000000E-02   28000.4537936       168008750.434     -0.127789652151E-09   142346.838895       336017500.867       65699151.0066       65699151.0066       36610448.4205    
  0.185000000000E-02   28000.5305787       168006651.008     -0.130135270716E-09   142346.231218       336013302.016       65698471.4753       65698471.4753       36609708.0575    
  0.190000000000E-02   28000.6126014       168004578.533     -0.126010606393E-09   142345.659410       336009157.067       65697801.4970       65697801.4970       36608975.5393    
  0.195000000000E-02   28000.6997460       168002532.870     -0.122981394997E-09   142345.122787       336005065.740       65697140.9982       65697140.9982       36608250.8735    
  0.200000000000E-02   28000.7918957       168000513.864     -0.123899194082E-09   142344.620649       336001027.727       65696489.9003       65696489.9003       36607534.0631    
  0.205000000000E-02   28000.8889330       167998521.347     -0.119851359157E-09   142344.152276       335997042.693       65695848.1202       65695848.1202       36606825.1063    
  0.210000000000E-02   28000.9907397       167996555.137     -0.125758010523E-09   142343.716931       335993110.274       65695215.5701       65695215.5701       36606123.9970    
  0.215000000000E-02   28001.0971970       167994615.041     -0.128155771853E-09   142343.313862       335989230.082       65694592.1581       65694592.1581       36605430.7248    
  0.220000000000E-02   28001.2081858       167992700.852     -0.128871767390E-09   142342.942306       335985401.704       65693977.7884       65693977.7884       36604745.2751    
  0.225000000000E-02   28001.3235864       167990812.352     -0.127791664076E-09   142342.601490       335981624.704       65693372.3613       65693372.3613       36604067.6291    
  0.230000000000E-02   28001.4432793       167988949.312     -0.126895111535E-09   142342.290630       335977898.624       65692775.7738       65692775.7738       36603397.7643    
  0.235000000000E-02   28001.5671444       167987111.493     -0.124883231241E-09   142342.008937       335974222.986       65692187.9195       65692187.9195       36602735.6541    
  0.240000000000E-02   28001.6950622       167985298.647     -0.127989818718E-09   142341.755618       335970597.294       65691608.6892       65691608.6892       36602081.2684    
  0.245000000000E-02   28001.8269127       167983510.515     -0.136105332417E-09   142341.529875       335967021.030       65691037.9707       65691037.9707       36601434.5736    
  0.250000000000E-02   28001.9625766       167981746.831     -0.138682763470E-09   142341.330908       335963493.663       65690475.6494       65690475.6494       36600795.5326    
  0.255000000000E-02   28002.1019346       167980007.322     -0.135178828802E-09   142341.157918       335960014.643       65689921.6083       65689921.6083       36600164.1051    
  0.260000000000E-02   28002.2448680       167978291.704     -0.134410225541E-09   142341.010108       335956583.408       65689375.7283       65689375.7283       36599540.2475    
  0.265000000000E-02   28002.3912585       167976599.690     -0.142146721329E-09   142340.886681       335953199.381       65688837.8885       65688837.8885       36598923.9134    
  0.270000000000E-02   28002.5409881       167974930.985     -0.133572947775E-09   142340.786848       335949861.970       65688307.9660       65688307.9660       36598315.0533    
  0.275000000000E-02   28002.6939399       167973285.288     -0.130749620714E-09   142340.709820       335946570.576       65687785.8365       65687785.8365       36597713.6151    
  0.280000000000E-02   28002.8499972       167971662.293     -0.125906722154E-09   142340.654820       335943324.586       65687271.3745       65687271.3745       36597119.5441    
  0.285000000000E-02   28003.0090445       167970061.689     -0.132633464450E-09   142340.621075       335940123.378       65686764.4530       65686764.4530       36596532.7829    
  0.290000000000E-02   28003.1709667       167968483.161     -0.137389464375E-09   142340.607820       335936966.321       65686264.9443       65686264.9443       36595953.2720    
  0.295000000000E-02   28003.3356501       167966926.388     -0.136392750945E-09   142340.614301       335933852.777       65685772.7195       65685772.7195       36595380.9492    
  0.300000000000E-02   28003.5029813       167965391.049     -0.130194467172E-09   142340.639775       335930782.099       65685287.6493       65685287.6493       36594815.7508    
  0.305000000000E-02   28003.6728485       167963876.818     -0.124755404593E-09   142340.683506       335927753.636       65684809.6037       65684809.6037       36594257.6104    
  0.310000000000E-02   28003.8451405       167962383.365     -0.130264765425E-09   142340.744774       335924766.730       65684338.4522       65684338.4522       36593706.4603    
  0.315000000000E-02   28004.0197473       167960910.359     -0.134949751730E-09   142340.822870       335921820.718       65683874.0642       65683874.0642       36593162.2306    
  0.320000000000E-02   28004.1965602       167959457.467     -0.132390463292E-09   142340.917095       335918914.934       65683416.3087       65683416.3087       36592624.8498    
  0.325000000000E-02   28004.3754714       167958024.355     -0.129521382061E-09   142341.026768       335916048.709       65682965.0548       65682965.0548       36592094.2451    
  0.330000000000E-02   28004.5563744       167956610.685     -0.126744219347E-09   142341.151218       335913221.370       65682520.1715       65682520.1715       36591570.3418    
  0.335000000000E-02   28004.7391640       167955216.121     -0.122919002140E-09   142341.289791       335910432.241       65682081.5283       65682081.5283       36591053.0642    
  0.340000000000E-02   28004.9237360       167953840.324     -0.120195801375E-09   142341.441844       335907680.648       65681648.9944       65681648.9944       36590542.3352    
  0.345000000000E-02   28005.1099878       167952482.957     -0.124017019159E-09   142341.606753       335904965.913       65681222.4400       65681222.4400       36590038.0766    
  0.350000000000E-02   28005.2978178       167951143.679     -0.123607704441E-09   142341.783906       335902287.359       65680801.7351       65680801.7351       36589540.2091    
  0.355000000000E-02   28005.4871261       167949822.154     -0.120639768852E-09   142341.972708       335899644.308       65680386.7506       65680386.7506       36589048.6525    
  0.360000000000E-02   28005.6778136       167948518.042     -0.122406609837E-09   142342.172578       335897036.083       65679977.3580       65679977.3580       36588563.3256    
  0.365000000000E-02   28005.8697831       167947231.005     -0.123965754362E-09   142342.382950       335894462.010       65679573.4293       65679573.4293       36588084.1466    
  0.370000000000E-02   28006.0629384       167945960.707     -0.118023898495E-09   142342.603276       335891921.414       65679174.8371       65679174.8371       36587611.0329    
  0.375000000000E-02   28006.2571849       167944706.812     -0.124183969593E-09   142342.833021       335889413.624       65678781.4552       65678781.4552       36587143.9014    
  0.380000000000E-02   28006.4524293       167943468.984     -0.115529443160E-09   142343.071667       335886937.968       65678393.1579       65678393.1579       36586682.6682    
  0.385000000000E-02   28006.6485797       167942246.890     -0.114073206403E-09   142343.318711       335884493.781       65678009.8204       65678009.8204       36586227.2494    
  0.390000000000E-02   28006.8455456       167941040.199     -0.106651968993E-09   142343.573665       335882080.397       65677631.3191       65677631.3191       36585777.5605    
  0.395000000000E-02   28007.0432380       167939848.579     -0.104218613608E-09   142343.836056       335879697.157       65677257.5310       65677257.5310       36585333.5166    
  0.400000000000E-02   28007.2415694       167938671.702     -0.103547609646E-09   142344.105429       335877343.404       65676888.3346       65676888.3346       36584895.0328    
  0.405000000000E-02   28007.4404535       167937509.242     -0.111486432812E-09   142344.381339       335875018.484       65676523.6090       65676523.6090       36584462.0240    
  0.410000000000E-02   28007.6398056       167936360.874     -0.112108541268E-09   142344.663361       335872721.749       65676163.2347       65676163.2347       36584034.4051    
  0.415000000000E-02   28007.8395424       167935226.277     -0.113156711700E-09   142344.951082       335870452.555       65675807.0932       65675807.0932       36583612.0909    
  0.420000000000E-02   28008.0395820       167934105.131     -0.113288126563E-09   142345.244103       335868210.262       65675455.0673       65675455.0673       36583194.9964    
  0.425000000000E-02   28008.2398442       167932997.118     -0.110063519736E-09   142345.542041       335865994.236       65675107.0407       65675107.0407       36582783.0366    
  0.430000000000E-02   28008.4402498       167931901.924     -0.115697440966E-09   142345.844525       335863803.849       65674762.8988       65674762.8988       36582376.1269    
  0.435000000000E-02   28008.6407215       167930819.238     -0.115962934564E-09   142346.151201       335861638.476       65674422.5277       65674422.5277       36581974.1827    
  0.440000000000E-02   28008.8411830       167929748.750     -0.116111189784E-09   142346.461724       335859497.501       65674085.8152       65674085.8152       36581577.1199    
  0.445000000000E-02   28009.0415599       167928690.155     -0.122096343540E-09   142346.775767       335857380.311       65673752.6502       65673752.6502       36581184.8549    
  0.450000000000E-02   28009.2417789       167927643.150     -0.124982867086E-09   142347.093012       335855286.300       65673422.9229       65673422.9229       36580797.3043    
  0.455000000000E-02   28009.4417683       167926607.435     -0.125560427036E-09   142347.413157       335853214.870       65673096.5248       65673096.5248       36580414.3853    
  0.460000000000E-02   28009.6414578       167925582.713     -0.131547674840E-09   142347.735911       335851165.427       65672773.3488       65672773.3488       36580036.0157    
  0.465000000000E-02   28009.8407785       167924568.692     -0.134056315453E-09   142348.060995       335849137.385       65672453.2893       65672453.2893       36579662.1138    
  0.470000000000E-02   28010.0396630       167923565.082     -0.134525019455E-09   142348.388141       335847130.164       65672136.2417       65672136.2417       36579292.5988    
  0.475000000000E-02   28010.2380453       167922571.597     -0.136118322466E-09   142348.717096       335845143.194       65671822.1033       65671822.1033       36578927.3902    
  0.480000000000E-02   28010.4358608       167921587.953     -0.140126016938E-09   142349.047615       335843175.907       65671510.7724       65671510.7724       36578566.4086    
  0.485000000000E-02   28010.6330465       167920613.873     -0.135169605700E-09   142349.379466       335841227.745       65671202.1488       65671202.1488       36578209.5752    
  0.490000000000E-02   28010.8295405       167919649.080     -0.129046542212E-09   142349.712426       335839298.160       65670896.1339       65670896.1339       36577856.8121    
  0.495000000000E-02   28011.0252827       167918693.303     -0.133118485397E-09   142350.046285       335837386.606       65670592.6304       65670592.6304       36577508.0424    
  0.500000000000E-02   28011.2202141       167917746.275     -0.127257299409E-09   142350.380842       335835492.550       65670291.5426       65670291.5426       36577163.1900    
  0.505000000000E-02   28011.4142772       167916807.732     -0.124062290358E-09   142350.715904       335833615.464       65669992.7761       65669992.7761       36576822.1796    
  0.510000000000E-02   28011.6074161       167915877.414     -0.127456349489E-09   142351.051291       335831754.827       65669696.2381       65669696.2381       36576484.9373    
  0.515000000000E-02   28011.7995761       167914955.065     -0.130339093924E-09   142351.386831       335829910.130       65669401.8374       65669401.8374       36576151.3900    
  0.520000000000E-02   28011.9907040       167914040.434     -0.126815173815E-09   142351.722361       335828080.868       65669109.4841       65669109.4841       36575821.4656    
  0.525000000000E-02   28012.1807479       167913133.274     -0.129224789767E-09   142352.057726       335826266.547       65668819.0901       65668819.0901       36575495.0933    
  0.530000000000E-02   28012.3696574       167912233.341     -0.125473666714E-09   142352.392782       335824466.681       65668530.5686       65668530.5686       36575172.2034    
  0.535000000000E-02   28012.5573836       167911340.396     -0.128091366927E-09   142352.727391       335822680.792       65668243.8345       65668243.8345       36574852.7272    
  0.540000000000E-02   28012.7438787       167910454.206     -0.124453862553E-09   142353.061424       335820908.412       65667958.8042       65667958.8042       36574536.5975    
  0.545000000000E-02   28012.9290967       167909574.540     -0.126156774734E-09   142353.394762       335819149.080       65667675.3959       65667675.3959       36574223.7481    
  0.550000000000E-02   28013.1129925       167908701.172     -0.126537759531E-09   142353.727289       335817402.345       65667393.5291       65667393.5291       36573914.1142    
  0.555000000000E-02   28013.2955228       167907833.882     -0.128183557991E-09   142354.058900       335815667.765       65667113.1252       65667113.1252       36573607.6321    
  0.560000000000E-02   28013.4766456       167906972.454     -0.121737877303E-09   142354.389496       335813944.908       65666834.1070       65666834.1070       36573304.2397    
  0.565000000000E-02   28013.6563201       167906116.674     -0.123761689202E-09   142354.718985       335812233.349       65666556.3992       65666556.3992       36573003.8761    
  0.570000000000E-02   28013.8345070       167905266.337     -0.117466107496E-09   142355.047282       335810532.675       65666279.9279       65666279.9279       36572706.4816    
  0.575000000000E-02   28014.0111685       167904421.240     -0.110352244420E-09   142355.374308       335808842.481       65666004.6211       65666004.6211       36572411.9981    
  0.580000000000E-02   28014.1862679       167903581.186     -0.115836163936E-09   142355.699990       335807162.371       65665730.4084       65665730.4084       36572120.3689    
  0.585000000000E-02   28014.3597702       167902745.981     -0.105579449092E-09   142356.024262       335805491.961       65665457.2211       65665457.2211       36571831.5384    
  0.590000000000E-02   28014.5316415       167901915.438     -0.112212566570E-09   142356.347062       335803830.875       65665184.9924       65665184.9924       36571545.4528    
  0.595000000000E-02   28014.7018493       167901089.373     -0.109122533243E-09   142356.668337       335802178.747       65664913.6569       65664913.6569       36571262.0596    
  0.600000000000E-02   28014.8703626       167900267.610     -0.112747163698E-09   142356.988036       335800535.221       65664643.1513       65664643.1513       36570981.3077    
  0.605000000000E-02   28015.0371517       167899449.975     -0.108605568685E-09   142357.306115       335798899.951       65664373.4139       65664373.4139       36570703.1475    
  0.610000000000E-02   28015.2021883       167898636.301     -0.108334263621E-09   142357.622534       335797272.601       65664104.3848       65664104.3848       36570427.5309    
  0.615000000000E-02   28015.3654452       167897826.423     -0.110417414825E-09   142357.937258       335795652.846       65663836.0060       65663836.0060       36570154.4112    
  0.620000000000E-02   28015.5268969       167897020.185     -0.115138792930E-09   142358.250258       335794040.371       65663568.2211       65663568.2211       36569883.7433    
  0.625000000000E-02   28015.6865190       167896217.435     -0.117033260170E-09   142358.561508       335792434.870       65663300.9757       65663300.9757       36569615.4835    
  0.630000000000E-02   28015.8442885       167895418.024     -0.115817534381E-09   142358.870988       335790836.048       65663034.2172       65663034.2172       36569349.5895    
  0.635000000000E-02   28016.0001838       167894621.810     -0.127360069965E-09   142359.178679       335789243.621       65662767.8949       65662767.8949       36569086.0208    
  0.640000000000E-02   28016.1541846       167893828.658     -0.132924221009E-09   142359.484569       335787657.315       65662501.9598       65662501.9598       36568824.7380    
  0.645000000000E-02   28016.3062718       167893038.433     -0.133309545952E-09   142359.788649       335786076.867       65662236.3650       65662236.3650       36568565.7034    
  0.650000000000E-02   28016.4564277       167892251.011     -0.123021021904E-09   142360.090912       335784502.022       65661971.0652       65661971.0652       36568308.8807    
  0.655000000000E-02   28016.6046361       167891466.270     -0.124227813128E-09   142360.391358       335782932.540       65661706.0173       65661706.0173       36568054.2353    
  0.660000000000E-02   28016.7508817       167890684.094     -0.122129022919E-09   142360.689986       335781368.187       65661441.1799       65661441.1799       36567801.7337    
  0.665000000000E-02   28016.8951508       167889904.371     -0.117328821278E-09   142360.986802       335779808.743       65661176.5136       65661176.5136       36567551.3440    
  0.670000000000E-02   28017.0374308       167889126.998     -0.117239831480E-09   142361.281813       335778253.995       65660911.9808       65660911.9808       36567303.0360    
  0.675000000000E-02   28017.1777107       167888351.872     -0.121728503546E-09   142361.575028       335776703.745       65660647.5459       65660647.5459       36567056.7804    
  0.680000000000E-02   28017.3159803       167887578.900     -0.120051563428E-09   142361.866461       335775157.801       65660383.1753       65660383.1753       36566812.5498    
  0.685000000000E-02   28017.4522309       167886807.992     -0.116506425359E-09   142362.156127       335773615.985       65660118.8372       65660118.8372       36566570.3180    
  0.690000000000E-02   28017.5864553       167886039.064     -0.119417327464E-09   142362.444045       335772078.127       65659854.5017       65659854.5017       36566330.0601    
  0.695000000000E-02   28017.7186470       167885272.035     -0.113678383122E-09   142362.730235       335770544.070       65659590.1410       65659590.1410       36566091.7528    
  0.700000000000E-02   28017.8488011       167884506.832     -0.105004862748E-09   142363.014718       335769013.664       65659325.7291       65659325.7291       36565855.3738    
  0.705000000000E-02   28017.9769138       167883743.386     -0.100796977507E-09   142363.297521       335767486.773       65659061.2420       65659061.2420       36565620.9024    
  0.710000000000E-02   28018.1029826       167882981.634     -0.109177811157E-09   142363.578670       335765963.269       65658796.6576       65658796.6576       36565388.3191    
  0.715000000000E-02   28018.2270061       167882221.517     -0.114306891816E-09   142363.858192       335764443.034       65658531.9556       65658531.9556       36565157.6057    
  0.720000000000E-02   28018.3489840       167881462.981     -0.113097380922E-09   142364.136118       335762925.962       65658267.1179       65658267.1179       36564928.7451    
  0.725000000000E-02   28018.4689173       167880705.978     -0.119287331768E-09   142364.412480       335761411.956       65658002.1281       65658002.1281       36564701.7217    
  0.730000000000E-02   28018.5868081       167879950.464     -0.120147888943E-09   142364.687311       335759900.928       65657736.9718       65657736.9718       36564476.5207    
  0.735000000000E-02   28018.7026597       167879196.401     -0.117251958509E-09   142364.960646       335758392.803       65657471.6364       65657471.6364       36564253.1287    
  0.740000000000E-02   28018.8164763       167878443.756     -0.117937962881E-09   142365.232520       335756887.512       65657206.1112       65657206.1112       36564031.5336    
  0.745000000000E-02   28018.9282635       167877692.499     -0.114343606066E-09   142365.502970       335755384.998       65656940.3875       65656940.3875       36563811.7239    
  0.750000000000E-02   28019.0380278       167876942.606     -0.105456825170E-09   142365.772035       335753885.212       65656674.4583       65656674.4583       36563593.6895    
  0.755000000000E-02   28019.1457767       167876194.059     -0.105925274510E-09   142366.039753       335752388.118       65656408.3187       65656408.3187       36563377.4214    
  0.760000000000E-02   28019.2515190       167875446.842     -0.101032656895E-09   142366.306164       335750893.684       65656141.9653       65656141.9653       36563162.9113    
  0.765000000000E-02   28019.3552643       167874700.945     -0.992317023471E-10   142366.571309       335749401.891       65655875.3967       65655875.3967       36562950.1521    
  0.770000000000E-02   28019.4570234       167873956.364     -0.980845758689E-10   142366.835230       335747912.728       65655608.6133       65655608.6133       36562739.1374    
  0.775000000000E-02   28019.5568078       167873213.096     -0.953093545490E-10   142367.097967       335746426.192       65655341.6172       65655341.6172       36562529.8619    
  0.780000000000E-02   28019.6546303       167872471.146     -0.931626730856E-10   142367.359564       335744942.291       65655074.4123       65655074.4123       36562322.3210    
  0.785000000000E-02   28019.7505045       167871730.519     -0.945927117424E-10   142367.620063       335743461.039       65654807.0042       65654807.0042       36562116.5109    
  0.790000000000E-02   28019.8444449       167870991.229     -0.866188573360E-10   142367.879508       335741982.459       65654539.4003       65654539.4003       36561912.4286    
  0.795000000000E-02   28019.9364670       167870253.291     -0.756386900440E-10   142368.137942       335740506.582       65654271.6096       65654271.6096       36561710.0720    
  0.800000000000E-02   28020.0265871       167869516.725     -0.817623558262E-10   142368.395408       335739033.449       65654003.6426       65654003.6426       36561509.4393    
  0.805000000000E-02   28020.1148224       167868781.553     -0.815803071294E-10   142368.651951       335737563.106       65653735.5118       65653735.5118       36561310.5296    
  0.810000000000E-02   28020.2011909       167868047.804     -0.779400430431E-10   142368.907613       335736095.609       65653467.2309       65653467.2309       36561113.3427    
  0.815000000000E-02   28020.2857115       167867315.510     -0.799952824238E-10   142369.162439       335734631.019       65653198.8154       65653198.8154       36560917.8788    
  0.820000000000E-02   28020.3684039       167866584.703     -0.795233791715E-10   142369.416473       335733169.406       65652930.2822       65652930.2822       36560724.1385    
  0.825000000000E-02   28020.4492884       167865855.423     -0.895395921883E-10   142369.669756       335731710.846       65652661.6498       65652661.6498       36560532.1233    
  0.830000000000E-02   28020.5283863       167865127.711     -0.928136626753E-10   142369.922334       335730255.422       65652392.9381       65652392.9381       36560341.8348    
  0.835000000000E-02   28020.6057193       167864401.612     -0.850927128811E-10   142370.174248       335728803.224       65652124.1685       65652124.1685       36560153.2750    
  0.840000000000E-02   28020.6813100       167863677.174     -0.792836040918E-10   142370.425542       335727354.348       65651855.3637       65651855.3637       36559966.4466    
  0.845000000000E-02   28020.7551818       167862954.448     -0.781584371558E-10   142370.676256       335725908.895       65651586.5477       65651586.5477       36559781.3523    
  0.850000000000E-02   28020.8273584       167862233.487     -0.736304193538E-10   142370.926434       335724466.974       65651317.7459       65651317.7459       36559597.9952    
  0.855000000000E-02   28020.8978644       167861514.349     -0.638441488410E-10   142371.176116       335723028.698       65651048.9851       65651048.9851       36559416.3788    
  0.860000000000E-02   28020.9667248       167860797.093     -0.694500844260E-10   142371.425343       335721594.185       65650780.2930       65650780.2930       36559236.5066    
  0.865000000000E-02   28021.0339652       167860081.780     -0.680542208157E-10   142371.674154       335720163.560       65650511.6988       65650511.6988       36559058.3823    
  0.870000000000E-02   28021.0996118       167859368.475     -0.686166549630E-10   142371.922589       335718736.951       65650243.2326       65650243.2326       36558882.0100    
  0.875000000000E-02   28021.1636913       167858657.245     -0.687547289266E-10   142372.170687       335717314.491       65649974.9259       65649974.9259       36558707.3937    
  0.880000000000E-02   28021.2262309       167857948.159     -0.654606692626E-10   142372.418485       335715896.319       65649706.8109       65649706.8109       36558534.5375    
  0.885000000000E-02   28021.2872581       167857241.288     -0.649275770104E-10   142372.666021       335714482.575       65649438.9211       65649438.9211       36558363.4455    
  0.890000000000E-02   28021.3468009       167856536.704     -0.664640047575E-10   142372.913330       335713073.407       65649171.2908       65649171.2908       36558194.1221    
  0.895000000000E-02   28021.4048878       167855834.482     -0.653987736162E-10   142373.160448       335711668.964       65648903.9553       65648903.9553       36558026.5713    
  0.900000000000E-02   28021.4615476       167855134.699     -0.673903547284E-10   142373.407410       335710269.398       65648636.9508       65648636.9508       36557860.7973    
  0.905000000000E-02   28021.5168093       167854437.433     -0.736558323107E-10   142373.654249       335708874.866       65648370.3143       65648370.3143       36557696.8042    
  0.910000000000E-02   28021.5707024       167853742.763     -0.649042195551E-10   142373.900997       335707485.526       65648104.0834       65648104.0834       36557534.5960    
  0.915000000000E-02   28021.6232566       167853050.770     -0.693267294501E-10   142374.147687       335706101.540       65647838.2968       65647838.2968       36557374.1764    
  0.920000000000E-02   28021.6745018       167852361.536     -0.658508986746E-10   142374.394347       335704723.073       65647572.9937       65647572.9937       36557215.5491    
  0.925000000000E-02   28021.7244684       167851675.145     -0.689937990255E-10   142374.641009       335703350.290       65647308.2137       65647308.2137       36557058.7177    
  0.930000000000E-02   28021.7731866       167850991.681     -0.625364314962E-10   142374.887700       335701983.361       65647043.9975       65647043.9975       36556903.6855    
  0.935000000000E-02   28021.8206871       167850311.227     -0.670989629139E-10   142375.134447       335700622.455       65646780.3859       65646780.3859       36556750.4556    
  0.940000000000E-02   28021.8670005       167849633.872     -0.709989706818E-10   142375.381277       335699267.743       65646517.4205       65646517.4205       36556599.0307    
  0.945000000000E-02   28021.9121577       167848959.700     -0.718881610683E-10   142375.628214       335697919.399       65646255.1431       65646255.1431       36556449.4135    
  0.950000000000E-02   28021.9561896       167848288.798     -0.735317911927E-10   142375.875283       335696577.597       65645993.5960       65645993.5960       36556301.6063    
  0.955000000000E-02   28021.9991272       167847621.255     -0.709798594582E-10   142376.122504       335695242.510       65645732.8220       65645732.8220       36556155.6111    
  0.960000000000E-02   28022.0410016       167846957.158     -0.754085415894E-10   142376.369901       335693914.315       65645472.8640       65645472.8640       36556011.4295    
  0.965000000000E-02   28022.0818437       167846296.594     -0.743894411830E-10   142376.617492       335692593.187       65645213.7653       65645213.7653       36555869.0630    
  0.970000000000E-02   28022.1216847       167845639.651     -0.707350470485E-10   142376.865296       335691279.302       65644955.5693       65644955.5693       36555728.5125    
  0.975000000000E-02   28022.1605554       167844986.418     -0.652968233356E-10   142377.113331       335689972.836       65644698.3196       65644698.3196       36555589.7789    
  0.980000000000E-02   28022.1984869       167844336.982     -0.599135137411E-10   142377.361612       335688673.964       65644442.0600       65644442.0600       36555452.8622    
  0.985000000000E-02   28022.2355099       167843691.431     -0.579216464894E-10   142377.610155       335687382.862       65644186.8342       65644186.8342       36555317.7626    
  0.990000000000E-02   28022.2716552       167843049.852     -0.609629811194E-10   142377.858972       335686099.704       65643932.6862       65643932.6862       36555184.4796    
  0.995000000000E-02   28022.3069534       167842412.332     -0.586659149583E-10   142378.108076       335684824.664       65643679.6598       65643679.6598       36555053.0124    
  0.100000000000E-01   28022.3414349       167841778.957     -0.647979807569E-10   142378.357477       335683557.915       65643427.7988       65643427.7988       36554923.3598    
  0.100500000000E-01   28022.3751300       167841149.814     -0.608608969741E-10   142378.607184       335682299.627       65643177.1468       65643177.1468       36554795.5201    
  0.101000000000E-01   28022.4080687       167840524.986     -0.606627747747E-10   142378.857205       335681049.973       65642927.7474       65642927.7474       36554669.4915    
  0.101500000000E-01   28022.4402809       167839904.559     -0.569982846381E-10   142379.107546       335679809.119       65642679.6439       65642679.6439       36554545.2716    
  0.102000000000E-01   28022.4717960       167839288.617     -0.561900636112E-10   142379.358212       335678577.233       65642432.8795       65642432.8795       36554422.8574    
  0.102500000000E-01   28022.5026435       167838677.240     -0.509284744758E-10   142379.609206       335677354.480       65642187.4971       65642187.4971       36554302.2460    
  0.103000000000E-01   28022.5328522       167838070.512     -0.550976826957E-10   142379.860530       335676141.024       65641943.5392       65641943.5392       36554183.4338    
  0.103500000000E-01   28022.5624510       167837468.513     -0.552149429181E-10   142380.112184       335674937.026       65641701.0481       65641701.0481       36554066.4167    
  0.104000000000E-01   28022.5914682       167836871.322     -0.515236631749E-10   142380.364167       335673742.643       65641460.0655       65641460.0655       36553951.1905    
  0.104500000000E-01   28022.6199318       167836279.017     -0.493677852745E-10   142380.616476       335672558.033       65641220.6331       65641220.6331       36553837.7504    
  0.105000000000E-01   28022.6478695       167835691.675     -0.590880219501E-10   142380.869107       335671383.349       65640982.7917       65640982.7917       36553726.0913    
  0.105500000000E-01   28022.6753085       167835109.371     -0.540551013387E-10   142381.122053       335670218.743       65640746.5818       65640746.5818       36553616.2078    
  0.106000000000E-01   28022.7022757       167834532.181     -0.493200154115E-10   142381.375308       335669064.362       65640512.0435       65640512.0435       36553508.0940    
  0.106500000000E-01   28022.7287976       167833960.176     -0.500447900508E-10   142381.628861       335667920.352       65640279.2162       65640279.2162       36553401.7438    
  0.107000000000E-01   28022.7549003       167833393.428     -0.485201161348E-10   142381.882703       335666786.856       65640048.1387       65640048.1387       36553297.1507    
  0.107500000000E-01   28022.7806092       167832832.006     -0.544830446068E-10   142382.136821       335665664.013       65639818.8493       65639818.8493       36553194.3077    
  0.108000000000E-01   28022.8059495       167832275.979     -0.479481861675E-10   142382.391200       335664551.958       65639591.3856       65639591.3856       36553093.2077    
  0.108500000000E-01   28022.8309458       167831725.412     -0.471599842795E-10   142382.645825       335663450.825       65639365.7846       65639365.7846       36552993.8433    
  0.109000000000E-01   28022.8556222       167831180.372     -0.510755692035E-10   142382.900678       335662360.743       65639142.0825       65639142.0825       36552896.2065    
  0.109500000000E-01   28022.8800025       167830640.919     -0.479828944166E-10   142383.155741       335661281.838       65638920.3148       65638920.3148       36552800.2894    
  0.110000000000E-01   28022.9041096       167830107.116     -0.554986098836E-10   142383.410991       335660214.233       65638700.5163       65638700.5163       36552706.0836    
  0.110500000000E-01   28022.9279662       167829579.023     -0.569126228883E-10   142383.666407       335659158.045       65638482.7211       65638482.7211       36552613.5804    
  0.111000000000E-01   28022.9515944       167829056.695     -0.501259137610E-10   142383.921965       335658113.391       65638266.9622       65638266.9622       36552522.7711    
  0.111500000000E-01   28022.9750157       167828540.191     -0.388465029475E-10   142384.177636       335657080.381       65638053.2722       65638053.2722       36552433.6464    
  0.112000000000E-01   28022.9982509       167828029.562     -0.389892418515E-10   142384.433395       335656059.124       65637841.6825       65637841.6825       36552346.1971    
  0.112500000000E-01   28023.0213204       167827524.861     -0.382671965883E-10   142384.689210       335655049.723       65637632.2239       65637632.2239       36552260.4136    
  0.113000000000E-01   28023.0442441       167827026.139     -0.421934555788E-10   142384.945051       335654052.278       65637424.9263       65637424.9263       36552176.2863    
  0.113500000000E-01   28023.0670411       167826533.442     -0.391026943504E-10   142385.200882       335653066.884       65637219.8184       65637219.8184       36552093.8052    
  0.114000000000E-01   28023.0897301       167826046.817     -0.400459655768E-10   142385.456670       335652093.634       65637016.9285       65637016.9285       36552012.9602    
  0.114500000000E-01   28023.1123290       167825566.308     -0.450705303335E-10   142385.712376       335651132.616       65636816.2835       65636816.2835       36551933.7411    
  0.115000000000E-01   28023.1348552       167825091.957     -0.505698647960E-10   142385.967962       335650183.914       65636617.9097       65636617.9097       36551856.1376    
  0.115500000000E-01   28023.1573256       167824623.804     -0.518350200053E-10   142386.223386       335649247.607       65636421.8322       65636421.8322       36551780.1392    
  0.116000000000E-01   28023.1797562       167824161.886     -0.574964805944E-10   142386.478604       335648323.772       65636228.0753       65636228.0753       36551705.7354    
  0.116500000000E-01   28023.2021627       167823706.240     -0.557429281622E-10   142386.733572       335647412.480       65636036.6623       65636036.6623       36551632.9154    
  0.117000000000E-01   28023.2245599       167823256.899     -0.529432775916E-10   142386.988243       335646513.799       65635847.6154       65635847.6154       36551561.6685    
  0.117500000000E-01   28023.2469621       167822813.896     -0.550301031389E-10   142387.242566       335645627.792       65635660.9560       65635660.9560       36551491.9839    
  0.118000000000E-01   28023.2693829       167822377.259     -0.602443101725E-10   142387.496492       335644754.518       65635476.7042       65635476.7042       36551423.8507    
  0.118500000000E-01   28023.2918353       167821947.017     -0.530454248900E-10   142387.749967       335643894.034       65635294.8795       65635294.8795       36551357.2581    
  0.119000000000E-01   28023.3143317       167821523.195     -0.466546697515E-10   142388.002936       335643046.390       65635115.4999       65635115.4999       36551292.1951    
  0.119500000000E-01   28023.3368838       167821105.816     -0.501450521261E-10   142388.255340       335642211.633       65634938.5828       65634938.5828       36551228.6507    
  0.120000000000E-01   28023.3595028       167820694.903     -0.552962067407E-10   142388.507122       335641389.806       65634764.1444       65634764.1444       36551166.6140    
  0.120500000000E-01   28023.3821989       167820290.473     -0.542881198641E-10   142388.758218       335640580.947       65634592.1997       65634592.1997       36551106.0741    
  0.121000000000E-01   28023.4049820       167819892.546     -0.502179519858E-10   142389.008566       335639785.092       65634422.7630       65634422.7630       36551047.0199    
  0.121500000000E-01   28023.4278612       167819501.135     -0.525602786117E-10   142389.258100       335639002.270       65634255.8472       65634255.8472       36550989.4408    
  0.122000000000E-01   28023.4508450       167819116.255     -0.537356574816E-10   142389.506752       335638232.509       65634091.4645       65634091.4645       36550933.3256    
  0.122500000000E-01   28023.4739413       167818737.915     -0.590728751409E-10   142389.754451       335637475.831       65633929.6258       65633929.6258       36550878.6637    
  0.123000000000E-01   28023.4971572       167818366.126     -0.557161385429E-10   142390.001127       335636732.253       65633770.3411       65633770.3411       36550825.4442    
  0.123500000000E-01   28023.5204994       167818000.895     -0.613316137963E-10   142390.246703       335636001.790       65633613.6193       65633613.6193       36550773.6565    
  0.124000000000E-01   28023.5439738       167817642.227     -0.602474801437E-10   142390.491104       335635284.453       65633459.4684       65633459.4684       36550723.2899    
  0.124500000000E-01   28023.5675857       167817290.124     -0.549262861387E-10   142390.734252       335634580.248       65633307.8950       65633307.8950       36550674.3337    
  0.125000000000E-01   28023.5913397       167816944.588     -0.471002691119E-10   142390.976064       335633889.176       65633158.9051       65633158.9051       36550626.7776    
  0.125500000000E-01   28023.6152399       167816605.618     -0.541522572667E-10   142391.216460       335633211.236       65633012.5035       65633012.5035       36550580.6110    
  0.126000000000E-01   28023.6392898       167816273.211     -0.505391995750E-10   142391.455352       335632546.423       65632868.6939       65632868.6939       36550535.8236    
  0.126500000000E-01   28023.6634920       167815947.363     -0.463139274788E-10   142391.692655       335631894.726       65632727.4790       65632727.4790       36550492.4051    
  0.127000000000E-01   28023.6878489       167815628.066     -0.504942120496E-10   142391.928278       335631256.133       65632588.8605       65632588.8605       36550450.3454    
  0.127500000000E-01   28023.7123619       167815315.313     -0.495141449115E-10   142392.162130       335630630.626       65632452.8394       65632452.8394       36550409.6342    
  0.128000000000E-01   28023.7370322       167815009.092     -0.561640501202E-10   142392.394118       335630018.184       65632319.4151       65632319.4151       36550370.2617    
  0.128500000000E-01   28023.7618600       167814709.391     -0.592660741315E-10   142392.624146       335629418.782       65632188.5866       65632188.5866       36550332.2178    
  0.129000000000E-01   28023.7868452       167814416.196     -0.586723793016E-10   142392.852117       335628832.391       65632060.3515       65632060.3515       36550295.4927    
  0.129500000000E-01   28023.8119870       167814129.490     -0.574698531519E-10   142393.077929       335628258.980       65631934.7067       65631934.7067       36550260.0766    
  0.130000000000E-01   28023.8372840       167813849.256     -0.517663557733E-10   142393.301483       335627698.511       65631811.6479       65631811.6479       36550225.9597    
  0.130500000000E-01   28023.8627344       167813575.473     -0.552644823782E-10   142393.522673       335627150.945       65631691.1702       65631691.1702       36550193.1324    
  0.131000000000E-01   28023.8883355       167813308.120     -0.553634283968E-10   142393.741394       335626616.240       65631573.2673       65631573.2673       36550161.5851    
  0.131500000000E-01   28023.9140844       167813047.173     -0.609062643963E-10   142393.957538       335626094.346       65631457.9325       65631457.9325       36550131.3083    
  0.132000000000E-01   28023.9399775       167812792.608     -0.624871198321E-10   142394.170996       335625585.215       65631345.1576       65631345.1576       36550102.2924    
  0.132500000000E-01   28023.9660107       167812544.396     -0.648808774782E-10   142394.381655       335625088.792       65631234.9341       65631234.9341       36550074.5280    
  0.133000000000E-01   28023.9921793       167812302.510     -0.634162554059E-10   142394.589404       335624605.019       65631127.2521       65631127.2521       36550048.0056    
  0.133500000000E-01   28024.0184782       167812066.918     -0.561296709240E-10   142394.794126       335624133.836       65631022.1010       65631022.1010       36550022.7159    
  0.134000000000E-01   28024.0449017       167811837.589     -0.548829235770E-10   142394.995705       335623675.177       65630919.4696       65630919.4696       36549998.6495    
  0.134500000000E-01   28024.0714437       167811614.488     -0.603900720693E-10   142395.194022       335623228.975       65630819.3454       65630819.3454       36549975.7969    
  0.135000000000E-01   28024.0980974       167811397.580     -0.610650655027E-10   142395.388956       335622795.159       65630721.7154       65630721.7154       36549954.1487    
  0.135500000000E-01   28024.1248557       167811186.827     -0.583436480268E-10   142395.580387       335622373.654       65630626.5656       65630626.5656       36549933.6956    
  0.136000000000E-01   28024.1517111       167810982.191     -0.561022384385E-10   142395.768191       335621964.381       65630533.8813       65630533.8813       36549914.4279    
  0.136500000000E-01   28024.1786554       167810783.630     -0.473364324622E-10   142395.952243       335621567.260       65630443.6469       65630443.6469       36549896.3363    
  0.137000000000E-01   28024.2056802       167810591.103     -0.536836209434E-10   142396.132417       335621182.207       65630355.8461       65630355.8461       36549879.4112    
  0.137500000000E-01   28024.2327765       167810404.567     -0.570762266719E-10   142396.308586       335620809.133       65630270.4619       65630270.4619       36549863.6428    
  0.138000000000E-01   28024.2599349       167810223.974     -0.511428664285E-10   142396.480620       335620447.948       65630187.4764       65630187.4764       36549849.0214    
  0.138500000000E-01   28024.2871457       167810049.279     -0.593836477044E-10   142396.648389       335620098.558       65630106.8710       65630106.8710       36549835.5372    
  0.139000000000E-01   28024.3143986       167809880.433     -0.676131955392E-10   142396.811763       335619760.866       65630028.6265       65630028.6265       36549823.1803    
  0.139500000000E-01   28024.3416831       167809717.386     -0.668044049335E-10   142396.970610       335619434.772       65629952.7228       65629952.7228       36549811.9404    
  0.140000000000E-01   28024.3689882       167809560.086     -0.654204490068E-10   142397.124795       335619120.172       65629879.1394       65629879.1394       36549801.8074    
  0.140500000000E-01   28024.3963025       167809408.480     -0.625720090543E-10   142397.274185       335618816.961       65629807.8548       65629807.8548       36549792.7708    
  0.141000000000E-01   28024.4236145       167809262.514     -0.588235504995E-10   142397.418645       335618525.028       65629738.8471       65629738.8471       36549784.8200    
  0.141500000000E-01   28024.4509119       167809122.131     -0.552403111822E-10   142397.558039       335618244.263       65629672.0936       65629672.0936       36549777.9442    
  0.142000000000E-01   28024.4781825       167808987.275     -0.581740666241E-10   142397.692230       335617974.549       65629607.5711       65629607.5711       36549772.1325    
  0.142500000000E-01   28024.5054136       167808857.885     -0.536366180987E-10   142397.821082       335617715.769       65629545.2555       65629545.2555       36549767.3735    
  0.143000000000E-01   28024.5325921       167808733.901     -0.519615067115E-10   142397.944457       335617467.802       65629485.1226       65629485.1226       36549763.6558    
  0.143500000000E-01   28024.5597048       167808615.262     -0.580869963306E-10   142398.062217       335617230.524       65629427.1471       65629427.1471       36549760.9677    
  0.144000000000E-01   28024.5867380       167808501.904     -0.520775590417E-10   142398.174224       335617003.808       65629371.3034       65629371.3034       36549759.2971    
  0.144500000000E-01   28024.6136779       167808393.762     -0.504795625517E-10   142398.280338       335616787.524       65629317.5652       65629317.5652       36549758.6317    
  0.145000000000E-01   28024.6405104       167808290.771     -0.589378666915E-10   142398.380422       335616581.541       65629265.9059       65629265.9059       36549758.9589    
  0.145500000000E-01   28024.6672210       167808192.862     -0.596398683600E-10   142398.474335       335616385.724       65629216.2980       65629216.2980       36549760.2657    
  0.146000000000E-01   28024.6937953       167808099.967     -0.534122021078E-10   142398.561939       335616199.933       65629168.7138       65629168.7138       36549762.5390    
  0.146500000000E-01   28024.7202182       167808012.015     -0.626338663077E-10   142398.643096       335616024.030       65629123.1249       65629123.1249       36549765.7650    
  0.147000000000E-01   28024.7464748       167807928.935     -0.615642739784E-10   142398.717665       335615857.869       65629079.5024       65629079.5024       36549769.9298    
  0.147500000000E-01   28024.7725499       167807850.653     -0.606265626873E-10   142398.785508       335615701.306       65629037.8170       65629037.8170       36549775.0191    
  0.148000000000E-01   28024.7984279       167807777.096     -0.652286806755E-10   142398.846487       335615554.191       65628998.0388       65628998.0388       36549781.0180    
  0.148500000000E-01   28024.8240932       167807708.186     -0.558836449431E-10   142398.900464       335615416.373       65628960.1374       65628960.1374       36549787.9115    
  0.149000000000E-01   28024.8495301       167807643.848     -0.566833309784E-10   142398.947301       335615287.696       65628924.0821       65628924.0821       36549795.6839    
  0.149500000000E-01   28024.8747226       167807584.003     -0.531243855656E-10   142398.986860       335615168.005       65628889.8417       65628889.8417       36549804.3192    
  0.150000000000E-01   28024.8996546       167807528.570     -0.626010541707E-10   142399.019006       335615057.139       65628857.3843       65628857.3843       36549813.8011    
  0.150500000000E-01   28024.9243099       167807477.468     -0.499216246060E-10   142399.043602       335614954.937       65628826.6778       65628826.6778       36549824.1127    
  0.151000000000E-01   28024.9486721       167807430.616     -0.514871881253E-10   142399.060514       335614861.232       65628797.6897       65628797.6897       36549835.2366    
  0.151500000000E-01   28024.9727249       167807387.928     -0.499686870089E-10   142399.069605       335614775.857       65628770.3868       65628770.3868       36549847.1549    
  0.152000000000E-01   28024.9964517       167807349.321     -0.475918641569E-10   142399.070744       335614698.642       65628744.7356       65628744.7356       36549859.8495    
  0.152500000000E-01   28025.0198359       167807314.706     -0.481416224549E-10   142399.063796       335614629.413       65628720.7024       65628720.7024       36549873.3016    
  0.153000000000E-01   28025.0428608       167807283.997     -0.553591474919E-10   142399.048631       335614567.994       65628698.2527       65628698.2527       36549887.4919    
  0.153500000000E-01   28025.0655096       167807257.104     -0.565392891345E-10   142399.025118       335614514.208       65628677.3517       65628677.3517       36549902.4007    
  0.154000000000E-01   28025.0877656       167807233.936     -0.540310130291E-10   142398.993126       335614467.873       65628657.9644       65628657.9644       36549918.0076    
  0.154500000000E-01   28025.1096119       167807214.402     -0.512168361336E-10   142398.952527       335614428.804       65628640.0551       65628640.0551       36549934.2920    
  0.155000000000E-01   28025.1310317       167807198.408     -0.432467490757E-10   142398.903194       335614396.816       65628623.5878       65628623.5878       36549951.2326    
  0.155500000000E-01   28025.1520082       167807185.860     -0.454313398764E-10   142398.845000       335614371.720       65628608.5262       65628608.5262       36549968.8075    
  0.156000000000E-01   28025.1725244       167807176.661     -0.451298132852E-10   142398.777820       335614353.322       65628594.8333       65628594.8333       36549986.9945    
  0.156500000000E-01   28025.1925635       167807170.715     -0.424870806224E-10   142398.701531       335614341.430       65628582.4721       65628582.4721       36550005.7708    
  0.157000000000E-01   28025.2121087       167807167.923     -0.384667670806E-10   142398.616011       335614335.845       65628571.4049       65628571.4049       36550025.1129    
  0.157500000000E-01   28025.2311432       167807168.184     -0.396359979246E-10   142398.521138       335614336.368       65628561.5936       65628561.5936       36550044.9970    
  0.158000000000E-01   28025.2496502       167807171.398     -0.366678733500E-10   142398.416792       335614342.797       65628552.9998       65628552.9998       36550065.3987    
  0.158500000000E-01   28025.2676130       167807177.463     -0.462122902366E-10   142398.302856       335614354.926       65628545.5848       65628545.5848       36550086.2932    
  0.159000000000E-01   28025.2850151       167807186.273     -0.410225318375E-10   142398.179212       335614372.547       65628539.3093       65628539.3093       36550107.6548    
  0.159500000000E-01   28025.3018398       167807197.725     -0.465797686711E-10   142398.045746       335614395.450       65628534.1337       65628534.1337       36550129.4578    
  0.160000000000E-01   28025.2231740       167805700.567     -0.480045721103E-10   142396.930145       335611401.134       65628023.7921       65628023.7921       36549652.9828    
