   0.00000000000      0.422171598510E-02  0.500000000000     -0.652170386924E-18   2.30940107676       1.00000000000      0.833333333333E-01  0.833333333333E-01  0.333333333333    
  0.312500000000E-01  0.422168131021E-02  0.500035507081     -0.762106671615E-18   2.30899270116       1.00007101416      0.833603769449E-01  0.833603769449E-01  0.333314753191    
  0.625000000000E-01  0.422157727903E-02  0.500142035008     -0.796281535797E-18   2.30776807629       1.00028407002      0.834414936762E-01  0.834414936762E-01  0.333259047656    
  0.937500000000E-01  0.422140387202E-02  0.500319603793     -0.331978453892E-18   2.30572870672       1.00063920759      0.835766412535E-01  0.835766412535E-01  0.333166321286    
  0.125000000000      0.422116105673E-02  0.500568246644     -0.388333930922E-18   2.30287709620       1.00113649329      0.837657493454E-01  0.837657493454E-01  0.333036747953    
  0.156250000000      0.422084878807E-02  0.500888009757     -0.138776533165E-17   2.29921674179       1.00177601951      0.840087197487E-01  0.840087197487E-01  0.332870570260    
  0.187500000000      0.422046700851E-02  0.501278952019     -0.137895003691E-17   2.29475212573       1.00255790404      0.843054266468E-01  0.843054266468E-01  0.332668098725    
  0.218750000000      0.422001564854E-02  0.501741144628     -0.159597000089E-17   2.28948870501       1.00348228926      0.846557169411E-01  0.846557169411E-01  0.332429710746    
  0.250000000000      0.421949462705E-02  0.502274670640     -0.177003365027E-17   2.28343289878       1.00454934128      0.850594106511E-01  0.850594106511E-01  0.332155849338    
  0.281250000000      0.421890385187E-02  0.502879624426     -0.166731448124E-17   2.27659207345       1.00575924885      0.855163013828E-01  0.855163013828E-01  0.331847021660    
  0.312500000000      0.421824322039E-02  0.503556111066     -0.139981138076E-17   2.26897452576       1.00711222213      0.860261568626E-01  0.860261568626E-01  0.331503797341    
  0.343750000000      0.421751262020E-02  0.504304245662     -0.182097506972E-17   2.26058946375       1.00860849132      0.865887195333E-01  0.865887195333E-01  0.331126806595    
  0.375000000000      0.421671192985E-02  0.505124152579     -0.230195570018E-17   2.25144698572       1.01024830516      0.872037072109E-01  0.872037072109E-01  0.330716738157    
  0.406250000000      0.421584101964E-02  0.506015964631     -0.232283461219E-17   2.24155805729       1.01203192926      0.878708137959E-01  0.878708137959E-01  0.330274337040    
  0.437500000000      0.421489975249E-02  0.506979822194     -0.210293914088E-17   2.23093448660       1.01395964439      0.885897100387E-01  0.885897100387E-01  0.329800402117    
  0.468750000000      0.421388798485E-02  0.508015872262     -0.217055483156E-17   2.21958889778       1.01603174452      0.893600443534E-01  0.893600443534E-01  0.329295783555    
  0.500000000000      0.421280556767E-02  0.509124267451     -0.140483119495E-17   2.20753470279       1.01824853490      0.901814436758E-01  0.901814436758E-01  0.328761380099    
  0.531250000000      0.421165234746E-02  0.510305164955     -0.196316584595E-17   2.19478607166       1.02061032991      0.910535143632E-01  0.910535143632E-01  0.328198136229    
  0.562500000000      0.421042816729E-02  0.511558725451     -0.170435228951E-17   2.18135790130       1.02311745090      0.919758431293E-01  0.919758431293E-01  0.327607039192    
  0.593750000000      0.420913286796E-02  0.512885111967     -0.182097737912E-17   2.16726578302       1.02577022393      0.929479980120E-01  0.929479980120E-01  0.326989115943    
  0.625000000000      0.420776628910E-02  0.514284488715     -0.220107557462E-17   2.15252596878       1.02856897743      0.939695293675E-01  0.939695293675E-01  0.326345429980    
  0.656250000000      0.420632827038E-02  0.515757019891     -0.172998568606E-17   2.13715533635       1.03151403978      0.950399708881E-01  0.950399708881E-01  0.325677078115    
  0.687500000000      0.420481865265E-02  0.517302868451     -0.234781168149E-17   2.12117135349       1.03460573690      0.961588406379E-01  0.961588406379E-01  0.324985187175    
  0.718750000000      0.420323727920E-02  0.518922194866     -0.257493546580E-17   2.10459204123       1.03784438973      0.973256421014E-01  0.973256421014E-01  0.324270910664    
  0.750000000000      0.420158399697E-02  0.520615155866     -0.248192472873E-17   2.08743593646       1.04123031173      0.985398652427E-01  0.985398652427E-01  0.323535425380    
  0.781250000000      0.419985865782E-02  0.522381903163     -0.255206014779E-17   2.06972205386       1.04476380633      0.998009875674E-01  0.998009875674E-01  0.322779928028    
  0.812500000000      0.419806111971E-02  0.524222582185     -0.252191366046E-17   2.05146984732       1.04844516437      0.101108475187      0.101108475187      0.322005631811    
  0.843750000000      0.419619124802E-02  0.526137330797     -0.273644627908E-17   2.03269917104       1.05227466159      0.102461783876      0.102461783876      0.321213763045    
  0.875000000000      0.419424891673E-02  0.528126278037     -0.346393248269E-17   2.01343024027       1.05625255607      0.103860360127      0.103860360127      0.320405557783    
  0.906250000000      0.419223400968E-02  0.530189542854     -0.218618800388E-17   1.99368359201       1.06037908571      0.105303642186      0.105303642186      0.319582258483    
  0.937500000000      0.419014642178E-02  0.532327232869     -0.280460128582E-17   1.97348004565       1.06465446574      0.106791061076      0.106791061076      0.318745110716    
  0.968750000000      0.418798606017E-02  0.534539443152     -0.237981667031E-17   1.95284066370       1.06907888630      0.108322041607      0.108322041607      0.317895359939    
   1.00000000000      0.418575284545E-02  0.536826255026     -0.304612949362E-17   1.93178671271       1.07365251005      0.109896003349      0.109896003349      0.317034248328    
   1.03125000000      0.418344671277E-02  0.539187734896     -0.273075402969E-17   1.91033962456       1.07837546979      0.111512361596      0.111512361596      0.316163011704    
   1.06250000000      0.418106761294E-02  0.541623933121     -0.226912880981E-17   1.88852095810       1.08324786624      0.113170528292      0.113170528292      0.315282876537    
   1.09375000000      0.417861551353E-02  0.544134882907     -0.273851105837E-17   1.86635236136       1.08826976581      0.114869912924      0.114869912924      0.314395057059    
   1.12500000000      0.417609039991E-02  0.546720599262     -0.291234396226E-17   1.84385553434       1.09344119852      0.116609923393      0.116609923393      0.313500752475    
   1.15625000000      0.417349227616E-02  0.549381077977     -0.262818165645E-17   1.82105219252       1.09876215595      0.118389966838      0.118389966838      0.312601144301    
   1.18750000000      0.417082116610E-02  0.552116294671     -0.312362239560E-17   1.79796403120       1.10423258934      0.120209450431      0.120209450431      0.311697393810    
   1.21875000000      0.416807711415E-02  0.554926203873     -0.323737889308E-17   1.77461269063       1.10985240775      0.122067782127      0.122067782127      0.310790639619    
   1.25000000000      0.416526018612E-02  0.557810738171     -0.348418920272E-17   1.75101972213       1.11562147634      0.123964371384      0.123964371384      0.309881995402    
   1.28125000000      0.416237047006E-02  0.560769807411     -0.289779841709E-17   1.72720655527       1.12153961482      0.125898629835      0.125898629835      0.308972547741    
   1.31250000000      0.415940807694E-02  0.563803297957     -0.338704128948E-17   1.70319446607       1.12760659591      0.127869971917      0.127869971917      0.308063354123    
   1.34375000000      0.415637314134E-02  0.566911072015     -0.324613206777E-17   1.67900454636       1.13382214403      0.129877815470      0.129877815470      0.307155441075    
   1.37500000000      0.415326582200E-02  0.570092967016     -0.313350076397E-17   1.65465767432       1.14018593403      0.131921582282      0.131921582282      0.306249802452    
   1.40625000000      0.415008630241E-02  0.573348795067     -0.298710425544E-17   1.63017448629       1.14669759013      0.134000698599      0.134000698599      0.305347397869    
   1.43750000000      0.414683479127E-02  0.576678342471     -0.296516833802E-17   1.60557534982       1.15335668494      0.136114595594      0.136114595594      0.304449151284    
   1.46875000000      0.414351152287E-02  0.580081369309     -0.311151654003E-17   1.58088033804       1.16016273862      0.138262709792      0.138262709792      0.303555949725    
   1.50000000000      0.414011675745E-02  0.583557609092     -0.334096947589E-17   1.56721110555       1.16711521818      0.140444483458      0.140444483458      0.302668642177    
   1.53125000000      0.413665078147E-02  0.587106768489     -0.320389576084E-17   1.56202076445       1.17421353698      0.142659364944      0.142659364944      0.301788038600    
   1.56250000000      0.413311390781E-02  0.590728527111     -0.363226826346E-17   1.56028316522       1.18145705422      0.144906809001      0.144906809001      0.300914909110    
   1.59375000000      0.412950647590E-02  0.594422537379     -0.323498338418E-17   1.56106757510       1.18884507476      0.147186277046      0.147186277046      0.300049983287    
   1.62500000000      0.412582885180E-02  0.598188424450     -0.312177393531E-17   1.56379199989       1.19637684890      0.149497237407      0.149497237407      0.299193949635    
   1.65625000000      0.412208142819E-02  0.602025786217     -0.358142341281E-17   1.56808362825       1.20405157243      0.151839165519      0.151839165519      0.298347455179    
   1.68750000000      0.411826462432E-02  0.605934193376     -0.333240305987E-17   1.57374473291       1.21186838675      0.154211544096      0.154211544096      0.297511105184    
   1.71875000000      0.411437888584E-02  0.609913189564     -0.348257195848E-17   1.58055651581       1.21982637913      0.156613863271      0.156613863271      0.296685463022    
   1.75000000000      0.411042468467E-02  0.613962291554     -0.338225730451E-17   1.58832992850       1.22792458311      0.159045620702      0.159045620702      0.295871050150    
   1.78125000000      0.410640251868E-02  0.618080989526     -0.329907910127E-17   1.59965658408       1.23616197905      0.161506321655      0.161506321655      0.295068346215    
   1.81250000000      0.410231291137E-02  0.622268747395     -0.373674545085E-17   1.61879152958       1.24453749479      0.163995479058      0.163995479058      0.294277789279    
   1.84375000000      0.409815641155E-02  0.626525003202     -0.353040548858E-17   1.63834479423       1.25305000640      0.166512613529      0.166512613529      0.293499776144    
   1.87500000000      0.409393359283E-02  0.630849169565     -0.337329212668E-17   1.65809753568       1.26169833913      0.169057253383      0.169057253383      0.292734662799    
   1.90625000000      0.408964505315E-02  0.635240634189     -0.332244463139E-17   1.67803070923       1.27048126838      0.171628934618      0.171628934618      0.291982764954    
   1.93750000000      0.408529141423E-02  0.639698760432     -0.288065640962E-17   1.69839576710       1.27939752086      0.174227200879      0.174227200879      0.291244358674    
   1.96875000000      0.408087332097E-02  0.644222887921     -0.295567554444E-17   1.71882827128       1.28844577584      0.176851603405      0.176851603405      0.290519681111    
   2.00000000000      0.407639144078E-02  0.648812333224     -0.339318084751E-17   1.73968731705       1.29762466645      0.179501700960      0.179501700960      0.289808931304    
   2.03125000000      0.407184646290E-02  0.653466390568     -0.450351970876E-17   1.76068827090       1.30693278114      0.182177059747      0.182177059747      0.289112271075    
   2.06250000000      0.406723909762E-02  0.658184332601     -0.397143502639E-17   1.78196694191       1.31636866520      0.184877253308      0.184877253308      0.288429825986    
   2.09375000000      0.406257007555E-02  0.662965411199     -0.494009037555E-17   1.80351348377       1.32593082240      0.187601862414      0.187601862414      0.287761686371    
   2.12500000000      0.405784014672E-02  0.667808858312     -0.537504418321E-17   1.82522197253       1.33561771662      0.190350474942      0.190350474942      0.287107908429    
   2.15625000000      0.405305007978E-02  0.672713886850     -0.536502958494E-17   1.84728353218       1.34542777370      0.193122685741      0.193122685741      0.286468515368    
   2.18750000000      0.404820066107E-02  0.677679691597     -0.533001686853E-17   1.86943111615       1.35535938319      0.195918096493      0.195918096493      0.285843498612    
   2.21875000000      0.404329269371E-02  0.682705450161     -0.620416426649E-17   1.89196830461       1.36541090032      0.198736315558      0.198736315558      0.285232819044    
   2.25000000000      0.403832699664E-02  0.687790323948     -0.573018081119E-17   1.91456314594       1.37558064790      0.201576957825      0.201576957825      0.284636408299    
   2.28125000000      0.403330440365E-02  0.692933459165     -0.595998164362E-17   1.93752654380       1.38586691833      0.204439644540      0.204439644540      0.284054170085    
   2.31250000000      0.402822576236E-02  0.698133987838     -0.597017109551E-17   1.96068461528       1.39626797568      0.207324003147      0.207324003147      0.283485981544    
   2.34375000000      0.402309193323E-02  0.703391028854     -0.593305095441E-17   1.98416005091       1.40678205771      0.210229667109      0.210229667109      0.282931694635    
   2.37500000000      0.401790378854E-02  0.708703689014     -0.631512288646E-17   2.00775053350       1.41740737803      0.213156275735      0.213156275735      0.282391137544    
   2.40625000000      0.401266221130E-02  0.714071064098     -0.601445241615E-17   2.03171737971       1.42814212820      0.216103473998      0.216103473998      0.281864116103    
   2.43750000000      0.400736809425E-02  0.719492239945     -0.604979633053E-17   2.05560510983       1.43898447989      0.219070912354      0.219070912354      0.281350415237    
   2.46875000000      0.400202233880E-02  0.724966293524     -0.565297066746E-17   2.08006762838       1.44993258705      0.222058246556      0.222058246556      0.280849800412    
   2.50000000000      0.399662585392E-02  0.730492294027     -0.618257658877E-17   2.10439721422       1.46098458805      0.225065137469      0.225065137469      0.280362019088    
   2.53125000000      0.399117955517E-02  0.736069303940     -0.577453525946E-17   2.12921876630       1.47213860788      0.228091250879      0.228091250879      0.279886802181    
   2.56250000000      0.398568436357E-02  0.741696380133     -0.584117695488E-17   2.15423066434       1.48339276027      0.231136257305      0.231136257305      0.279423865523    
   2.59375000000      0.398014120459E-02  0.747372574924     -0.561850799673E-17   2.17957572928       1.49474514985      0.234199831807      0.234199831807      0.278972911309    
   2.62500000000      0.397455100710E-02  0.753096937145     -0.573548162738E-17   2.20475977275       1.50619387429      0.237281653797      0.237281653797      0.278533629551    
   2.65625000000      0.396891470236E-02  0.758868513196     -0.573951549112E-17   2.23056887188       1.51773702639      0.240381406843      0.240381406843      0.278105699509    
   2.68750000000      0.396323322297E-02  0.764686348083     -0.587605688046E-17   2.25626714941       1.52937269617      0.243498778483      0.243498778483      0.277688791116    
   2.71875000000      0.395750750192E-02  0.770549486436     -0.536106713481E-17   2.28253189771       1.54109897287      0.246633460026      0.246633460026      0.277282566385    
   2.75000000000      0.395173847156E-02  0.776456973518     -0.577625935818E-17   2.30869199432       1.55291394704      0.249785146363      0.249785146363      0.276886680793    
   2.78125000000      0.394592706268E-02  0.782407856206     -0.559638656289E-17   2.33543972375       1.56481571241      0.252953535775      0.252953535775      0.276500784655    
   2.81250000000      0.394007420355E-02  0.788401183947     -0.571032383895E-17   2.36213781956       1.57680236789      0.256138329742      0.256138329742      0.276124524462    
   2.84375000000      0.393418081902E-02  0.794436009701     -0.595154057028E-17   2.38898014907       1.58887201940      0.259339232749      0.259339232749      0.275757544203    
   2.87500000000      0.392824782962E-02  0.800511390846     -0.560557503245E-17   2.41620992298       1.60102278169      0.262555952097      0.262555952097      0.275399486652    
   2.90625000000      0.392227615069E-02  0.806626390063     -0.617172319508E-17   2.44374217292       1.61325278013      0.265788197715      0.265788197715      0.275049994634    
   2.93750000000      0.391626669158E-02  0.812780076186     -0.613589266481E-17   2.47153171904       1.62556015237      0.269035681966      0.269035681966      0.274708712255    
   2.96875000000      0.391022035482E-02  0.818971525029     -0.646720150343E-17   2.49914176225       1.63794305006      0.272298119466      0.272298119466      0.274375286098    
   3.00000000000      0.390413803533E-02  0.825199820177     -0.576074556589E-17   2.52728709848       1.65039964035      0.275575226894      0.275575226894      0.274049366388    
   3.03125000000      0.389802061974E-02  0.831464053742     -0.623235900673E-17   2.55551671454       1.66292810748      0.278866722810      0.278866722810      0.273730608122    
   3.06250000000      0.389186898560E-02  0.837763327095     -0.643633451826E-17   2.58437821869       1.67552665419      0.282172327468      0.282172327468      0.273418672160    
   3.09375000000      0.388568400077E-02  0.844096751558     -0.664778001557E-17   2.61317600536       1.68819350312      0.285491762641      0.285491762641      0.273113226277    
   3.12500000000      0.387946652275E-02  0.850463449057     -0.630575822188E-17   2.64181495005       1.70092689811      0.288824751438      0.288824751438      0.272813946182    
   3.15625000000      0.387321739804E-02  0.856862552755     -0.615054817933E-17   2.67130642428       1.71372510551      0.292171018133      0.292171018133      0.272520516490    
   3.18750000000      0.386693746163E-02  0.863293207635     -0.679622873794E-17   2.70062822590       1.72658641527      0.295530287987      0.295530287987      0.272232631660    
   3.21875000000      0.386062753641E-02  0.869754571055     -0.639072408367E-17   2.73059419615       1.73950914211      0.298902287086      0.298902287086      0.271949996883    
   3.25000000000      0.385428843269E-02  0.876245813269     -0.654519805423E-17   2.76048815639       1.75249162654      0.302286742165      0.302286742165      0.271672328940    
   3.28125000000      0.384792094768E-02  0.882766117912     -0.608304191835E-17   2.79043481496       1.76553223582      0.305683380454      0.305683380454      0.271399357003    
   3.31250000000      0.384152586513E-02  0.889314682444     -0.687142830140E-17   2.82111792136       1.77862936489      0.309091929517      0.309091929517      0.271130823410    
   3.34375000000      0.383510395485E-02  0.895890718570     -0.687759242324E-17   2.85162667328       1.79178143714      0.312512117097      0.312512117097      0.270866484376    
   3.37500000000      0.382865597239E-02  0.902493452616     -0.721475156177E-17   2.88240177183       1.80498690523      0.315943670967      0.315943670967      0.270606110683    
   3.40625000000      0.382218265865E-02  0.909122125880     -0.702317940753E-17   2.91348176356       1.81824425176      0.319386318788      0.319386318788      0.270349488305    
   3.43750000000      0.381568473965E-02  0.915775994940     -0.682958833354E-17   2.94472212298       1.83155198988      0.322839787967      0.322839787967      0.270096419006    
   3.46875000000      0.380916292617E-02  0.922454331935     -0.678753745394E-17   2.97669060713       1.84490866387      0.326303805526      0.326303805526      0.269846720882    
   3.50000000000      0.380261791360E-02  0.929156424815     -0.602411088615E-17   3.00848223513       1.85831284963      0.329778097975      0.329778097975      0.269600228866    
   3.53125000000      0.379605038162E-02  0.935881577556     -0.581738423711E-17   3.04008284722       1.87176315511      0.333262391185      0.333262391185      0.269356795187    
   3.56250000000      0.378946099413E-02  0.942629110344     -0.621790540435E-17   3.07244003642       1.88525822069      0.336756410280      0.336756410280      0.269116289784    
   3.59375000000      0.378285039903E-02  0.949398359728     -0.586137595919E-17   3.10502220239       1.89879671946      0.340259879525      0.340259879525      0.268878600678    
   3.62500000000      0.377621922811E-02  0.956188678751     -0.573307279623E-17   3.13786342466       1.91237735750      0.343772522226      0.343772522226      0.268643634300    
   3.65625000000      0.376956809697E-02  0.962999437041     -0.577411700200E-17   3.17103359308       1.92599887408      0.347294060631      0.347294060631      0.268411315779    
   3.68750000000      0.376289760494E-02  0.969830020880     -0.564499097979E-17   3.20401285319       1.93966004176      0.350824215848      0.350824215848      0.268181589184    
   3.71875000000      0.375620833505E-02  0.976679833249     -0.563015446024E-17   3.23749542364       1.95335966650      0.354362707763      0.354362707763      0.267954417723    
   3.75000000000      0.374950085400E-02  0.983548293840     -0.568368004474E-17   3.27156094100       1.96709658768      0.357909254966      0.357909254966      0.267729783909    
   3.78125000000      0.374277571220E-02  0.990434839045     -0.523812899738E-17   3.30545332665       1.98086967809      0.361463574686      0.361463574686      0.267507689673    
   3.81250000000      0.373603344376E-02  0.997338921923     -0.495660921092E-17   3.33915981387       1.99467784385      0.365025382736      0.365025382736      0.267288156450    
   3.84375000000      0.372927456660E-02   1.00426001214     -0.494701856745E-17   3.37347758793       2.00852002427      0.368594393462      0.368594393462      0.267071225213    
   3.87500000000      0.372249958248E-02   1.01119759588     -0.518047176265E-17   3.40836607732       2.02239519175      0.372170319699      0.372170319699      0.266856956478    
   3.90625000000      0.371570897714E-02   1.01815117575     -0.465181788371E-17   3.44347295213       2.03630235149      0.375752872740      0.375752872740      0.266645430266    
   3.93750000000      0.370890322040E-02   1.02512027065     -0.455839324698E-17   3.47895065148       2.05024054130      0.379341762309      0.379341762309      0.266436746030    
   3.96875000000      0.370208276632E-02   1.03210441562     -0.446515162778E-17   3.51424872564       2.06420883125      0.382936696539      0.382936696539      0.266231022546    
   4.00000000000      0.369524805336E-02   1.03910316170     -0.503568811066E-17   3.54935498316       2.07820632339      0.386537381966      0.386537381966      0.266028397766    
   4.03125000000      0.368839950455E-02   1.04611607568     -0.513497294388E-17   3.58581048280       2.09223215136      0.390143523519      0.390143523519      0.265829028639    
   4.06250000000      0.368153752770E-02   1.05314273997     -0.493131440506E-17   3.62223926276       2.10628547993      0.393754824532      0.393754824532      0.265633090901    
   4.09375000000      0.367466251564E-02   1.06018275232     -0.492158608130E-17   3.65850245932       2.12036550464      0.397370986748      0.397370986748      0.265440778824    
   4.12500000000      0.366777484639E-02   1.06723572562     -0.452817356241E-17   3.69458916834       2.13447145125      0.400991710340      0.400991710340      0.265252304945    
   4.15625000000      0.366087488350E-02   1.07430128763     -0.449814337463E-17   3.73129646804       2.14860257526      0.404616693936      0.404616693936      0.265067899756    
   4.18750000000      0.365396297623E-02   1.08137908067     -0.438242267157E-17   3.76879647137       2.16275816134      0.408245634653      0.408245634653      0.264887811365    
   4.21875000000      0.364703945989E-02   1.08846876140     -0.428819070232E-17   3.80617387251       2.17693752281      0.411878228134      0.411878228134      0.264712305137    
   4.25000000000      0.364010465610E-02   1.09557000048     -0.490030187530E-17   3.84424682473       2.19114000096      0.415514168591      0.415514168591      0.264541663297    
   4.28125000000      0.363315887313E-02   1.10268248224     -0.475040785291E-17   3.88215602871       2.20536496448      0.419153148862      0.419153148862      0.264376184514    
   4.31250000000      0.362620240619E-02   1.10980590439     -0.441274426849E-17   3.91989129790       2.21961180878      0.422794860465      0.422794860465      0.264216183458    
   4.34375000000      0.361923553776E-02   1.11693997766     -0.456042237150E-17   3.95815827529       2.23387995531      0.426438993663      0.426438993663      0.264061990331    
   4.37500000000      0.361225853796E-02   1.12408442544     -0.445355488078E-17   3.99744426331       2.24816885088      0.430085237530      0.430085237530      0.263913950383    
   4.40625000000      0.360527166490E-02   1.13123898345     -0.415994430872E-17   4.03659023596       2.26247796691      0.433733280030      0.433733280030      0.263772423393    
   4.43750000000      0.359827516501E-02   1.13840339934     -0.412471077047E-17   4.07558738293       2.27680679868      0.437382808096      0.437382808096      0.263637783146    
   4.46875000000      0.359126927345E-02   1.14557743230     -0.421135176342E-17   4.11442714784       2.29115486460      0.441033507711      0.441033507711      0.263510416876    
   4.50000000000      0.358425421445E-02   1.15276085271     -0.453509130782E-17   4.15357582529       2.30552170542      0.444685064004      0.444685064004      0.263390724702    
   4.53125000000      0.357723020175E-02   1.15995344171     -0.437481169946E-17   4.19408199271       2.31990688343      0.448337161337      0.448337161337      0.263279119040    
   4.56250000000      0.357019743894E-02   1.16715499083     -0.510636705447E-17   4.23446867369       2.33430998166      0.451989483412      0.451989483412      0.263176024004    
   4.59375000000      0.356315611989E-02   1.17436530152     -0.533675815924E-17   4.27472869592       2.34873060305      0.455641713366      0.455641713366      0.263081874793    
   4.62500000000      0.355610642916E-02   1.18158418483     -0.551588107052E-17   4.31541090823       2.36316836965      0.459293533884      0.459293533884      0.262997117058    
   4.65625000000      0.354904854239E-02   1.18881146088     -0.526777370305E-17   4.35616837362       2.37762292177      0.462944627309      0.462944627309      0.262922206264    
   4.68750000000      0.354198262669E-02   1.19604695855     -0.465140749938E-17   4.39677172197       2.39209391710      0.466594675755      0.466594675755      0.262857607042    
   4.71875000000      0.353490884111E-02   1.20329051498     -0.552899567536E-17   4.43833582077       2.40658102995      0.470243361227      0.470243361227      0.262803792522    
   4.75000000000      0.352782733703E-02   1.21054197516     -0.469914567081E-17   4.48077505199       2.42108395031      0.473890365742      0.473890365742      0.262761243672    
   4.78125000000      0.352073825853E-02   1.21780119153     -0.516042613922E-17   4.52310206995       2.43560238306      0.477535371457      0.477535371457      0.262730448615    
   4.81250000000      0.351364174289E-02   1.22506802354     -0.475754341484E-17   4.56531070618       2.45013604708      0.481178060796      0.481178060796      0.262711901950    
   4.84375000000      0.350653792093E-02   1.23234233723     -0.459727215168E-17   4.60739509685       2.46468467445      0.484818116580      0.484818116580      0.262706104066    
   4.87500000000      0.349942691745E-02   1.23962400478     -0.462356719839E-17   4.64934969436       2.47924800955      0.488455222165      0.488455222165      0.262713560445    
   4.90625000000      0.349230885166E-02   1.24691290414     -0.465666169535E-17   4.69213672701       2.49382580828      0.492089061581      0.492089061581      0.262734780979    
   4.93750000000      0.348518383754E-02   1.25420891860     -0.446438279882E-17   4.73605578487       2.50841783720      0.495719319667      0.495719319667      0.262770279264    
   4.96875000000      0.347805198426E-02   1.26151193635     -0.560616085928E-17   4.77989006505       2.52302387271      0.499345682221      0.499345682221      0.262820571912    
   5.00000000000      0.347091339657E-02   1.26882185014     -0.528014593155E-17   4.82363528674       2.53764370028      0.502967836142      0.502967836142      0.262886177854    
   5.03125000000      0.346376817520E-02   1.27613855681     -0.565459326342E-17   4.86728749438       2.55227711362      0.506585469582      0.506585469582      0.262967617647    
   5.06250000000      0.345661641722E-02   1.28346195698     -0.564336521072E-17   4.91084306712       2.56692391396      0.510198272096      0.510198272096      0.263065412786    
   5.09375000000      0.344945821641E-02   1.29079195460     -0.615736445563E-17   4.95429872802       2.58158390921      0.513805934795      0.513805934795      0.263180085015    
   5.12500000000      0.344229366361E-02   1.29812845666     -0.606047085930E-17   4.99903632114       2.59625691331      0.517408150503      0.517408150503      0.263312155650    
   5.15625000000      0.343512284712E-02   1.30547137274     -0.640088573848E-17   5.04459618368       2.61094274548      0.521004613919      0.521004613919      0.263462144902    
   5.18750000000      0.342794585296E-02   1.31282061475     -0.625623852608E-17   5.09010326001       2.62564122951      0.524595021773      0.524595021773      0.263630571209    
   5.21875000000      0.342076276525E-02   1.32017609656     -0.682262238218E-17   5.13601709710       2.64035219312      0.528179072991      0.528179072991      0.263817950577    
   5.25000000000      0.341357366652E-02   1.32753773365     -0.638022364343E-17   5.18193488364       2.65507546730      0.531756468861      0.531756468861      0.264024795929    
   5.28125000000      0.340637863798E-02   1.33490544286     -0.698006532642E-17   5.22777344441       2.66981088573      0.535326913200      0.535326913200      0.264251616463    
   5.31250000000      0.339917775985E-02   1.34227914207     -0.683203194561E-17   5.27353030709       2.68455828413      0.538890112521      0.538890112521      0.264498917024    
   5.34375000000      0.339197111157E-02   1.34965874989     -0.696577526933E-17   5.31920334848       2.69931749978      0.542445776206      0.542445776206      0.264767197481    
   5.37500000000      0.338475877213E-02   1.35704418547     -0.760186761393E-17   5.36558003422       2.71408837094      0.545993616674      0.545993616674      0.265056952122    
   5.40625000000      0.337754082026E-02   1.36443536818     -0.768165795108E-17   5.41350598583       2.72887073636      0.549533349560      0.549533349560      0.265368669061    
   5.43750000000      0.337031733466E-02   1.37183221743     -0.782028084871E-17   5.46139615425       2.74366443485      0.553064693885      0.553064693885      0.265702829656    
   5.46875000000      0.336308839423E-02   1.37923465242     -0.790170744029E-17   5.50924929047       2.75846930484      0.556587372235      0.556587372235      0.266059907948    
   5.50000000000      0.335585407825E-02   1.38664259197     -0.832899022584E-17   5.55706447559       2.77328518394      0.560101110933      0.560101110933      0.266440370104    
   5.53125000000      0.334861446657E-02   1.39405595433     -0.820864041800E-17   5.60484112589       2.78811190865      0.563605640220      0.563605640220      0.266844673886    
   5.56250000000      0.334136963973E-02   1.40147465700     -0.794908371956E-17   5.65257899745       2.80294931399      0.567100694431      0.567100694431      0.267273268134    
   5.59375000000      0.333411967917E-02   1.40889861661     -0.765908335453E-17   5.70027819067       2.81779723321      0.570586012174      0.570586012174      0.267726592259    
   5.62500000000      0.332686466728E-02   1.41632774877     -0.741801629946E-17   5.74793915404       2.83265549754      0.574061336503      0.574061336503      0.268205075765    
   5.65625000000      0.331960468757E-02   1.42376196798     -0.706330683329E-17   5.79681679758       2.84752393595      0.577526415100      0.577526415100      0.268709137778    
   5.68750000000      0.331233982475E-02   1.43120118750     -0.776364706275E-17   5.84684274094       2.86240237499      0.580981000449      0.580981000449      0.269239186598    
   5.71875000000      0.330507016478E-02   1.43864531930     -0.820895914748E-17   5.89687584281       2.87729063859      0.584424850013      0.584424850013      0.269795619270    
   5.75000000000      0.329779579496E-02   1.44609427398     -0.815880955102E-17   5.94691697493       2.89218854796      0.587857726404      0.587857726404      0.270378821173    
   5.78125000000      0.329051680398E-02   1.45354796074     -0.839688143018E-17   5.99696731433       2.90709592149      0.591279397560      0.591279397560      0.270989165624    
   5.81250000000      0.328323328190E-02   1.46100628733     -0.815740037754E-17   6.04702834417       2.92201257467      0.594689636913      0.594689636913      0.271627013508    
   5.84375000000      0.327594532026E-02   1.46846916004     -0.837013899155E-17   6.09710185379       2.93693832009      0.598088223560      0.598088223560      0.272292712923    
   5.87500000000      0.326865301200E-02   1.47593648369     -0.835950712736E-17   6.14718993856       2.95187296739      0.601474942425      0.601474942425      0.272986598844    
   5.90625000000      0.326135645148E-02   1.48340816165     -0.830371374639E-17   6.19729499885       2.96681632331      0.604849584423      0.604849584423      0.273708992808    
   5.93750000000      0.325405573447E-02   1.49088409586     -0.856827035147E-17   6.24741973866       2.98176819172      0.608211946620      0.608211946620      0.274460202621    
   5.96875000000      0.324675095810E-02   1.49836418686     -0.827076884595E-17   6.29756716362       2.99672837372      0.611561832391      0.611561832391      0.275240522077    
   6.00000000000      0.323944222081E-02   1.50584833383     -0.859626580322E-17   6.34936200542       3.01169666767      0.614899051565      0.614899051565      0.276050230703    
   6.03125000000      0.323212962231E-02   1.51333643468     -0.840011252575E-17   6.40191173055       3.02667286936      0.618223420579      0.618223420579      0.276889593522    
   6.06250000000      0.322481326353E-02   1.52082838606     -0.855587266942E-17   6.45452006810       3.04165677213      0.621534762616      0.621534762616      0.277758860831    
   6.09375000000      0.321749324650E-02   1.52832408349     -0.845815251887E-17   6.50718967146       3.05664816699      0.624832907745      0.624832907745      0.278658268004    
   6.12500000000      0.321016967430E-02   1.53582342141     -0.841387935068E-17   6.55992341930       3.07164684282      0.628117693050      0.628117693050      0.279588035308    
   6.15625000000      0.320284265100E-02   1.54332629326     -0.874683131070E-17   6.61272440936       3.08665258652      0.631388962759      0.631388962759      0.280548367741    
   6.18750000000      0.319551228150E-02   1.55083259161     -0.866805558811E-17   6.66559595188       3.10166518322      0.634646568361      0.634646568361      0.281539454887    
   6.21875000000      0.318817867151E-02   1.55834220823     -0.889748618106E-17   6.71854156206       3.11668441645      0.637890368721      0.637890368721      0.282561470785    
   6.25000000000      0.318084192739E-02   1.56585503419     -0.873787336631E-17   6.77156495198       3.13171006839      0.641120230185      0.641120230185      0.283614573824    
   6.28125000000      0.317350215608E-02   1.57337096000     -0.881624363643E-17   6.82467002158       3.14674192001      0.644336026679      0.644336026679      0.284698906644    
   6.31250000000      0.316615946499E-02   1.58088987567     -0.911814635863E-17   6.87786084906       3.16177975134      0.647537639804      0.647537639804      0.285814596063    
   6.34375000000      0.315881396188E-02   1.58841167084     -0.884500283039E-17   6.93114168034       3.17682334168      0.650724958915      0.650724958915      0.286961753011    
   6.37500000000      0.315146575478E-02   1.59593623489     -0.837720075642E-17   6.98451691785       3.19187246979      0.653897881201      0.653897881201      0.288140472492    
   6.40625000000      0.314411495189E-02   1.60346345704     -0.845480401192E-17   7.03948523266       3.20692691408      0.657056311748      0.657056311748      0.289350833544    
   6.43750000000      0.313676166145E-02   1.61099322644     -0.833946790407E-17   7.09496614247       3.22198645288      0.660200163606      0.660200163606      0.290592899230    
   6.46875000000      0.312940599165E-02   1.61852543229     -0.838570032261E-17   7.15052189602       3.23705086459      0.663329357831      0.663329357831      0.291866716633    
   6.50000000000      0.312204805059E-02   1.62605996393     -0.796282463212E-17   7.20615501717       3.25211992786      0.666443823530      0.666443823530      0.293172316870    
   6.53125000000      0.311468794611E-02   1.63359671090     -0.718733182181E-17   7.26186811902       3.26719342181      0.669543497896      0.669543497896      0.294509715113    
   6.56250000000      0.310732578576E-02   1.64113556308     -0.743335937334E-17   7.31766389023       3.28227112616      0.672628326226      0.672628326226      0.295878910629    
   6.59375000000      0.309996167674E-02   1.64867641070     -0.696369331454E-17   7.37354508060       3.29735282141      0.675698261938      0.675698261938      0.297279886829    
   6.62500000000      0.309259572578E-02   1.65621914448     -0.678533202321E-17   7.42951448567       3.31243828895      0.678753266574      0.678753266574      0.298712611328    
   6.65625000000      0.308522803911E-02   1.66376365561     -0.692912602204E-17   7.48557493050       3.32752731122      0.681793309797      0.681793309797      0.300177036017    
   6.68750000000      0.307785872242E-02   1.67130983588     -0.658933381942E-17   7.54172925261       3.34261967177      0.684818369369      0.684818369369      0.301673097145    
   6.71875000000      0.307048788080E-02   1.67885757768     -0.690804028045E-17   7.59798028406       3.35771515536      0.687828431134      0.687828431134      0.303200715413    
   6.75000000000      0.306311561872E-02   1.68640677403     -0.661437548213E-17   7.65433083271       3.37281354806      0.690823488977      0.690823488977      0.304759796076    
   6.78125000000      0.305574204001E-02   1.69395731861     -0.686175887055E-17   7.71078366236       3.38791463722      0.693803544780      0.693803544780      0.306350229050    
   6.81250000000      0.304836724784E-02   1.70150910578     -0.667283392244E-17   7.76736496104       3.40301821156      0.696768608372      0.696768608372      0.307971889037    
   6.84375000000      0.304099134471E-02   1.70906203056     -0.669990719031E-17   7.82454599900       3.41812406113      0.699718697456      0.699718697456      0.309624635652    
   6.87500000000      0.303361443251E-02   1.71661598864     -0.711644312357E-17   7.88186867331       3.43323197727      0.702653837540      0.702653837540      0.311308313556    
   6.90625000000      0.302623661250E-02   1.72417087631     -0.678739731986E-17   7.93933480294       3.44834175261      0.705574061852      0.705574061852      0.313022752604    
   6.93750000000      0.301885798537E-02   1.73172659048     -0.680379553506E-17   7.99694597722       3.46345318095      0.708479411242      0.708479411242      0.314767767992    
   6.96875000000      0.301147865126E-02   1.73928302858     -0.695456172934E-17   8.05470352977       3.47856605716      0.711369934080      0.711369934080      0.316543160418    
   7.00000000000      0.300409870988E-02   1.74684008853     -0.693330901556E-17   8.11260851180       3.49368017706      0.714245686143      0.714245686143      0.318348716244    
   7.03125000000      0.299671826053E-02   1.75439766864     -0.723025906811E-17   8.17066166413       3.50879533729      0.717106730489      0.717106730489      0.320184207667    
   7.06250000000      0.298933740221E-02   1.76195566755     -0.735797234360E-17   8.22886338945       3.52391133509      0.719953137325      0.719953137325      0.322049392896    
   7.09375000000      0.298195623371E-02   1.76951398406     -0.662550035317E-17   8.28721372328       3.53902796813      0.722784983865      0.722784983865      0.323944016333    
   7.12500000000      0.297457485376E-02   1.77707251712     -0.683630704138E-17   8.34571230439       3.55414503423      0.725602354176      0.725602354176      0.325867808765    
   7.15625000000      0.296719336108E-02   1.78463116559     -0.674868207121E-17   8.40435834487       3.56926233118      0.728405339019      0.728405339019      0.327820487554    
   7.18750000000      0.295981185461E-02   1.79218982819     -0.746366842449E-17   8.46315059974       3.58437965639      0.731194035679      0.731194035679      0.329801756837    
   7.21875000000      0.295243043359E-02   1.79974840330     -0.750196755387E-17   8.52208733575       3.59949680660      0.733968547784      0.733968547784      0.331811307732    
   7.25000000000      0.294504919774E-02   1.80730678879     -0.779757464723E-17   8.58116630017       3.61461357757      0.736728985121      0.736728985121      0.333848818544    
   7.28125000000      0.293766824744E-02   1.81486488186     -0.798445009496E-17   8.64038468879       3.62972976372      0.739475463436      0.739475463436      0.335913954987    
   7.31250000000      0.293028768394E-02   1.82242257886     -0.810761323534E-17   8.69973911419       3.64484515772      0.742208104232      0.742208104232      0.338006370397    
   7.34375000000      0.292290760949E-02   1.82997977507     -0.817110465084E-17   8.75922557328       3.65995955015      0.744927034556      0.744927034556      0.340125705961    
   7.37500000000      0.291552812760E-02   1.83753636451     -0.769810725637E-17   8.81883941487       3.67507272901      0.747632386779      0.747632386779      0.342271590947    
   7.40625000000      0.290814934322E-02   1.84509223967     -0.774924519483E-17   8.87857530730       3.69018447935      0.750324298366      0.750324298366      0.344443642943    
   7.43750000000      0.290077136302E-02   1.85264729138     -0.805098581019E-17   8.93842720572       3.70529458275      0.753002911641      0.753002911641      0.346641468095    
   7.46875000000      0.289339429554E-02   1.86020140845     -0.830849182818E-17   8.99838832013       3.72040281690      0.755668373546      0.755668373546      0.348864661358    
   7.50000000000      0.288601825150E-02   1.86775447752     -0.847509572342E-17   9.05845108276       3.73550895503      0.758320835385      0.758320835385      0.351112806745    
   7.53125000000      0.287864334402E-02   1.87530638274     -0.806530811217E-17   9.11860711639       3.75061276549      0.760960452575      0.760960452575      0.353385477595    
   7.56250000000      0.287126968889E-02   1.88285700557     -0.856412734479E-17   9.17884720266       3.76571401115      0.763587384372      0.763587384372      0.355682236831    
   7.59375000000      0.286389740479E-02   1.89040622445     -0.861536238276E-17   9.23916125124       3.78081244891      0.766201793609      0.766201793609      0.358002637235    
   7.62500000000      0.285652661364E-02   1.89795391456     -0.894950122863E-17   9.29953826931       3.79590782912      0.768803846415      0.768803846415      0.360346221729    
   7.65625000000      0.284915744079E-02   1.90549994753     -0.850437237949E-17   9.35996633164       3.81099989506      0.771393711933      0.771393711933      0.362712523663    
   7.68750000000      0.284179001534E-02   1.91304419116     -0.850440777223E-17   9.42043255213       3.82608838232      0.773971562029      0.773971562029      0.365101067103    
   7.71875000000      0.283442447040E-02   1.92058650915     -0.916092051802E-17   9.48092305570       3.84117301829      0.776537571004      0.776537571004      0.367511367139    
   7.75000000000      0.282706094339E-02   1.92812676077     -0.920664907904E-17   9.54142295155       3.85625352153      0.779091915287      0.779091915287      0.369942930192    
   7.78125000000      0.281969957633E-02   1.93566480061     -0.915634987910E-17   9.60191630746       3.87132960122      0.781634773137      0.781634773137      0.372395254335    
   7.81250000000      0.281234051608E-02   1.94320047827     -0.910563795087E-17   9.66238612596       3.88640095654      0.784166324328      0.784166324328      0.374867829615    
   7.84375000000      0.280498391467E-02   1.95073363807     -0.900323362739E-17   9.72281432138       3.90146727615      0.786686749840      0.786686749840      0.377360138395    
   7.87500000000      0.279762992958E-02   1.95826411877     -0.947709775423E-17   9.78318169908       3.91652823755      0.789196231539      0.789196231539      0.379871655696    
   7.90625000000      0.279027872399E-02   1.96579175326     -0.998797679259E-17   9.84346793631       3.93158350653      0.791694951853      0.791694951853      0.382401849556    
   7.93750000000      0.278293046708E-02   1.97331636830     -0.969522550803E-17   9.90365156486       3.94663273660      0.794183093452      0.794183093452      0.384950181394    
   7.96875000000      0.277558533432E-02   1.98083778421     -0.972261995602E-17   9.96370995617       3.96167556843      0.796660838914      0.796660838914      0.387516106387    
   8.00000000000      0.276824350769E-02   1.98835581464     -0.102100573163E-16   10.0236193088       3.97671162929      0.799128370394      0.799128370394      0.390099073857    
   8.03125000000      0.276090517600E-02   1.99587026626     -0.100519895637E-16   10.0833546377       3.99174053251      0.801585869292      0.801585869292      0.392698527671    
   8.06250000000      0.275357053512E-02   2.00338093848     -0.990983888188E-17   10.1428897668       4.00676187696      0.804033515915      0.804033515915      0.395313906652    
   8.09375000000      0.274623978821E-02   2.01088762327     -0.107145879741E-16   10.2021973241       4.02177524655      0.806471489137      0.806471489137      0.397944644999    
   8.12500000000      0.273891314601E-02   2.01839010485     -0.103972798482E-16   10.2612487397       4.03678020969      0.808899966061      0.808899966061      0.400590172724    
   8.15625000000      0.273159082703E-02   2.02588815945     -0.101568327605E-16   10.3200142468       4.05177631890      0.811319121676      0.811319121676      0.403249916098    
   8.18750000000      0.272427305776E-02   2.03338155514     -0.108771229384E-16   10.3784628859       4.06676311027      0.813729128514      0.813729128514      0.405923298108    
   8.21875000000      0.271696007294E-02   2.04087005155     -0.107433527912E-16   10.4365625130       4.08174010311      0.816130156311      0.816130156311      0.408609738932    
   8.25000000000      0.270965211568E-02   2.04835339974     -0.105067772294E-16   10.4942798104       4.09670679949      0.818522371660      0.818522371660      0.411308656424    
   8.28125000000      0.270234943770E-02   2.05583134195     -0.106591882319E-16   10.5524956618       4.11166268391      0.820905937672      0.820905937672      0.414019466609    
   8.31250000000      0.269505229946E-02   2.06330361147     -0.110511553537E-16   10.6116717301       4.12660722294      0.823281013637      0.823281013637      0.416741584195    
   8.34375000000      0.268776097034E-02   2.07076993245     -0.107783269083E-16   10.6703986246       4.14153986490      0.825647754678      0.825647754678      0.419474423095    
   8.37500000000      0.268047572874E-02   2.07823001981     -0.115439275606E-16   10.7286347069       4.15646003962      0.828006311422      0.828006311422      0.422217396965    
   8.40625000000      0.267319686223E-02   2.08568357907     -0.115596384373E-16   10.7863371335       4.17136715813      0.830356829659      0.830356829659      0.424969919748    
   8.43750000000      0.266592466765E-02   2.09313030627     -0.110715336740E-16   10.8434618950       4.18626061254      0.832699450015      0.832699450015      0.427731406240    
   8.46875000000      0.265865945118E-02   2.10056988790     -0.107979056764E-16   10.8999638596       4.20113977579      0.835034307621      0.835034307621      0.430501272655    
   8.50000000000      0.265140152838E-02   2.10800200080     -0.104519059875E-16   10.9557968222       4.21600400160      0.837361531792      0.837361531792      0.433278937214    
   8.53125000000      0.264415122428E-02   2.11542631215     -0.104900400948E-16   11.0109135583       4.23085262431      0.839681245711      0.839681245711      0.436063820733    
   8.56250000000      0.263690887336E-02   2.12284247945     -0.107117744215E-16   11.0652658831       4.24568495890      0.841993566109      0.841993566109      0.438855347233    
   8.59375000000      0.262967481957E-02   2.13025015048     -0.108670755250E-16   11.1188047150       4.26050030097      0.844298602968      0.844298602968      0.441652944548    
   8.62500000000      0.262244941631E-02   2.13764896338     -0.112804787263E-16   11.1714801457       4.27529792676      0.846596459216      0.846596459216      0.444456044947    
   8.65625000000      0.261523302636E-02   2.14503854664     -0.115924153684E-16   11.2232415138       4.29007709329      0.848887230438      0.848887230438      0.447264085767    
   8.68750000000      0.260802602183E-02   2.15241851923     -0.121830805060E-16   11.2752530407       4.30483703846      0.851171004594      0.851171004594      0.450076510041    
   8.71875000000      0.260082878409E-02   2.15978849063     -0.125856440118E-16   11.3274838375       4.31957698127      0.853447861744      0.853447861744      0.452892767146    
   8.75000000000      0.259364170360E-02   2.16714806101     -0.126988088935E-16   11.3786125499       4.33429612202      0.855717873784      0.855717873784      0.455712313442    
   8.78125000000      0.258646517981E-02   2.17449682132     -0.127158080865E-16   11.4298011234       4.34899364263      0.857981104197      0.857981104197      0.458534612924    
   8.81250000000      0.257929962101E-02   2.18183435348     -0.123241428322E-16   11.4813886406       4.36366870696      0.860237607809      0.860237607809      0.461359137864    
   8.84375000000      0.257214544410E-02   2.18916023059     -0.126320349888E-16   11.5318596568       4.37832046118      0.862487430562      0.862487430562      0.464185369464    
   8.87500000000      0.256500307442E-02   2.19647401710     -0.125276990679E-16   11.5822662112       4.39294803420      0.864730609299      0.864730609299      0.467012798501    
   8.90625000000      0.255787294548E-02   2.20377526909     -0.130047848554E-16   11.6332119817       4.40755053818      0.866967171562      0.866967171562      0.469840925965    
   8.93750000000      0.255075549873E-02   2.21106353451     -0.129161751411E-16   11.6828106896       4.42212706902      0.869197135406      0.869197135406      0.472669263700    
   8.96875000000      0.254365118327E-02   2.21833835349     -0.136157095659E-16   11.7309976156       4.43667670698      0.871420509231      0.871420509231      0.475497335026    
   9.00000000000      0.253656045556E-02   2.22559925861     -0.137877789167E-16   11.7777081493       4.45119851723      0.873637291624      0.873637291624      0.478324675366    
   9.03125000000      0.252948377907E-02   2.23284577530     -0.131723302263E-16   11.8228779357       4.46569155059      0.875847471226      0.875847471226      0.481150832843    
   9.06250000000      0.252242162394E-02   2.24007742210     -0.133616178541E-16   11.8664430275       4.48015484420      0.878051026612      0.878051026612      0.483975368879    
   9.09375000000      0.251537446662E-02   2.24729371115     -0.138167431288E-16   11.9083400392       4.49458742230      0.880247926189      0.880247926189      0.486797858769    
   9.12500000000      0.250834278948E-02   2.25449414848     -0.137931164508E-16   11.9485063063       4.50898829697      0.882438128122      0.882438128122      0.489617892240    
   9.15625000000      0.250132708041E-02   2.26167823452     -0.137935993089E-16   11.9915742523       4.52335646904      0.884621580267      0.884621580267      0.492435073986    
   9.18750000000      0.249432783238E-02   2.26884546446     -0.141827958961E-16   12.0352999943       4.53769092891      0.886798220137      0.886798220137      0.495249024182    
   9.21875000000      0.248734554299E-02   2.27599532874     -0.143623259876E-16   12.0771854942       4.55199065748      0.888967974882      0.888967974882      0.498059378977    
   9.25000000000      0.248038071403E-02   2.28312731354     -0.145368668662E-16   12.1171644771       4.56625462708      0.891130761296      0.891130761296      0.500865790948    
   9.28125000000      0.247343385102E-02   2.29024090122     -0.145610094067E-16   12.1551719623       4.58048180244      0.893286485840      0.893286485840      0.503667929539    
   9.31250000000      0.246650546266E-02   2.29733557085     -0.152257168282E-16   12.1911444454       4.59467114169      0.895435044696      0.895435044696      0.506465481452    
   9.34375000000      0.245959606040E-02   2.30441079870     -0.152194635313E-16   12.2250200796       4.60882159741      0.897576323841      0.897576323841      0.509258151021    
   9.37500000000      0.245270615790E-02   2.31146605881     -0.149098294862E-16   12.2567388581       4.62293211763      0.899710199141      0.899710199141      0.512045660533    
   9.40625000000      0.244583627049E-02   2.31850082347     -0.146505177274E-16   12.2879078435       4.63700164694      0.901836536474      0.901836536474      0.514827750522    
   9.43750000000      0.243898691467E-02   2.32551456378     -0.146075552449E-16   12.3231039806       4.65102912756      0.903955191877      0.903955191877      0.517604180023    
   9.46875000000      0.243215860756E-02   2.33250675021     -0.142076220843E-16   12.3566891180       4.66501350041      0.906066011716      0.906066011716      0.520374726775    
   9.50000000000      0.242535186636E-02   2.33947685314     -0.153698170001E-16   12.3891446151       4.67895370629      0.908168832877      0.908168832877      0.523139187389    
   9.53125000000      0.241856720781E-02   2.34642434345     -0.149978234155E-16   12.4190036039       4.69284868689      0.910263482988      0.910263482988      0.525897377471    
   9.56250000000      0.241180514763E-02   2.35334869301     -0.147737779494E-16   12.4462039768       4.70669738602      0.912349780658      0.912349780658      0.528649131696    
   9.59375000000      0.240506620001E-02   2.36024937533     -0.152578289204E-16   12.4706868034       4.72049875065      0.914427535746      0.914427535746      0.531394303833    
   9.62500000000      0.239835087700E-02   2.36712586603     -0.153670006421E-16   12.4923965311       4.73425173206      0.916496549650      0.916496549650      0.534132766730    
   9.65625000000      0.239165968803E-02   2.37397764347     -0.152551570401E-16   12.5197234188       4.74795528695      0.918556615614      0.918556615615      0.536864412244    
   9.68750000000      0.238499313935E-02   2.38080418927     -0.157278997848E-16   12.5451172432       4.76160837853      0.920607519073      0.920607519073      0.539589151121    
   9.71875000000      0.237835173348E-02   2.38760498883     -0.157992719408E-16   12.5675690368       4.77520997766      0.922649037997      0.922649037997      0.542306912834    
   9.75000000000      0.237173596868E-02   2.39437953192     -0.157964991364E-16   12.5870259767       4.78875906384      0.924680943277      0.924680943277      0.545017645368    
   9.78125000000      0.236514633849E-02   2.40112731318     -0.160979354970E-16   12.6034394251       4.80225462636      0.926702999116      0.926702999116      0.547721314950    
   9.81250000000      0.235858333114E-02   2.40784783265     -0.160417289007E-16   12.6167651079       4.81569566529      0.928714963450      0.928714963450      0.550417905746    
   9.84375000000      0.235204742913E-02   2.41454059625     -0.163863049468E-16   12.6319243525       4.82908119249      0.930716588376      0.930716588376      0.553107419494    
   9.87500000000      0.234553910869E-02   2.42120511632     -0.167022425079E-16   12.6487253052       4.84241023264      0.932707620606      0.932707620606      0.555789875107    
   9.90625000000      0.233905883934E-02   2.42784091208     -0.166245439349E-16   12.6622657211       4.85568182416      0.934687801933      0.934687801933      0.558465308213    
   9.93750000000      0.233260708341E-02   2.43444751008     -0.161677256535E-16   12.6725067948       4.86889502017      0.936656869707      0.936656869707      0.561133770670    
   9.96875000000      0.232618429564E-02   2.44102444470     -0.167281296104E-16   12.6794148332       4.88204888940      0.938614557334      0.938614557334      0.563795330030    
   10.0000000000      0.231979092272E-02   2.44757125851     -0.159877079287E-16   12.6829613897       4.89514251702      0.940560594775      0.940560594775      0.566450068961    
