   0.00000000000      0.422171598510E-02  0.500000000000      0.107184184444E-18   2.30940107676       1.00000000000      0.833333333333E-01  0.833333333333E-01  0.333333333333    
  0.312500000000E-01  0.422170543114E-02  0.500000675453      0.522069681226E-18   2.30938207479       1.00000135091      0.833344727937E-01  0.833344727937E-01  0.333331729866    
  0.625000000000E-01  0.422167376958E-02  0.500002701793     -0.116359715514E-17   2.30932506982       1.00000540359      0.833378911131E-01  0.833378911131E-01  0.333326919567    
  0.937500000000E-01  0.422162100131E-02  0.500006078962      0.161272251271E-20   2.30923006464       1.00001215792      0.833435881070E-01  0.833435881070E-01  0.333318902748    
  0.125000000000      0.422154712785E-02  0.500010806864     -0.751329494075E-18   2.30909706391       1.00002161373      0.833515634676E-01  0.833515634676E-01  0.333307679929    
  0.156250000000      0.422145215131E-02  0.500016885362     -0.183453935901E-18   2.30892607415       1.00003377072      0.833618167643E-01  0.833618167643E-01  0.333293251834    
  0.187500000000      0.422133607441E-02  0.500024314284     -0.564584766262E-18   2.30871710374       1.00004862857      0.833743474433E-01  0.833743474433E-01  0.333275619398    
  0.218750000000      0.422119890046E-02  0.500033093417     -0.311288489239E-18   2.30847016293       1.00006618683      0.833891548280E-01  0.833891548280E-01  0.333254783761    
  0.250000000000      0.422104063340E-02  0.500043222508     -0.441199576809E-18   2.30818526382       1.00008644502      0.834062381189E-01  0.834062381189E-01  0.333230746270    
  0.281250000000      0.422086127775E-02  0.500054701270      0.339892002317E-18   2.30786242037       1.00010940254      0.834255963941E-01  0.834255963941E-01  0.333203508482    
  0.312500000000      0.422066083865E-02  0.500067529373      0.524036571645E-19   2.30750164841       1.00013505875      0.834472286085E-01  0.834472286085E-01  0.333173072156    
  0.343750000000      0.422043932182E-02  0.500081706450      0.458989636761E-18   2.30710296560       1.00016341290      0.834711335952E-01  0.834711335952E-01  0.333139439260    
  0.375000000000      0.422019673360E-02  0.500097232096      0.121550628973E-17   2.30666639149       1.00019446419      0.834973100644E-01  0.834973100644E-01  0.333102611967    
  0.406250000000      0.421993308093E-02  0.500114105866      0.111198206368E-17   2.30619194745       1.00022821173      0.835257566045E-01  0.835257566045E-01  0.333062592658    
  0.437500000000      0.421964837136E-02  0.500132327279      0.176751308918E-17   2.30567965672       1.00026465456      0.835564716817E-01  0.835564716817E-01  0.333019383916    
  0.468750000000      0.421934261303E-02  0.500151895812      0.147803903218E-17   2.30512954439       1.00030379162      0.835894536406E-01  0.835894536406E-01  0.332972988531    
  0.500000000000      0.421901581468E-02  0.500172810907      0.916501357305E-18   2.30454163737       1.00034562181      0.836247007041E-01  0.836247007041E-01  0.332923409499    
  0.531250000000      0.421866798566E-02  0.500195071964      0.150440788011E-17   2.30391596445       1.00039014393      0.836622109736E-01  0.836622109736E-01  0.332870650017    
  0.562500000000      0.421829913591E-02  0.500218678348      0.943223575982E-18   2.30325255624       1.00043735670      0.837019824296E-01  0.837019824296E-01  0.332814713489    
  0.593750000000      0.421790927600E-02  0.500243629383      0.565595176214E-18   2.30255144519       1.00048725877      0.837440129315E-01  0.837440129315E-01  0.332755603519    
  0.625000000000      0.421749841705E-02  0.500269924355      0.523792311350E-18   2.30181266558       1.00053984871      0.837883002184E-01  0.837883002184E-01  0.332693323918    
  0.656250000000      0.421706657083E-02  0.500297562513      0.687418604756E-18   2.30103625353       1.00059512503      0.838348419087E-01  0.838348419087E-01  0.332627878696    
  0.687500000000      0.421661374968E-02  0.500326543067      0.946118941223E-18   2.30022224699       1.00065308613      0.838836355010E-01  0.838836355010E-01  0.332559272065    
  0.718750000000      0.421613996654E-02  0.500356865188      0.472787343820E-18   2.29937068574       1.00071373038      0.839346783740E-01  0.839346783740E-01  0.332487508440    
  0.750000000000      0.421564523497E-02  0.500388528008     -0.193335800747E-18   2.29848161135       1.00077705602      0.839879677873E-01  0.839879677873E-01  0.332412592434    
  0.781250000000      0.421512956909E-02  0.500421530624     -0.963811565230E-18   2.29755506723       1.00084306125      0.840435008812E-01  0.840435008812E-01  0.332334528862    
  0.812500000000      0.421459298366E-02  0.500455872092      0.137124939027E-17   2.29659109862       1.00091174418      0.841012746772E-01  0.841012746772E-01  0.332253322737    
  0.843750000000      0.421403549401E-02  0.500491551429      0.153423093694E-17   2.29558975254       1.00098310286      0.841612860788E-01  0.841612860788E-01  0.332168979272    
  0.875000000000      0.421345711608E-02  0.500528567617      0.202193913081E-17   2.29455107781       1.00105713523      0.842235318713E-01  0.842235318713E-01  0.332081503875    
  0.906250000000      0.421285786638E-02  0.500566919598      0.146819724229E-17   2.29347512508       1.00113383920      0.842880087226E-01  0.842880087226E-01  0.331990902153    
  0.937500000000      0.421223776204E-02  0.500606606275      0.961474533259E-18   2.29236194677       1.00121321255      0.843547131832E-01  0.843547131832E-01  0.331897179909    
  0.968750000000      0.421159682079E-02  0.500647626516      0.812578734979E-18   2.29121159710       1.00129525303      0.844236416873E-01  0.844236416873E-01  0.331800343141    
   1.00000000000      0.421093506093E-02  0.500689979147      0.611377851822E-18   2.29002413207       1.00137995829      0.844947905524E-01  0.844947905524E-01  0.331700398042    
   1.03125000000      0.421025250136E-02  0.500733662959      0.385127148586E-18   2.28879960946       1.00146732592      0.845681559806E-01  0.845681559806E-01  0.331597350998    
   1.06250000000      0.420954916158E-02  0.500778676705      0.931617082404E-18   2.28753808883       1.00155735341      0.846437340583E-01  0.846437340583E-01  0.331491208589    
   1.09375000000      0.420882506167E-02  0.500825019099      0.648938320961E-18   2.28623963150       1.00165003820      0.847215207572E-01  0.847215207572E-01  0.331381977585    
   1.12500000000      0.420808022232E-02  0.500872688818      0.203548320000E-17   2.28490430055       1.00174537764      0.848015119348E-01  0.848015119348E-01  0.331269664948    
   1.15625000000      0.420731466479E-02  0.500921684500      0.207138414771E-18   2.28353216084       1.00184336900      0.848837033344E-01  0.848837033344E-01  0.331154277831    
   1.18750000000      0.420652841094E-02  0.500972004746      0.161524489181E-18   2.28212327894       1.00194400949      0.849680905862E-01  0.849680905862E-01  0.331035823574    
   1.21875000000      0.420572148320E-02  0.501023648121      0.463308230604E-18   2.28067772321       1.00204729624      0.850546692075E-01  0.850546692075E-01  0.330914309706    
   1.25000000000      0.420489390462E-02  0.501076613151      0.400000390400E-18   2.27919556372       1.00215322630      0.851434346035E-01  0.851434346035E-01  0.330789743944    
   1.28125000000      0.420404569880E-02  0.501130898323     -0.562899187320E-18   2.27767687227       1.00226179665      0.852343820676E-01  0.852343820676E-01  0.330662134188    
   1.31250000000      0.420317688996E-02  0.501186502089     -0.704433183146E-19   2.27612172240       1.00237300418      0.853275067821E-01  0.853275067821E-01  0.330531488525    
   1.34375000000      0.420228750287E-02  0.501243422863     -0.217242564220E-18   2.27453018935       1.00248684573      0.854228038189E-01  0.854228038189E-01  0.330397815225    
   1.37500000000      0.420137756290E-02  0.501301659021      0.347658754915E-18   2.27290235009       1.00260331804      0.855202681397E-01  0.855202681397E-01  0.330261122741    
   1.40625000000      0.420044709602E-02  0.501361208901     -0.567609999971E-19   2.27123828328       1.00272241780      0.856198945973E-01  0.856198945973E-01  0.330121419707    
   1.43750000000      0.419949612874E-02  0.501422070807     -0.134566373485E-17   2.26953806928       1.00284414161      0.857216779356E-01  0.857216779356E-01  0.329978714936    
   1.46875000000      0.419852468819E-02  0.501484243002     -0.340569282995E-18   2.26780179015       1.00296848600      0.858256127905E-01  0.858256127905E-01  0.329833017421    
   1.50000000000      0.419753280206E-02  0.501547723714     -0.202520261775E-18   2.26602952961       1.00309544743      0.859316936904E-01  0.859316936904E-01  0.329684336334    
   1.53125000000      0.419652049862E-02  0.501612511135      0.741365017057E-19   2.26422137306       1.00322502227      0.860399150573E-01  0.860399150573E-01  0.329532681020    
   1.56250000000      0.419548780671E-02  0.501678603417     -0.796031771759E-18   2.26237740758       1.00335720683      0.861502712070E-01  0.861502712070E-01  0.329378061003    
   1.59375000000      0.419443475576E-02  0.501745998677     -0.964286837803E-19   2.26049772189       1.00349199735      0.862627563498E-01  0.862627563498E-01  0.329220485978    
   1.62500000000      0.419336137577E-02  0.501814694997     -0.166644467309E-18   2.25858240638       1.00362938999      0.863773645916E-01  0.863773645916E-01  0.329059965814    
   1.65625000000      0.419226769731E-02  0.501884690419      0.181606449944E-18   2.25663155305       1.00376938084      0.864940899343E-01  0.864940899343E-01  0.328896510550    
   1.68750000000      0.419115375152E-02  0.501955982949      0.483439340454E-18   2.25464525556       1.00391196590      0.866129262764E-01  0.866129262764E-01  0.328730130396    
   1.71875000000      0.419001957011E-02  0.502028570559      0.211798944236E-17   2.25262360919       1.00405714112      0.867338674142E-01  0.867338674142E-01  0.328560835731    
   1.75000000000      0.418886518537E-02  0.502102451183      0.114946210606E-17   2.25056671081       1.00420490237      0.868569070422E-01  0.868569070422E-01  0.328388637098    
   1.78125000000      0.418769063015E-02  0.502177622717      0.103830372413E-17   2.24847465893       1.00435524543      0.869820387537E-01  0.869820387537E-01  0.328213545209    
   1.81250000000      0.418649593786E-02  0.502254083023      0.955502491031E-18   2.24634755364       1.00450816605      0.871092560422E-01  0.871092560422E-01  0.328035570939    
   1.84375000000      0.418528114250E-02  0.502331829926      0.149002132049E-17   2.24418549661       1.00466365985      0.872385523014E-01  0.872385523014E-01  0.327854725323    
   1.87500000000      0.418404627861E-02  0.502410861215      0.663010058827E-18   2.24198859111       1.00482172243      0.873699208265E-01  0.873699208265E-01  0.327671019562    
   1.90625000000      0.418279138130E-02  0.502491174643      0.326941623548E-18   2.23975694197       1.00498234929      0.875033548150E-01  0.875033548150E-01  0.327484465013    
   1.93750000000      0.418151648624E-02  0.502572767927      0.107864729252E-17   2.23749065556       1.00514553585      0.876388473672E-01  0.876388473672E-01  0.327295073193    
   1.96875000000      0.418022162966E-02  0.502655638748     -0.276972307249E-18   2.23518983983       1.00531127750      0.877763914872E-01  0.877763914872E-01  0.327102855774    
   2.00000000000      0.417890684835E-02  0.502739784752     -0.355601849987E-18   2.23285460426       1.00547956950      0.879159800838E-01  0.879159800838E-01  0.326907824584    
   2.03125000000      0.417757217966E-02  0.502825203548      0.290277652211E-18   2.23048505984       1.00565040710      0.880576059713E-01  0.880576059713E-01  0.326709991605    
   2.06250000000      0.417621766149E-02  0.502911892711      0.351327783430E-18   2.22808131912       1.00582378542      0.882012618702E-01  0.882012618702E-01  0.326509368971    
   2.09375000000      0.417484333229E-02  0.502999849780     -0.180834110602E-18   2.22564349611       1.00599969956      0.883469404083E-01  0.883469404083E-01  0.326305968963    
   2.12500000000      0.417344923107E-02  0.503089072258     -0.317933131292E-18   2.22317170637       1.00617814452      0.884946341212E-01  0.884946341212E-01  0.326099804015    
   2.15625000000      0.417203539738E-02  0.503179557614     -0.110706046112E-17   2.22066606691       1.00635911523      0.886443354538E-01  0.886443354538E-01  0.325890886706    
   2.18750000000      0.417060187134E-02  0.503271303280     -0.118226921202E-17   2.21812669623       1.00654260656      0.887960367604E-01  0.887960367604E-01  0.325679229760    
   2.21875000000      0.416914869359E-02  0.503364306656     -0.127946486039E-17   2.21555371431       1.00672861331      0.889497303063E-01  0.889497303063E-01  0.325464846044    
   2.25000000000      0.416767590533E-02  0.503458565105     -0.270719267350E-17   2.21294724257       1.00691713021      0.891054082683E-01  0.891054082683E-01  0.325247748568    
   2.28125000000      0.416618354830E-02  0.503554075955     -0.111393526928E-17   2.21030740389       1.00710815191      0.892630627358E-01  0.892630627358E-01  0.325027950483    
   2.31250000000      0.416467166479E-02  0.503650836500     -0.100198573264E-17   2.20763432257       1.00730167300      0.894226857114E-01  0.894226857114E-01  0.324805465077    
   2.34375000000      0.416314029760E-02  0.503748844000     -0.185900806781E-17   2.20492812434       1.00749768800      0.895842691122E-01  0.895842691122E-01  0.324580305775    
   2.37500000000      0.416158949012E-02  0.503848095679     -0.926784646120E-18   2.20218893635       1.00769619136      0.897478047709E-01  0.897478047709E-01  0.324352486137    
   2.40625000000      0.416001928622E-02  0.503948588728     -0.183186505707E-17   2.19941688714       1.00789717746      0.899132844359E-01  0.899132844359E-01  0.324122019857    
   2.43750000000      0.415842973034E-02  0.504050320305     -0.124512206440E-17   2.19661210665       1.00810064061      0.900806997731E-01  0.900806997731E-01  0.323888920758    
   2.46875000000      0.415682086744E-02  0.504153287530     -0.179089357105E-17   2.19377472618       1.00830657506      0.902500423667E-01  0.902500423667E-01  0.323653202796    
   2.50000000000      0.415519274302E-02  0.504257487493     -0.159743207659E-17   2.19090487842       1.00851497499      0.904213037198E-01  0.904213037198E-01  0.323414880053    
   2.53125000000      0.415354540309E-02  0.504362917248     -0.164644064928E-17   2.18800269739       1.00872583450      0.905944752556E-01  0.905944752556E-01  0.323173966737    
   2.56250000000      0.415187889421E-02  0.504469573817     -0.302616207495E-17   2.18506831848       1.00893914763      0.907695483185E-01  0.907695483185E-01  0.322930477180    
   2.59375000000      0.415019326343E-02  0.504577454186     -0.222461138882E-17   2.18210187838       1.00915490837      0.909465141749E-01  0.909465141749E-01  0.322684425837    
   2.62500000000      0.414848855837E-02  0.504686555311     -0.208529310658E-17   2.17910351513       1.00937311062      0.911253640143E-01  0.911253640143E-01  0.322435827282    
   2.65625000000      0.414676482712E-02  0.504796874110     -0.297974735896E-17   2.17607336805       1.00959374822      0.913060889501E-01  0.913060889501E-01  0.322184696210    
   2.68750000000      0.414502211833E-02  0.504908407473     -0.178549145866E-17   2.17301157776       1.00981681495      0.914886800210E-01  0.914886800210E-01  0.321931047431    
   2.71875000000      0.414326048114E-02  0.505021152253     -0.133086025727E-17   2.16991828618       1.01004230451      0.916731281917E-01  0.916731281917E-01  0.321674895870    
   2.75000000000      0.414147996521E-02  0.505135105273     -0.137388929855E-17   2.16679363647       1.01027021055      0.918594243540E-01  0.918594243540E-01  0.321416256565    
   2.78125000000      0.413968062071E-02  0.505250263321     -0.134124724404E-17   2.16363777307       1.01050052664      0.920475593276E-01  0.920475593276E-01  0.321155144666    
   2.81250000000      0.413786249832E-02  0.505366623154     -0.130195474900E-17   2.16045084165       1.01073324631      0.922375238617E-01  0.922375238617E-01  0.320891575430    
   2.84375000000      0.413602564924E-02  0.505484181495     -0.975407265448E-18   2.15723298913       1.01096836299      0.924293086355E-01  0.924293086355E-01  0.320625564224    
   2.87500000000      0.413417012516E-02  0.505602935036     -0.146259984127E-17   2.15398436362       1.01120587007      0.926229042594E-01  0.926229042594E-01  0.320357126517    
   2.90625000000      0.413229597826E-02  0.505722880437     -0.178615827892E-17   2.15070511447       1.01144576087      0.928183012761E-01  0.928183012761E-01  0.320086277885    
   2.93750000000      0.413040326126E-02  0.505844014326     -0.777268875301E-18   2.14739539219       1.01168802865      0.930154901617E-01  0.930154901617E-01  0.319813034002    
   2.96875000000      0.412849202734E-02  0.505966333297     -0.935286331089E-18   2.14405534848       1.01193266659      0.932144613264E-01  0.932144613264E-01  0.319537410644    
   3.00000000000      0.412656233018E-02  0.506089833915     -0.569692786801E-18   2.14068513622       1.01217966783      0.934152051161E-01  0.934152051161E-01  0.319259423683    
   3.03125000000      0.412461422398E-02  0.506214512712     -0.883910725502E-18   2.13728490943       1.01242902542      0.936177118130E-01  0.936177118130E-01  0.318979089086    
   3.06250000000      0.412264776339E-02  0.506340366189     -0.392782087093E-18   2.13385482328       1.01268073238      0.938219716370E-01  0.938219716370E-01  0.318696422915    
   3.09375000000      0.412066300359E-02  0.506467390816     -0.274835733802E-19   2.13039503406       1.01293478163      0.940279747465E-01  0.940279747465E-01  0.318411441324    
   3.12500000000      0.411866000021E-02  0.506595583033     -0.259155408758E-18   2.12690569917       1.01319116607      0.942357112396E-01  0.942357112396E-01  0.318124160554    
   3.15625000000      0.411663880939E-02  0.506724939246     -0.352931548276E-18   2.12338697712       1.01344987849      0.944451711551E-01  0.944451711551E-01  0.317834596935    
   3.18750000000      0.411459948772E-02  0.506855455832     -0.189017695395E-18   2.11983902749       1.01371091166      0.946563444738E-01  0.946563444738E-01  0.317542766885    
   3.21875000000      0.411254209229E-02  0.506987129139     -0.406980193834E-18   2.11626201096       1.01397425828      0.948692211192E-01  0.948692211192E-01  0.317248686901    
   3.25000000000      0.411046668067E-02  0.507119955483     -0.426771116978E-18   2.11265608925       1.01423991097      0.950837909591E-01  0.950837909591E-01  0.316952373565    
   3.28125000000      0.410837331088E-02  0.507253931150     -0.222934322093E-18   2.10902142513       1.01450786230      0.953000438060E-01  0.953000438060E-01  0.316653843538    
   3.31250000000      0.410626204143E-02  0.507389052395      0.902179131533E-19   2.10535818239       1.01477810479      0.955179694189E-01  0.955179694189E-01  0.316353113557    
   3.34375000000      0.410413293128E-02  0.507525315444     -0.194092074303E-17   2.10166652587       1.01505063089      0.957375575040E-01  0.957375575040E-01  0.316050200436    
   3.37500000000      0.410198603987E-02  0.507662716495     -0.150811446685E-17   2.09794662138       1.01532543299      0.959587977156E-01  0.959587977156E-01  0.315745121063    
   3.40625000000      0.409982142708E-02  0.507801251713     -0.189182693891E-17   2.09419863573       1.01560250343      0.961816796578E-01  0.961816796578E-01  0.315437892397    
   3.43750000000      0.409763915327E-02  0.507940917237     -0.276188818829E-17   2.09042273673       1.01588183447      0.964061928851E-01  0.964061928851E-01  0.315128531467    
   3.46875000000      0.409543927925E-02  0.508081709174     -0.346803013917E-17   2.08661909312       1.01616341835      0.966323269036E-01  0.966323269036E-01  0.314817055367    
   3.50000000000      0.409322186627E-02  0.508223623605     -0.234524734192E-17   2.08278787461       1.01644724721      0.968600711722E-01  0.968600711722E-01  0.314503481260    
   3.53125000000      0.409098697605E-02  0.508366656579     -0.134986925314E-17   2.07892925184       1.01673331316      0.970894151036E-01  0.970894151036E-01  0.314187826372    
   3.56250000000      0.408873467074E-02  0.508510804119     -0.227504243231E-17   2.07504339636       1.01702160824      0.973203480654E-01  0.973203480654E-01  0.313870107988    
   3.59375000000      0.408646501294E-02  0.508656062218     -0.193193557812E-17   2.07113048063       1.01731212444      0.975528593814E-01  0.975528593814E-01  0.313550343455    
   3.62500000000      0.408417806569E-02  0.508802426842     -0.214358937780E-17   2.06719067802       1.01760485368      0.977869383325E-01  0.977869383325E-01  0.313228550177    
   3.65625000000      0.408187389248E-02  0.508949893928     -0.248181390069E-17   2.06322416275       1.01789978786      0.980225741577E-01  0.980225741577E-01  0.312904745612    
   3.68750000000      0.407955255721E-02  0.509098459385     -0.274337269041E-17   2.05923110992       1.01819691877      0.982597560554E-01  0.982597560554E-01  0.312578947274    
   3.71875000000      0.407721412423E-02  0.509248119096     -0.230039127267E-17   2.05521169548       1.01849623819      0.984984731846E-01  0.984984731846E-01  0.312251172727    
   3.75000000000      0.407485865831E-02  0.509398868914     -0.246009396352E-17   2.05116609621       1.01879773783      0.987387146657E-01  0.987387146657E-01  0.311921439583    
   3.78125000000      0.407248622466E-02  0.509550704668     -0.301579572727E-17   2.04709448971       1.01910140934      0.989804695817E-01  0.989804695817E-01  0.311589765505    
   3.81250000000      0.407009688890E-02  0.509703622157     -0.218685418638E-17   2.04299705439       1.01940724431      0.992237269796E-01  0.992237269796E-01  0.311256168198    
   3.84375000000      0.406769071706E-02  0.509857617154     -0.150353032063E-17   2.03887396944       1.01971523431      0.994684758710E-01  0.994684758710E-01  0.310920665412    
   3.87500000000      0.406526777561E-02  0.510012685407     -0.292334084097E-17   2.03472541486       1.02002537081      0.997147052336E-01  0.997147052336E-01  0.310583274940    
   3.90625000000      0.406282813142E-02  0.510168822635     -0.226986985899E-17   2.03055157137       1.02033764527      0.999624040119E-01  0.999624040119E-01  0.310244014611    
   3.93750000000      0.406037185177E-02  0.510326024533     -0.267382800729E-17   2.02635262046       1.02065204907      0.100211561119      0.100211561119      0.309902902295    
   3.96875000000      0.405789900433E-02  0.510484286769     -0.231969128482E-17   2.02212874436       1.02096857354      0.100462165437      0.100462165437      0.309559955895    
   4.00000000000      0.405540965722E-02  0.510643604984     -0.285042338326E-17   2.01788012601       1.02128720997      0.100714205818      0.100714205818      0.309215193349    
   4.03125000000      0.405290387890E-02  0.510803974797     -0.238601034425E-17   2.01360694905       1.02160794959      0.100967671086      0.100967671086      0.308868632626    
   4.06250000000      0.405038173827E-02  0.510965391797     -0.280132652390E-17   2.00930939783       1.02193078359      0.101222550037      0.101222550037      0.308520291724    
   4.09375000000      0.404784330460E-02  0.511127851552     -0.217774667092E-17   2.00498765736       1.02225570310      0.101478831441      0.101478831441      0.308170188670    
   4.12500000000      0.404528864757E-02  0.511291349602     -0.234104375095E-17   2.00064191331       1.02258269920      0.101736504043      0.101736504043      0.307818341515    
   4.15625000000      0.404271783722E-02  0.511455881464     -0.264703560113E-17   1.99627235199       1.02291176293      0.101995556564      0.101995556564      0.307464768337    
   4.18750000000      0.404013094399E-02  0.511621442631     -0.224677025422E-17   1.99187916038       1.02324288526      0.102255977700      0.102255977700      0.307109487232    
   4.21875000000      0.403752803870E-02  0.511788028569     -0.105809679251E-17   1.98746252604       1.02357605714      0.102517756126      0.102517756126      0.306752516317    
   4.25000000000      0.403490919254E-02  0.511955634724     -0.228899656811E-17   1.98302263715       1.02391126945      0.102780880497      0.102780880497      0.306393873729    
   4.28125000000      0.403227447707E-02  0.512124256514     -0.157545623424E-17   1.97855968246       1.02424851303      0.103045339447      0.103045339447      0.306033577619    
   4.31250000000      0.402962396422E-02  0.512293889337     -0.185220587915E-17   1.97407385132       1.02458777867      0.103311121592      0.103311121592      0.305671646153    
   4.34375000000      0.402695772628E-02  0.512464528564     -0.170678990110E-17   1.96956533363       1.02492905713      0.103578215528      0.103578215528      0.305308097508    
   4.37500000000      0.402427583592E-02  0.512636169547     -0.214554705691E-17   1.96503431983       1.02527233909      0.103846609837      0.103846609837      0.304942949873    
   4.40625000000      0.402157836615E-02  0.512808807613     -0.232044330376E-17   1.96048100089       1.02561761523      0.104116293084      0.104116293084      0.304576221445    
   4.43750000000      0.401886539034E-02  0.512982438065     -0.162888795220E-17   1.95590556830       1.02596487613      0.104387253819      0.104387253819      0.304207930427    
   4.46875000000      0.401613698220E-02  0.513157056185     -0.133832462531E-17   1.95130821406       1.02631411237      0.104659480579      0.104659480579      0.303838095027    
   4.50000000000      0.401339321581E-02  0.513332657235     -0.211003438844E-17   1.94668913064       1.02666531447      0.104932961889      0.104932961889      0.303466733456    
   4.53125000000      0.401063416556E-02  0.513509236450     -0.154028142677E-17   1.94204851100       1.02701847290      0.105207686262      0.105207686262      0.303093863926    
   4.56250000000      0.400785990622E-02  0.513686789048     -0.254291272577E-17   1.93738654855       1.02737357810      0.105483642200      0.105483642200      0.302719504649    
   4.59375000000      0.400507051285E-02  0.513865310224     -0.303523738739E-17   1.93270343713       1.02773062045      0.105760818195      0.105760818195      0.302343673834    
   4.62500000000      0.400226606087E-02  0.514044795150     -0.363619515553E-17   1.92799937103       1.02808959030      0.106039202733      0.106039202733      0.301966389684    
   4.65625000000      0.399944662603E-02  0.514225238980     -0.357379276169E-17   1.92327454496       1.02845047796      0.106318784291      0.106318784291      0.301587670397    
   4.68750000000      0.399661228439E-02  0.514406636845     -0.397740825855E-17   1.91852915400       1.02881327369      0.106599551340      0.106599551340      0.301207534164    
   4.71875000000      0.399376311234E-02  0.514588983857     -0.372153978739E-17   1.91376339365       1.02917796771      0.106881492346      0.106881492346      0.300825999165    
   4.75000000000      0.399089918657E-02  0.514772275106     -0.469407115615E-17   1.90897745976       1.02954455021      0.107164595768      0.107164595768      0.300443083569    
   4.78125000000      0.398802058410E-02  0.514956505664     -0.445219346136E-17   1.90417154854       1.02991301133      0.107448850067      0.107448850067      0.300058805530    
   4.81250000000      0.398512738225E-02  0.515141670582     -0.499331781053E-17   1.89934585656       1.03028334116      0.107734243696      0.107734243696      0.299673183190    
   4.84375000000      0.398221965865E-02  0.515327764893     -0.422574993607E-17   1.89450058070       1.03065552979      0.108020765110      0.108020765110      0.299286234672    
   4.87500000000      0.397929749122E-02  0.515514783608     -0.453578386099E-17   1.88963591817       1.03102956722      0.108308402764      0.108308402764      0.298897978081    
   4.90625000000      0.397636095819E-02  0.515702721722     -0.474313739199E-17   1.88475206646       1.03140544344      0.108597145110      0.108597145110      0.298508431502    
   4.93750000000      0.397341013806E-02  0.515891574211     -0.408263648857E-17   1.87984922337       1.03178314842      0.108886980607      0.108886980607      0.298117612997    
   4.96875000000      0.397044510964E-02  0.516081336029     -0.555399463118E-17   1.87492758696       1.03216267206      0.109177897711      0.109177897711      0.297725540607    
   5.00000000000      0.396746595202E-02  0.516272002117     -0.560479671640E-17   1.86998735556       1.03254400423      0.109469884885      0.109469884885      0.297332232346    
   5.03125000000      0.396447274456E-02  0.516463567394     -0.621060913880E-17   1.86502872772       1.03292713479      0.109762930597      0.109762930597      0.296937706201    
   5.06250000000      0.396146556691E-02  0.516656026764     -0.662017286980E-17   1.86005190225       1.03331205353      0.110057023316      0.110057023316      0.296541980131    
   5.09375000000      0.395844449898E-02  0.516849375111     -0.686931357740E-17   1.85505707816       1.03369875022      0.110352151523      0.110352151523      0.296145072065    
   5.12500000000      0.395540962096E-02  0.517043607305     -0.647690667597E-17   1.85004445467       1.03408721461      0.110648303703      0.110648303703      0.295746999900    
   5.15625000000      0.395236101329E-02  0.517238718196     -0.616573696404E-17   1.84501423117       1.03447743639      0.110945468349      0.110945468349      0.295347781499    
   5.18750000000      0.394929875667E-02  0.517434702620     -0.661894455041E-17   1.83996660727       1.03486940524      0.111243633964      0.111243633964      0.294947434692    
   5.21875000000      0.394622293206E-02  0.517631555394     -0.755918076783E-17   1.83490178269       1.03526311079      0.111542789062      0.111542789062      0.294545977270    
   5.25000000000      0.394313362069E-02  0.517829271322     -0.752487345033E-17   1.82981995733       1.03565854264      0.111842922167      0.111842922167      0.294143426989    
   5.28125000000      0.394003090400E-02  0.518027845191     -0.702121908505E-17   1.82472133121       1.03605569038      0.112144021814      0.112144021814      0.293739801563    
   5.31250000000      0.393691486370E-02  0.518227271770     -0.678803585740E-17   1.81960610448       1.03645454354      0.112446076552      0.112446076552      0.293335118666    
   5.34375000000      0.393378558172E-02  0.518427545816     -0.755545218903E-17   1.81447447739       1.03685509163      0.112749074944      0.112749074944      0.292929395929    
   5.37500000000      0.393064314025E-02  0.518628662070     -0.741332440454E-17   1.80932665028       1.03725732414      0.113053005565      0.113053005565      0.292522650940    
   5.40625000000      0.392748762169E-02  0.518830615258     -0.754835164029E-17   1.80416282360       1.03766123052      0.113357857009      0.113357857009      0.292114901239    
   5.43750000000      0.392431910867E-02  0.519033400092     -0.748990574139E-17   1.79898319782       1.03806680018      0.113663617884      0.113663617884      0.291706164323    
   5.46875000000      0.392113768403E-02  0.519237011268     -0.736009313479E-17   1.79378797350       1.03847402254      0.113970276815      0.113970276815      0.291296457638    
   5.50000000000      0.391794343085E-02  0.519441443472     -0.668385282384E-17   1.78857735122       1.03888288694      0.114277822446      0.114277822446      0.290885798580    
   5.53125000000      0.391473643241E-02  0.519646691372     -0.614536399509E-17   1.78335153160       1.03929338274      0.114586243439      0.114586243439      0.290474204494    
   5.56250000000      0.391151677219E-02  0.519852749626     -0.611368307124E-17   1.77811071528       1.03970549925      0.114895528476      0.114895528476      0.290061692673    
   5.59375000000      0.390828453390E-02  0.520059612877     -0.642543348359E-17   1.77285510287       1.04011922575      0.115205666260      0.115205666260      0.289648280357    
   5.62500000000      0.390503980142E-02  0.520267275755     -0.650385307770E-17   1.76758489500       1.04053455151      0.115516645514      0.115516645514      0.289233984728    
   5.65625000000      0.390178265885E-02  0.520475732880     -0.668052058781E-17   1.76230029227       1.04095146576      0.115828454983      0.115828454983      0.288818822914    
   5.68750000000      0.389851319046E-02  0.520684978857     -0.766221562196E-17   1.75700149523       1.04136995771      0.116141083436      0.116141083436      0.288402811984    
   5.71875000000      0.389523148072E-02  0.520895008280     -0.738925897369E-17   1.75168870439       1.04179001656      0.116454519667      0.116454519667      0.287985968947    
   5.75000000000      0.389193761429E-02  0.521105815732     -0.723531526937E-17   1.74636212019       1.04221163146      0.116768752490      0.116768752490      0.287568310752    
   5.78125000000      0.388863167598E-02  0.521317395784     -0.705828755878E-17   1.74102194300       1.04263479157      0.117083770749      0.117083770749      0.287149854287    
   5.81250000000      0.388531375080E-02  0.521529742995     -0.682218364225E-17   1.73566837309       1.04305948599      0.117399563310      0.117399563310      0.286730616375    
   5.84375000000      0.388198392391E-02  0.521742851916     -0.753596109985E-17   1.73030161066       1.04348570383      0.117716119069      0.117716119069      0.286310613778    
   5.87500000000      0.387864228066E-02  0.521956717084     -0.692237438684E-17   1.72492185576       1.04391343417      0.118033426948      0.118033426948      0.285889863188    
   5.90625000000      0.387528890653E-02  0.522171333028     -0.706124288192E-17   1.71952930834       1.04434266606      0.118351475897      0.118351475897      0.285468381234    
   5.93750000000      0.387192388718E-02  0.522386694267     -0.730336646142E-17   1.71412416820       1.04477338853      0.118670254895      0.118670254895      0.285046184476    
   5.96875000000      0.386854730841E-02  0.522602795308     -0.767996256207E-17   1.70870663499       1.04520559062      0.118989752952      0.118989752952      0.284623289404    
   6.00000000000      0.386515925616E-02  0.522819630652     -0.779456799009E-17   1.70327690821       1.04563926130      0.119309959107      0.119309959107      0.284199712439    
   6.03125000000      0.386175981653E-02  0.523037194788     -0.779092416898E-17   1.69783518717       1.04607438958      0.119630862429      0.119630862429      0.283775469930    
   6.06250000000      0.385834907575E-02  0.523255482198     -0.754091839518E-17   1.69238167100       1.04651096440      0.119952452022      0.119952452022      0.283350578154    
   6.09375000000      0.385492712017E-02  0.523474487355     -0.786411740303E-17   1.68691655865       1.04694897471      0.120274717021      0.120274717021      0.282925053314    
   6.12500000000      0.385149403629E-02  0.523694204724     -0.803641910986E-17   1.68144004882       1.04738840945      0.120597646593      0.120597646593      0.282498911538    
   6.15625000000      0.384804991073E-02  0.523914628760     -0.804196187336E-17   1.67595234004       1.04782925752      0.120921229939      0.120921229939      0.282072168881    
   6.18750000000      0.384459483022E-02  0.524135753912     -0.838942576082E-17   1.67045363056       1.04827150782      0.121245456297      0.121245456297      0.281644841318    
   6.21875000000      0.384112888161E-02  0.524357574623     -0.807546947169E-17   1.66494411842       1.04871514925      0.121570314938      0.121570314938      0.281216944748    
   6.25000000000      0.383765215187E-02  0.524580085327     -0.859937626957E-17   1.65942400138       1.04916017065      0.121895795168      0.121895795168      0.280788494991    
   6.28125000000      0.383416472806E-02  0.524803280451     -0.767231008901E-17   1.65389347696       1.04960656090      0.122221886332      0.122221886332      0.280359507788    
   6.31250000000      0.383066669735E-02  0.525027154416     -0.870582704811E-17   1.64835274237       1.05005430883      0.122548577809      0.122548577809      0.279929998797    
   6.34375000000      0.382715814702E-02  0.525251701637     -0.907331189442E-17   1.64280199455       1.05050340327      0.122875859019      0.122875859019      0.279499983598    
   6.37500000000      0.382363916443E-02  0.525476916523     -0.900099215623E-17   1.63724143015       1.05095383305      0.123203719419      0.123203719419      0.279069477686    
   6.40625000000      0.382010983703E-02  0.525702793477     -0.889407311801E-17   1.63167124548       1.05140558695      0.123532148502      0.123532148502      0.278638496473    
   6.43750000000      0.381657025235E-02  0.525929326896     -0.809473693897E-17   1.62609163654       1.05185865379      0.123861135805      0.123861135805      0.278207055287    
   6.46875000000      0.381302049801E-02  0.526156511174     -0.858699945469E-17   1.62050279901       1.05231302235      0.124190670901      0.124190670901      0.277775169371    
   6.50000000000      0.380946066169E-02  0.526384340698     -0.798188607088E-17   1.61490492820       1.05276868140      0.124520743408      0.124520743408      0.277342853882    
   6.53125000000      0.380589083117E-02  0.526612809852     -0.842548692146E-17   1.60929821910       1.05322561970      0.124851342981      0.124851342981      0.276910123890    
   6.56250000000      0.380231109426E-02  0.526841913014     -0.894461429483E-17   1.60368286629       1.05368382603      0.125182459318      0.125182459318      0.276476994378    
   6.59375000000      0.379872153886E-02  0.527071644559     -0.879005841973E-17   1.59805906402       1.05414328912      0.125514082161      0.125514082161      0.276043480238    
   6.62500000000      0.379512225291E-02  0.527301998860     -0.865703959077E-17   1.59242700613       1.05460399772      0.125846201292      0.125846201292      0.275609596277    
   6.65625000000      0.379151332441E-02  0.527532970284     -0.826745347726E-17   1.58678688605       1.05506594057      0.126178806538      0.126178806538      0.275175357208    
   6.68750000000      0.378789484141E-02  0.527764553196     -0.880735739140E-17   1.58113889684       1.05552910639      0.126511887770      0.126511887770      0.274740777655    
   6.71875000000      0.378426689199E-02  0.527996741959     -0.833091035038E-17   1.57548323112       1.05599348392      0.126845434903      0.126845434903      0.274305872152    
   6.75000000000      0.378062956430E-02  0.528229530931     -0.932744188935E-17   1.56982008108       1.05645906186      0.127179437896      0.127179437896      0.273870655139    
   6.78125000000      0.377698294650E-02  0.528462914471     -0.921642160727E-17   1.56414963850       1.05692582894      0.127513886754      0.127513886754      0.273435140962    
   6.81250000000      0.377332712677E-02  0.528696886933     -0.839597077172E-17   1.55847209468       1.05739377387      0.127848771528      0.127848771528      0.272999343877    
   6.84375000000      0.376966219335E-02  0.528931442672     -0.825783423603E-17   1.55278764048       1.05786288534      0.128184082314      0.128184082314      0.272563278044    
   6.87500000000      0.376598823448E-02  0.529166576039     -0.817323800986E-17   1.54709646630       1.05833315208      0.128519809257      0.128519809257      0.272126957526    
   6.90625000000      0.376230533842E-02  0.529402281387     -0.910878195311E-17   1.54139876206       1.05880456277      0.128855942546      0.128855942546      0.271690396295    
   6.93750000000      0.375861359345E-02  0.529638553066     -0.916926217466E-17   1.53569471719       1.05927710613      0.129192472421      0.129192472421      0.271253608223    
   6.96875000000      0.375491308784E-02  0.529875385425     -0.889079190031E-17   1.52998452064       1.05975077085      0.129529389168      0.129529389168      0.270816607089    
   7.00000000000      0.375120390989E-02  0.530112772814     -0.939339384754E-17   1.52540327349       1.06022554563      0.129866683121      0.129866683121      0.270379406572    
   7.03125000000      0.374748614787E-02  0.530350709582     -0.916644546283E-17   1.52381271892       1.06070141916      0.130204344664      0.130204344664      0.269942020255    
   7.06250000000      0.374375989008E-02  0.530589190081     -0.900472230548E-17   1.52248452136       1.06117838016      0.130542364230      0.130542364230      0.269504461621    
   7.09375000000      0.374002522478E-02  0.530828208660     -0.894131038529E-17   1.52164270171       1.06165641732      0.130880732301      0.130880732301      0.269066744058    
   7.12500000000      0.373628224024E-02  0.531067759671     -0.889522898470E-17   1.52079716908       1.06213551934      0.131219439411      0.131219439411      0.268628880850    
   7.15625000000      0.373253102469E-02  0.531307837466     -0.884672562656E-17   1.51994792407       1.06261567493      0.131558476141      0.131558476141      0.268190885184    
   7.18750000000      0.372877166635E-02  0.531548436400     -0.871410217322E-17   1.51909496756       1.06309687280      0.131897833126      0.131897833126      0.267752770148    
   7.21875000000      0.372500425341E-02  0.531789550828     -0.886044964212E-17   1.51881329183       1.06357910166      0.132237501050      0.132237501050      0.267314548727    
   7.25000000000      0.372122887405E-02  0.532031175107     -0.893827832337E-17   1.51868117797       1.06406235021      0.132577470650      0.132577470650      0.266876233807    
   7.28125000000      0.371744561638E-02  0.532273303598     -0.899204950107E-17   1.51854458383       1.06454660720      0.132917732714      0.132917732714      0.266437838170    
   7.31250000000      0.371365456848E-02  0.532515930663     -0.860951619375E-17   1.51840347794       1.06503186133      0.133258278082      0.133258278082      0.265999374500    
   7.34375000000      0.370985581842E-02  0.532759050668     -0.820017256819E-17   1.51825782931       1.06551810134      0.133599097646      0.133599097646      0.265560855376    
   7.37500000000      0.370604945417E-02  0.533002657980     -0.799335267061E-17   1.51810760745       1.06600531596      0.133940182352      0.133940182352      0.265122293275    
   7.40625000000      0.370223556368E-02  0.533246746971     -0.833413086672E-17   1.51795278233       1.06649349394      0.134281523199      0.134281523199      0.264683700572    
   7.43750000000      0.369841423484E-02  0.533491312017     -0.804790690160E-17   1.51828613869       1.06698262403      0.134623111239      0.134623111239      0.264245089539    
   7.46875000000      0.369458555547E-02  0.533736347496     -0.801944175615E-17   1.51879864189       1.06747269499      0.134964937576      0.134964937576      0.263806472344    
   7.50000000000      0.369074961335E-02  0.533981847792     -0.805796025976E-17   1.51930539191       1.06796369558      0.135306993371      0.135306993371      0.263367861051    
   7.53125000000      0.368690649615E-02  0.534227807293     -0.792423644500E-17   1.51980633317       1.06845561459      0.135649269836      0.135649269836      0.262929267620    
   7.56250000000      0.368305629149E-02  0.534474220391     -0.797845515458E-17   1.52030141081       1.06894844078      0.135991758241      0.135991758241      0.262490703908    
   7.59375000000      0.367919908693E-02  0.534721081483     -0.874708390650E-17   1.52079057067       1.06944216297      0.136334449908      0.136334449908      0.262052181667    
   7.62500000000      0.367533496992E-02  0.534968384972     -0.889333946351E-17   1.52127375932       1.06993676994      0.136677336214      0.136677336214      0.261613712543    
   7.65625000000      0.367146402782E-02  0.535216125266     -0.846926018353E-17   1.52175092405       1.07043225053      0.137020408593      0.137020408593      0.261175308079    
   7.68750000000      0.366758634794E-02  0.535464296778     -0.824203469771E-17   1.52222201287       1.07092859356      0.137363658533      0.137363658533      0.260736979712    
   7.71875000000      0.366370201746E-02  0.535712893929     -0.825724731110E-17   1.52268697452       1.07142578786      0.137707077578      0.137707077578      0.260298738774    
   7.75000000000      0.365981112346E-02  0.535961911145     -0.833175910951E-17   1.52323229021       1.07192382229      0.138050657327      0.138050657327      0.259860596491    
   7.78125000000      0.365591375295E-02  0.536211342857     -0.866685233843E-17   1.52429358877       1.07242268571      0.138394389436      0.138394389436      0.259422563985    
   7.81250000000      0.365200999281E-02  0.536461183506     -0.823255288788E-17   1.52534750084       1.07292236701      0.138738265618      0.138738265618      0.258984652271    
   7.84375000000      0.364809992982E-02  0.536711427538     -0.893073690605E-17   1.52639395812       1.07342285508      0.139082277640      0.139082277640      0.258546872258    
   7.87500000000      0.364418365063E-02  0.536962069406     -0.889994643281E-17   1.52743289321       1.07392413881      0.139426417328      0.139426417328      0.258109234751    
   7.90625000000      0.364026124178E-02  0.537213103572     -0.926146725125E-17   1.52846423962       1.07442620714      0.139770676563      0.139770676563      0.257671750446    
   7.93750000000      0.363633278971E-02  0.537464524505     -0.929187832422E-17   1.52948793177       1.07492904901      0.140115047284      0.140115047284      0.257234429937    
   7.96875000000      0.363239838071E-02  0.537716326681     -0.946467076267E-17   1.53050390497       1.07543265336      0.140459521487      0.140459521487      0.256797283708    
   8.00000000000      0.362845810093E-02  0.537968504586     -0.950282085208E-17   1.53151209542       1.07593700917      0.140804091223      0.140804091223      0.256360322140    
   8.03125000000      0.362451203643E-02  0.538221052715     -0.970497588055E-17   1.53251244024       1.07644210543      0.141148748605      0.141148748605      0.255923555506    
   8.06250000000      0.362056027309E-02  0.538473965569     -0.100629112548E-16   1.53350487745       1.07694793114      0.141493485798      0.141493485798      0.255486993973    
   8.09375000000      0.361660289666E-02  0.538727237660     -0.992150874083E-17   1.53448934595       1.07745447532      0.141838295028      0.141838295028      0.255050647603    
   8.12500000000      0.361263999276E-02  0.538980863510     -0.980293029626E-17   1.53546578555       1.07796172702      0.142183168579      0.142183168579      0.254614526352    
   8.15625000000      0.360867164684E-02  0.539234837649     -0.998245674624E-17   1.53643413695       1.07846967530      0.142528098790      0.142528098790      0.254178640068    
   8.18750000000      0.360469794422E-02  0.539489154616     -0.957505360429E-17   1.53739434173       1.07897830923      0.142873078060      0.142873078060      0.253742998496    
   8.21875000000      0.360071897004E-02  0.539743808963     -0.102360808794E-16   1.53834634238       1.07948761793      0.143218098846      0.143218098846      0.253307611271    
   8.25000000000      0.359673480931E-02  0.539998795251     -0.101535835915E-16   1.53952450732       1.07999759050      0.143563153662      0.143563153662      0.252872487927    
   8.28125000000      0.359274554684E-02  0.540254108049     -0.100560506556E-16   1.54099374925       1.08050821610      0.143908235080      0.143908235080      0.252437637888    
   8.31250000000      0.358875126730E-02  0.540509741939     -0.940524842885E-17   1.54245371895       1.08101948388      0.144253335732      0.144253335732      0.252003070475    
   8.34375000000      0.358475205518E-02  0.540765691515     -0.102214750688E-16   1.54390434973       1.08153138303      0.144598448306      0.144598448306      0.251568794903    
   8.37500000000      0.358074799479E-02  0.541021951380     -0.102378847161E-16   1.54534557589       1.08204390276      0.144943565550      0.144943565550      0.251134820280    
   8.40625000000      0.357673917027E-02  0.541278516149     -0.101183032164E-16   1.54677733267       1.08255703230      0.145288680269      0.145288680269      0.250701155611    
   8.43750000000      0.357272566558E-02  0.541535380449     -0.984906547575E-17   1.54819955631       1.08307076090      0.145633785328      0.145633785328      0.250267809794    
   8.46875000000      0.356870756449E-02  0.541792538919     -0.944661193093E-17   1.54961218400       1.08358507784      0.145978873648      0.145978873648      0.249834791623    
   8.50000000000      0.356468495058E-02  0.542049986209     -0.981169993850E-17   1.55101515390       1.08409997242      0.146323938211      0.146323938211      0.249402109787    
   8.53125000000      0.356065790724E-02  0.542307716983     -0.878785305977E-17   1.55240840511       1.08461543397      0.146668972056      0.146668972056      0.248969772872    
   8.56250000000      0.355662651767E-02  0.542565725916     -0.904138001130E-17   1.55379187772       1.08513145183      0.147013968280      0.147013968280      0.248537789356    
   8.59375000000      0.355259086485E-02  0.542824007696     -0.902017684602E-17   1.55516551272       1.08564801539      0.147358920040      0.147358920040      0.248106167616    
   8.62500000000      0.354855103159E-02  0.543082557024     -0.930985771121E-17   1.55652925209       1.08616511405      0.147703820550      0.147703820550      0.247674915924    
   8.65625000000      0.354450710047E-02  0.543341368616     -0.930828346250E-17   1.55788303872       1.08668273723      0.148048663083      0.148048663083      0.247244042449    
   8.68750000000      0.354045915387E-02  0.543600437199     -0.894813074678E-17   1.55922681647       1.08720087440      0.148393440972      0.148393440972      0.246813555255    
   8.71875000000      0.353640727395E-02  0.543859757514     -0.955665444160E-17   1.56056053010       1.08771951503      0.148738147604      0.148738147604      0.246383462305    
   8.75000000000      0.353235154267E-02  0.544119324316     -0.881443738538E-17   1.56188412532       1.08823864863      0.149082776430      0.149082776430      0.245953771456    
   8.78125000000      0.352829204175E-02  0.544379132374     -0.926691657298E-17   1.56319754876       1.08875826475      0.149427320954      0.149427320954      0.245524490466    
   8.81250000000      0.352422885271E-02  0.544639176473     -0.880395713092E-17   1.56450074797       1.08927835295      0.149771774742      0.149771774742      0.245095626988    
   8.84375000000      0.352016205682E-02  0.544899451410     -0.880442879873E-17   1.56579367142       1.08979890282      0.150116131418      0.150116131418      0.244667188574    
   8.87500000000      0.351609173515E-02  0.545159951996     -0.908920893826E-17   1.56707626848       1.09031990399      0.150460384661      0.150460384661      0.244239182675    
   8.90625000000      0.351201796852E-02  0.545420673061     -0.842758789756E-17   1.56834848946       1.09084134612      0.150804528211      0.150804528211      0.243811616638    
   8.93750000000      0.350794083752E-02  0.545681609445     -0.903314316371E-17   1.56992536904       1.09136321889      0.151148555866      0.151148555866      0.243384497712    
   8.96875000000      0.350386042250E-02  0.545942756006     -0.879573488098E-17   1.57149402274       1.09188551201      0.151492461481      0.151492461481      0.242957833045    
   9.00000000000      0.349977680357E-02  0.546204107618     -0.965484006257E-17   1.57314947127       1.09240821524      0.151836238968      0.151836238968      0.242531629681    
   9.03125000000      0.349569006059E-02  0.546465659168     -0.868480414602E-17   1.57482304300       1.09293131834      0.152179882300      0.152179882300      0.242105894569    
   9.06250000000      0.349160027320E-02  0.546727405562     -0.865801120022E-17   1.57648456177       1.09345481112      0.152523385503      0.152523385503      0.241680634555    
   9.09375000000      0.348750752075E-02  0.546989341718     -0.780439206225E-17   1.57813397899       1.09397868344      0.152866742666      0.152866742666      0.241255856387    
   9.12500000000      0.348341188238E-02  0.547251462574     -0.823553540077E-17   1.57977124693       1.09450292515      0.153209947930      0.153209947930      0.240831566714    
   9.15625000000      0.347931343693E-02  0.547513763083     -0.837697391670E-17   1.58139631877       1.09502752617      0.153552995498      0.153552995498      0.240407772086    
   9.18750000000      0.347521226302E-02  0.547776238213     -0.832717208604E-17   1.58300914857       1.09555247643      0.153895879628      0.153895879628      0.239984478957    
   9.21875000000      0.347110843899E-02  0.548038882951     -0.755060214493E-17   1.58460969128       1.09607776590      0.154238594635      0.154238594635      0.239561693681    
   9.25000000000      0.346700204292E-02  0.548301692299     -0.802627357983E-17   1.58619790273       1.09660338460      0.154581134892      0.154581134892      0.239139422515    
   9.28125000000      0.346289315262E-02  0.548564661278     -0.808201310225E-17   1.58777373962       1.09712932256      0.154923494829      0.154923494829      0.238717671621    
   9.31250000000      0.345878184564E-02  0.548827784925     -0.782016279300E-17   1.58933715949       1.09765556985      0.155265668931      0.155265668931      0.238296447063    
   9.34375000000      0.345466819926E-02  0.549091058294     -0.839158993408E-17   1.59088812078       1.09818211659      0.155607651742      0.155607651742      0.237875754810    
   9.37500000000      0.345055229046E-02  0.549354476457     -0.770853058884E-17   1.59242718837       1.09870895291      0.155949437861      0.155949437861      0.237455600735    
   9.40625000000      0.344643419596E-02  0.549618034505     -0.790686672252E-17   1.59398900182       1.09923606901      0.156291021944      0.156291021944      0.237035990617    
   9.43750000000      0.344231399222E-02  0.549881727544     -0.761148972266E-17   1.59553918024       1.09976345509      0.156632398702      0.156632398702      0.236616930140    
   9.46875000000      0.343819175539E-02  0.550145550701     -0.814254419411E-17   1.59707768157       1.10029110140      0.156973562904      0.156973562904      0.236198424893    
   9.50000000000      0.343406756134E-02  0.550409499121     -0.833895150586E-17   1.59860446459       1.10081899824      0.157314509374      0.157314509374      0.235780480373    
   9.53125000000      0.342994148566E-02  0.550673567964     -0.774159609567E-17   1.60011948888       1.10134713593      0.157655232990      0.157655232990      0.235363101984    
   9.56250000000      0.342581360364E-02  0.550937752413     -0.724669579127E-17   1.60162271486       1.10187550483      0.157995728688      0.157995728688      0.234946295036    
   9.59375000000      0.342168399030E-02  0.551202047667     -0.759634268560E-17   1.60311410377       1.10240409533      0.158335991459      0.158335991459      0.234530064749    
   9.62500000000      0.341755272034E-02  0.551466448945     -0.694077603977E-17   1.60459361764       1.10293289789      0.158676016348      0.158676016348      0.234114416249    
   9.65625000000      0.341341986817E-02  0.551730951483     -0.825159226815E-17   1.60606121933       1.10346190297      0.159015798455      0.159015798455      0.233699354574    
   9.68750000000      0.340928550792E-02  0.551995550540     -0.798155231182E-17   1.60751687250       1.10399110108      0.159355332935      0.159355332935      0.233284884669    
   9.71875000000      0.340514971338E-02  0.552260241390     -0.732512660485E-17   1.60896054158       1.10452048278      0.159694614999      0.159694614999      0.232871011391    
   9.75000000000      0.340101255808E-02  0.552525019329     -0.720126458278E-17   1.61046490647       1.10505003866      0.160033639911      0.160033639911      0.232457739507    
   9.78125000000      0.339687411522E-02  0.552789879672     -0.782630179776E-17   1.61217113726       1.10557975934      0.160372402990      0.160372402990      0.232045073693    
   9.81250000000      0.339273445769E-02  0.553054817754     -0.773068848075E-17   1.61386477064       1.10610963551      0.160710899607      0.160710899607      0.231633018541    
   9.84375000000      0.338859365807E-02  0.553319828930     -0.751342539908E-17   1.61554576876       1.10663965786      0.161049125189      0.161049125189      0.231221578553    
   9.87500000000      0.338445178865E-02  0.553584908573     -0.812851703915E-17   1.61721409453       1.10716981715      0.161387075215      0.161387075215      0.230810758142    
   9.90625000000      0.338030892137E-02  0.553850052078     -0.753035083623E-17   1.61886971163       1.10770010416      0.161724745220      0.161724745220      0.230400561638    
   9.93750000000      0.337616512789E-02  0.554115254861     -0.795771758111E-17   1.62051258452       1.10823050972      0.162062130789      0.162062130789      0.229990993282    
   9.96875000000      0.337202047953E-02  0.554380512356     -0.762875603299E-17   1.62214267840       1.10876102471      0.162399227562      0.162399227562      0.229582057232    
   10.0000000000      0.336787504729E-02  0.554645820020     -0.788169916247E-17   1.62375995924       1.10929164004      0.162736031230      0.162736031230      0.229173757560    
