   0.00000000000      0.316628698882E-02  0.375000000000     -0.363298257506E-18   2.00000000000      0.750000000000      0.625000000000E-01  0.625000000000E-01  0.250000000000    
  0.125000000000      0.316627776314E-02  0.375604111141     -0.114496941205E-17   1.99229718109      0.751208222283      0.629228302293E-01  0.629228302293E-01  0.249758450683    
  0.250000000000      0.316624997603E-02  0.377424733554     -0.139733728758E-17   1.96943926739      0.754849467108      0.641896260855E-01  0.641896260855E-01  0.249045481383    
  0.375000000000      0.316620325068E-02  0.380486538081     -0.225701075740E-17   1.93216023618      0.760973076162      0.662956059429E-01  0.662956059429E-01  0.247895326195    
  0.500000000000      0.316613696829E-02  0.384830040178     -0.181662358649E-17   1.88162690377      0.769660080355      0.692337788555E-01  0.692337788555E-01  0.246362482466    
  0.625000000000      0.316605028035E-02  0.390510797550     -0.217771415159E-17   1.81936114446      0.781021595100      0.729962971849E-01  0.729962971849E-01  0.244518203180    
  0.750000000000      0.316594212316E-02  0.397598466060     -0.270829191719E-17   1.74714363613      0.795196932120      0.775761391573E-01  0.775761391573E-01  0.242446187745    
  0.875000000000      0.316581123245E-02  0.406175844258     -0.300863619936E-17   1.66690918406      0.812351688515      0.829689498711E-01  0.829689498711E-01  0.240237944515    
   1.00000000000      0.316565615651E-02  0.416338017723     -0.229577276527E-17   1.58064352727      0.832676035447      0.891748665003E-01  0.891748665003E-01  0.237988284723    
   1.12500000000      0.316547526670E-02  0.428191672244     -0.218337267472E-17   1.49029007982      0.856383344488      0.962001709330E-01  0.962001709330E-01  0.235791330378    
   1.25000000000      0.316526676524E-02  0.441854590008     -0.214556402907E-17   1.39794269110      0.883709180015      0.104058645227      0.104058645227      0.233737299555    
   1.37500000000      0.316502869068E-02  0.457455288662     -0.217943925785E-17   1.33279466385      0.914910577323      0.112772545773      0.112772545773      0.231910197117    
   1.50000000000      0.316475892257E-02  0.475132723581     -0.295871154553E-17   1.40564769416      0.950265447161      0.122373155884      0.122373155884      0.230386411812    
   1.62500000000      0.316445518633E-02  0.495035962710     -0.262623668440E-17   1.50165036848      0.990071925421      0.132900920913      0.132900920913      0.229234120884    
   1.75000000000      0.316411505951E-02  0.517323772596     -0.348103892647E-17   1.60934127351       1.03464754519      0.144405214891      0.144405214891      0.228513342813    
   1.87500000000      0.316373597905E-02  0.542164131150     -0.291438304975E-17   1.73012488099       1.08432826230      0.156943834987      0.156943834987      0.228276461177    
   2.00000000000      0.316331524742E-02  0.569733807282     -0.324332718456E-17   1.86515801837       1.13946761456      0.170582372005      0.170582372005      0.228569063272    
   2.12500000000      0.316285003304E-02  0.600218307561     -0.304197953742E-17   2.01667512022       1.20043661512      0.185393662035      0.185393662035      0.229430983492    
   2.25000000000      0.316233735724E-02  0.633812658357     -0.273801857729E-17   2.18144817430       1.26762531671      0.201457580821      0.201457580821      0.230897496715    
   2.37500000000      0.316177405667E-02  0.670723632422     -0.169877307454E-17   2.37247092000       1.34144726484      0.218861486603      0.218861486603      0.233000659215    
   2.50000000000      0.316115670593E-02  0.711174126904     -0.736658864208E-18   2.57388818633       1.42234825381      0.237701638948      0.237701638948      0.235770849007    
   2.62500000000      0.316048148074E-02  0.755410513477     -0.142659859334E-17   2.81721581768       1.51082102695      0.258085936106      0.258085936106      0.239238641265    
   2.75000000000      0.315974393795E-02  0.803714076045     -0.132206938151E-17   3.08649670756       1.60742815209      0.280138380947      0.280138380947      0.243437314151    
   2.87500000000      0.315893868458E-02  0.856418365080     -0.133631752717E-17   3.38435494469       1.71283673016      0.304005887682      0.304005887682      0.248406589716    
   3.00000000000      0.315805890451E-02  0.913935632819     -0.129767659631E-17   3.72019534160       1.82787126564      0.329868420417      0.329868420417      0.254198791985    
   3.12500000000      0.315709570296E-02  0.976797490792     -0.817082586659E-18   4.16619838497       1.95359498158      0.357953944260      0.357953944259      0.260889602273    
   3.25000000000      0.315603721141E-02   1.04571712710     -0.162884312651E-17   4.68432767929       2.09143425420      0.388560024287      0.388560024285      0.268597078525    
   3.37500000000      0.315486736695E-02   1.12168118842     -0.180371151500E-17   5.28593261153       2.24336237683      0.422083501320      0.422083501317      0.277514185779    
   3.50000000000      0.315356426579E-02   1.20607415605     -0.149939972640E-17   6.13764995276       2.41214831210      0.459057059703      0.459057059698      0.287960036651    
   3.62500000000      0.315209806490E-02   1.30081745352     -0.194600384910E-17   7.20976746153       2.60163490703      0.500184037278      0.500184037286      0.300449378952    
   3.75000000000      0.315042867236E-02   1.40846115896     -0.240115285598E-17   8.35102799681       2.81692231792      0.546348295872      0.546348296122      0.315764566969    
   3.87500000000      0.314850343402E-02   1.53207322933     -0.158085217530E-17   9.80704077036       3.06414645867      0.598539363951      0.598539365969      0.334994499414    
   4.00000000000      0.314625481569E-02   1.67471943563     -0.103188887382E-17   11.4388787528       3.34943887127      0.657606205197      0.657606214042      0.359507016395    
   4.12500000000      0.314360326477E-02   1.83890195427     -0.161660316129E-17   13.7984275253       3.67780390854      0.724014091866      0.724014116701      0.390873745703    
   4.25000000000      0.314047029656E-02   2.02665012571     -0.116951097796E-17   16.1031914370       4.05330025141      0.797913624922      0.797913675630      0.430822825154    
   4.37500000000      0.313679191996E-02   2.23960938363     -0.141545454577E-17   17.9127693881       4.47921876727      0.879179218657      0.879179297880      0.481250867096    
   4.50000000000      0.313252954231E-02   2.47831013625     -0.121580464339E-17   19.2372626731       4.95662027249      0.967034548569      0.967034615169      0.544240972507    
   4.62500000000      0.312768299299E-02   2.74064430294     -0.420656289864E-18   22.1400006627       5.48128860588       1.05928723344       1.05928719018      0.622069879321    
   4.75000000000      0.312233579284E-02   3.02282979872     -0.154270218217E-18   22.2511770973       6.04565959745       1.15317317357       1.15317311901      0.716483506147    
   4.87500000000      0.311664127147E-02   3.31661578436      0.546900801747E-18   22.9536555494       6.63323156873       1.24559327128       1.24559320600      0.825429307090    
   5.00000000000      0.311073392226E-02   3.61295771998      0.475660543575E-18   23.1472020218       7.22591543995       1.33665946170       1.33665938258      0.939638875697    
