   0.00000000000      0.254835182161E-02  0.375000000000      0.140674382635E-05   2.57341181886      0.750000000000      0.835479657871E-01  0.997387890979E-01  0.191713245115    
  0.125000000000      0.254662507552E-02  0.382072115243      0.140912864616E-05   2.63055426403      0.764144230485      0.913678594873E-01  0.103154420116      0.187549835639    
  0.250000000000      0.254415358675E-02  0.392194691019      0.141048600252E-05   2.93273055921      0.784389382038      0.100768052868      0.107127213535      0.184299424616    
  0.375000000000      0.254086966441E-02  0.405644946807      0.141074604219E-05   3.26900213611      0.811289893614      0.111866674967      0.111695622737      0.182082649104    
  0.500000000000      0.253670848362E-02  0.422688362184      0.140981610076E-05   3.63530134983      0.845376724367      0.124758480175      0.116909812929      0.181020069079    
  0.625000000000      0.253161312961E-02  0.443558025968      0.140754276375E-05   4.03037574321      0.887116051935      0.139506023988      0.122826854430      0.181225147550    
  0.750000000000      0.252553979146E-02  0.468433372222      0.140367460011E-05   4.45006218701      0.936866744444      0.156134420538      0.129504691725      0.182794259959    
  0.875000000000      0.251846219094E-02  0.497422040684      0.139783906764E-05   4.88700013016      0.994844081368      0.174631360464      0.136995286566      0.185795393654    
   1.00000000000      0.251037424587E-02  0.530548956390      0.138954711813E-05   5.33907202182       1.06109791278      0.194952377341      0.145337794373      0.190258784677    
   1.12500000000      0.250129022990E-02  0.567755656306      0.137823221193E-05   5.79499465920       1.13551131261      0.217029401070      0.154553076367      0.196173178869    
   1.25000000000      0.249124226220E-02  0.608910555521      0.136331967860E-05   6.27594765953       1.21782111104      0.240779495337      0.164640944800      0.203490115384    
   1.37500000000      0.248027561725E-02  0.653828154499      0.134431356020E-05   6.75854359935       1.30765630900      0.266110907857      0.175581055871      0.212136190771    
   1.50000000000      0.246844279875E-02  0.702293321899      0.132088579145E-05   7.25244624233       1.40458664380      0.292924877888      0.187337423500      0.222031020511    
   1.62500000000      0.245579741125E-02  0.754086410750      0.129295606147E-05   7.75245253887       1.50817282150      0.321113252196      0.199865545659      0.233107612895    
   1.75000000000      0.244238864470E-02  0.809005860242      0.126075520404E-05   8.28648306368       1.61801172048      0.350553161210      0.213120522302      0.245332176730    
   1.87500000000      0.242825684963E-02  0.866886321156      0.122486763834E-05   8.84107411985       1.73377264231      0.381100505542      0.227064468708      0.258721346906    
   2.00000000000      0.241343040506E-02  0.927611478518      0.118625160252E-05   9.40766505227       1.85522295704      0.412583832146      0.241671938752      0.273355707621    
   2.12500000000      0.239792395199E-02  0.991121279821      0.114624265664E-05   9.97673395025       1.98224255964      0.444799539864      0.256932819886      0.289388920071    
   2.25000000000      0.238173806492E-02   1.05741327689      0.110655194905E-05   10.5452865351       2.11482655378      0.477508596771      0.272853047165      0.307051632956    
   2.37500000000      0.236486046983E-02   1.12653764023      0.106926402216E-05   11.1497338038       2.25307528045      0.510434623309      0.289454264870      0.326648752047    
   2.50000000000      0.234726885326E-02   1.19858566085      0.103681175612E-05   11.7441291553       2.39717132171      0.543263842807      0.306774025984      0.348547792062    
   2.62500000000      0.232893505129E-02   1.27367259684      0.101187202001E-05   12.3584308384       2.54734519368      0.575648953131      0.324868162651      0.373155481058    
   2.75000000000      0.230983003358E-02   1.35191724910      0.997121123357E-06   12.9912639411       2.70383449820      0.607220128046      0.343816509690      0.400880611367    
   2.87500000000      0.228992888618E-02   1.43342152550      0.994844619886E-06   13.5881019730       2.86684305100      0.637605077387      0.363731898418      0.432084549693    
   3.00000000000      0.226921522635E-02   1.51825233077      0.100649589332E-05   14.2351023621       3.03650466154      0.666455819916      0.384769765678      0.467026745176    
   3.12500000000      0.224768502876E-02   1.60642589883      0.103237702618E-05   14.8093126639       3.21285179765      0.693475642627      0.407132134448      0.505818121752    
   3.25000000000      0.222535000826E-02   1.69789398991      0.107160885896E-05   15.3865405441       3.39578797982      0.718440809973      0.431057350233      0.548395829704    
   3.37500000000      0.220223984011E-02   1.79253487483      0.112245639144E-05   15.9369694413       3.58506974965      0.741219072005      0.456789261611      0.594526541210    
   3.50000000000      0.217840115197E-02   1.89015751729      0.118293104293E-05   16.4236162045       3.78031503457      0.761793659652      0.484527865961      0.643835991674    
   3.62500000000      0.215389130907E-02   1.99052702433      0.125146869195E-05   16.8443993866       3.98105404865      0.780297095554      0.514374068186      0.695855860587    
   3.75000000000      0.212876791074E-02   2.09340761280      0.132743061761E-05   17.2322751771       4.18681522561      0.797042950224      0.546286754598      0.750077907981    
   3.87500000000      0.210307919511E-02   2.19860183451      0.141121906238E-05   17.9792336886       4.39720366903      0.812528683233      0.580065748445      0.806007402836    
   4.00000000000      0.207686254111E-02   2.30595664873      0.150393480514E-05   18.9424037486       4.61191329746      0.827385022029      0.615361717133      0.863209909566    
   4.12500000000      0.205015544117E-02   2.41531846420      0.160668244968E-05   19.9366629565       4.83063692840      0.842270685805      0.651702511005      0.921345267390    
   4.25000000000      0.202301687768E-02   2.52644563867      0.171977169247E-05   21.0012923833       5.05289127734      0.857742920849      0.688523104424      0.980179613398    
   4.37500000000      0.199555088489E-02   2.63891208143      0.184210549914E-05   21.9390117258       5.27782416286      0.874154242440      0.725195071810       1.03956276718    
   4.50000000000      0.196792169712E-02   2.75204531090      0.197097390879E-05   22.8871832788       5.50409062180      0.891619745746      0.761065598602       1.09935996655    
   4.62500000000      0.194035211982E-02   2.86493315573      0.210230504417E-05   23.6006914519       5.72986631146      0.910068074017      0.795524909642       1.15934017207    
   4.75000000000      0.191310211586E-02   2.97651139317      0.223120368227E-05   24.2150952758       5.95302278633      0.929349187001      0.828114342114       1.21904786405    
   4.87500000000      0.188643098282E-02   3.08571853498      0.235246396585E-05   24.6647148904       6.17143706996      0.949346122961      0.858662671775       1.27770974024    
   5.00000000000      0.186055225635E-02   3.19168041599      0.246089972935E-05   24.8207057572       6.38336083199      0.970039425100      0.887408638663       1.33423235223    
