   0.00000000000      0.249513413359E-02  0.375000000000     -0.145744390987E-04   2.78178201616      0.750000000000      0.850021935813E-01  0.102108125574      0.187889680845    
  0.125000000000      0.249323754208E-02  0.382767239089     -0.145535412417E-04   2.99631884787      0.765534478177      0.947610040933E-01  0.104791538370      0.183214696625    
  0.250000000000      0.249047254082E-02  0.394091491244     -0.145360236098E-04   3.37265583731      0.788182982488      0.106404690774      0.107999508202      0.179687292268    
  0.375000000000      0.248676425434E-02  0.409279384045     -0.145225199132E-04   3.78252706888      0.818558768090      0.120050458483      0.111779731857      0.177449193706    
  0.500000000000      0.248204545235E-02  0.428606224946     -0.145138570376E-04   4.22373253650      0.857212449893      0.135773994304      0.116195749126      0.176636481517    
  0.625000000000      0.247626339368E-02  0.452287987836     -0.145109145301E-04   4.69647152300      0.904575975672      0.153597907117      0.121321576554      0.177368504165    
  0.750000000000      0.246938624876E-02  0.480455023612     -0.145144227554E-04   5.18331720554      0.960910047225      0.173487836981      0.127234432445      0.179732754186    
  0.875000000000      0.246140757015E-02  0.513133749072     -0.145247392249E-04   5.68352832318       1.02626749814      0.195358441743      0.134005856188      0.183769451141    
   1.00000000000      0.245234748851E-02  0.550241727218     -0.145416578555E-04   6.19219601864       1.10048345444      0.219087670778      0.141692446713      0.189461609726    
   1.12500000000      0.244225008856E-02  0.591598385781     -0.145643061107E-04   6.69033458245       1.18319677156      0.244534384255      0.150328319049      0.196735682477    
   1.25000000000      0.243117747233E-02  0.636949312529     -0.145911653754E-04   7.22368441932       1.27389862506      0.271553539425      0.159921435831      0.205474337272    
   1.37500000000      0.241920187189E-02  0.685998560463     -0.146202141467E-04   7.75277367002       1.37199712093      0.300005042183      0.170454882478      0.215538635802    
   1.50000000000      0.240639745693E-02  0.738442220595     -0.146491562965E-04   8.28145661838       1.47688444119      0.329755398711      0.181892479549      0.226794342335    
   1.62500000000      0.239283316329E-02  0.793997817593     -0.146756730644E-04   8.83185305288       1.58799563519      0.360673727849      0.194186848670      0.239137241075    
   1.75000000000      0.237856723102E-02  0.852426694864     -0.146976317362E-04   9.38534194970       1.70485338973      0.392624721587      0.207287733470      0.252514239807    
   1.87500000000      0.236364354298E-02  0.913549009303     -0.147131914384E-04   9.96576551338       1.82709801861      0.425460958534      0.221148899987      0.266939150782    
   2.00000000000      0.234808950829E-02  0.977252388239     -0.147207646740E-04   10.5564605089       1.95450477648      0.459016094591      0.235732889239      0.282503404408    
   2.12500000000      0.233191515730E-02   1.04349562263     -0.147188257770E-04   11.1847125250       2.08699124526      0.493099270090      0.251013961953      0.299382390585    
   2.25000000000      0.231511323083E-02   1.11230829464     -0.147056072786E-04   11.8113048489       2.22461658928      0.527489941955      0.266980533260      0.317837819427    
   2.37500000000      0.229766025827E-02   1.18378636549     -0.146787859878E-04   12.4069085380       2.36757273099      0.561931922809      0.283638861130      0.338215581556    
   2.50000000000      0.227951881512E-02   1.25808294270     -0.146353150374E-04   13.0837469239       2.51616588540      0.596126632503      0.301019214215      0.360937095982    
   2.62500000000      0.226064120617E-02   1.33539321330     -0.145715845171E-04   13.6986993486       2.67078642660      0.629728866283      0.319184034607      0.386480312409    
   2.75000000000      0.224097467444E-02   1.41593312232     -0.144840746391E-04   14.3628546259       2.83186624464      0.662352200230      0.338235507163      0.415345414928    
   2.87500000000      0.222046798015E-02   1.49991242217     -0.143705885132E-04   15.0151044763       2.99982484434      0.693591440524      0.358319094137      0.448001887510    
   3.00000000000      0.219907902011E-02   1.58750344583     -0.142319945075E-04   15.6999093898       3.17500689167      0.723062538825      0.379621066489      0.484819840520    
   3.12500000000      0.217678309766E-02   1.67880722288     -0.140741448465E-04   16.3504348986       3.35761444576      0.750448434175      0.402360489903      0.525998298801    
   3.25000000000      0.215358113899E-02   1.77381984783     -0.139093006531E-04   17.0579159761       3.54763969565      0.775532857643      0.426776347437      0.571510642748    
   3.37500000000      0.212950601793E-02   1.87240662709     -0.137561731090E-04   17.6953490965       3.74481325418      0.798213279796      0.453107884160      0.621085463134    
   3.50000000000      0.210462339442E-02   1.97429870031     -0.136379116530E-04   18.2475550698       3.94859740062      0.818504154708      0.481565280911      0.674229264691    
   3.62500000000      0.207902298940E-02   2.07912879904     -0.135782236577E-04   18.6863849971       4.15825759809      0.836552072391      0.512292574223      0.730284152430    
   3.75000000000      0.205279960251E-02   2.18650895404     -0.135969985197E-04   19.1565649456       4.37301790808      0.852669808794      0.545331818666      0.788507326582    
   3.87500000000      0.202603035634E-02   2.29612358925     -0.137075351050E-04   19.9054191551       4.59224717849      0.867365923122      0.580598291652      0.848159374472    
   4.00000000000      0.199876083953E-02   2.40778614725     -0.139169176615E-04   20.9192480312       4.81557229451      0.881328789766      0.617868800410      0.908588557077    
   4.12500000000      0.197101168612E-02   2.52141208584     -0.142291223374E-04   22.0055584359       5.04282417168      0.895339184957      0.656777273168      0.969295627714    
   4.25000000000      0.194280710985E-02   2.63690210176     -0.146481172526E-04   23.1538134294       5.27380420353      0.910127637471      0.696813189189       1.02996127510    
   4.37500000000      0.191421397025E-02   2.75398234071     -0.151774588130E-04   24.2398660772       5.50796468143      0.926233986337      0.737327970132       1.09042038425    
   4.50000000000      0.188537314023E-02   2.87207612424     -0.158150323740E-04   25.2342913358       5.74415224848      0.943937091130      0.777562795426       1.15057623768    
   4.62500000000      0.185650868906E-02   2.99026637452     -0.165458229520E-04   26.1795477663       5.98053274905      0.963289978869      0.816712051625       1.21026434403    
   4.75000000000      0.182791102754E-02   3.10736446884     -0.173389623794E-04   26.8357957529       6.21472893767      0.984235874696      0.854030074026       1.26909852011    
   4.87500000000      0.179990009690E-02   3.22206069513     -0.181546830810E-04   27.4045675303       6.44412139026       1.00673099899      0.888975834045       1.32635386209    
   5.00000000000      0.177277934977E-02   3.33311244570     -0.189611355205E-04   27.6788870575       6.66622489140       1.03079379327      0.921372210327       1.38094644210    
