   0.00000000000      0.168853071057E-02  0.375000000000     -0.135309442598E-04   3.29605210493      0.750000000000      0.111566269368      0.101442752442      0.161990978191    
  0.312500000000E-01  0.168840820883E-02  0.377007065141     -0.135309689331E-04   3.33432559624      0.754014130282      0.112699846659      0.102467205937      0.161840012545    
  0.625000000000E-01  0.168827347582E-02  0.379214527913     -0.135308815797E-04   3.37308082272      0.758429055826      0.113913537909      0.103550682928      0.161750307076    
  0.937500000000E-01  0.168812608772E-02  0.381629331742     -0.135306813991E-04   3.41209402173      0.763258663484      0.115208473153      0.104693564778      0.161727293811    
  0.125000000000      0.168796557251E-02  0.384259210343     -0.135303686747E-04   3.45120696124      0.768518420686      0.116585983620      0.105896354173      0.161776872550    
  0.156250000000      0.168779140493E-02  0.387112769703     -0.135299448360E-04   3.49036908974      0.774225539405      0.118047631768      0.107159692932      0.161905445003    
  0.187500000000      0.168760300110E-02  0.390199575603     -0.135294125135E-04   3.52953788124      0.780399151207      0.119595243019      0.108484380824      0.162119951761    
  0.218750000000      0.168739971299E-02  0.393530245605     -0.135287755836E-04   3.56869041747      0.787060491209      0.121230938876      0.109871395035      0.162427911693    
  0.250000000000      0.168718082257E-02  0.397116543775     -0.135280392012E-04   3.60789505196      0.794233087550      0.122957170899      0.111321909807      0.162837463069    
  0.281250000000      0.168694553602E-02  0.400971475715     -0.135272098171E-04   3.64735024924      0.801942951431      0.124776754861      0.112837315577      0.163357405277    
  0.312500000000      0.168669297815E-02  0.405109380478     -0.135262951781E-04   3.68697488889      0.810218760955      0.126692904156      0.114419236805      0.163997239517    
  0.343750000000      0.168642218723E-02  0.409546014887     -0.135253043056E-04   3.72691949126      0.819092029775      0.128709261225      0.116069547455      0.164767206208    
  0.375000000000      0.168613211065E-02  0.414298624538     -0.135242474485E-04   3.76742707567      0.828597249076      0.130829925409      0.117790382910      0.165678316219    
  0.406250000000      0.168582160186E-02  0.419385994436     -0.135231360031E-04   3.80917205400      0.838771988871      0.133059475261      0.119584146905      0.166742372269    
  0.437500000000      0.168548941897E-02  0.424828471021     -0.135219823954E-04   3.85224953434      0.849656942042      0.135402982894      0.121453511931      0.167971976195    
  0.468750000000      0.168513422580E-02  0.430647946293     -0.135207999144E-04   3.89726169252      0.861295892586      0.137866017584      0.123401411488      0.169380517221    
  0.500000000000      0.168475459568E-02  0.436867794235     -0.135196024872E-04   3.94541846297      0.873735588471      0.140454635532      0.125431022645      0.170982136059    
  0.531250000000      0.168434901888E-02  0.443512750003     -0.135184043850E-04   3.99714388419      0.887025500007      0.143175352611      0.127545737583      0.172791659809    
  0.562500000000      0.168391591397E-02  0.450608723677     -0.135172198483E-04   4.06444516093      0.901217447353      0.146035097140      0.129749123244      0.174824503293    
  0.593750000000      0.168345364347E-02  0.458182543067     -0.135160626226E-04   4.16757501830      0.916365086134      0.149041140387      0.132044868864      0.177096533816    
  0.625000000000      0.168296053404E-02  0.466261624237     -0.135149454006E-04   4.27804331504      0.932523248475      0.152201003682      0.134436722052      0.179623898502    
  0.656250000000      0.168243490068E-02  0.474873573916     -0.135138791722E-04   4.39547448171      0.949747147833      0.155522342732      0.136928415065      0.182422816119    
  0.687500000000      0.168187507456E-02  0.484045734465     -0.135128724954E-04   4.51947517849      0.968091468930      0.159012811846      0.139523584006      0.185509338613    
  0.718750000000      0.168127943316E-02  0.493804688769     -0.135119307098E-04   4.65044483323      0.987609377537      0.162679913175      0.142225684630      0.188899090963    
  0.750000000000      0.168064643161E-02  0.504175748375     -0.135110551239E-04   4.78869843152       1.00835149675      0.166530838257      0.145037909131      0.192607000987    
  0.781250000000      0.167997463318E-02  0.515182452356     -0.135102422181E-04   4.93464326529       1.03036490471      0.170572310878      0.147963108626      0.196647032852    
  0.812500000000      0.167926273750E-02  0.526846105815     -0.135094829050E-04   5.08869694764       1.05369221163      0.174810441065      0.151003725891      0.201031938860    
  0.843750000000      0.167850960465E-02  0.539185385219     -0.135087618902E-04   5.25101384844       1.07837077044      0.179250599698      0.154161742282      0.205773043240    
  0.875000000000      0.167771427375E-02  0.552216032896     -0.135080571670E-04   5.42194495792       1.10443206579      0.183897321761      0.157438641728      0.210880069407    
  0.906250000000      0.167687597531E-02  0.565950655720     -0.135073396708E-04   5.60141153769       1.13190131144      0.188754243817      0.160835393384      0.216361018519    
  0.937500000000      0.167599413673E-02  0.580398634387     -0.135065731050E-04   5.78978606729       1.16079726877      0.193824078303      0.164352453113      0.222222102971    
  0.968750000000      0.167506838125E-02  0.595566140958     -0.135057139419E-04   5.98629905614       1.19113228192      0.199108624168      0.167989782697      0.228467734094    
   1.00000000000      0.167409852084E-02  0.611456254801     -0.135047115907E-04   6.19265011462       1.22291250960      0.204608810629      0.171746884561      0.235100559612    
   1.03125000000      0.167308454411E-02  0.628069161416     -0.135035087241E-04   6.40925107632       1.25613832283      0.210324768786      0.175622849101      0.242121543528    
   1.06250000000      0.167202660024E-02  0.645402415349     -0.135020417523E-04   6.63303549173       1.29080483070      0.216255924598      0.179616411318      0.249530079433    
   1.09375000000      0.167092498026E-02  0.663451247402     -0.135002414361E-04   6.86307293295       1.32690249480      0.222401106315      0.183726013437      0.257324127651    
   1.12500000000      0.166978009669E-02  0.682208897236     -0.134980336368E-04   7.09904662528       1.36441779447      0.228758659778      0.187949870447      0.265500367011    
   1.15625000000      0.166859246277E-02  0.701666954752     -0.134953402003E-04   7.34058510563       1.40333390950      0.235326565754      0.192286035948      0.274054353049    
   1.18750000000      0.166736267188E-02  0.721815696678     -0.134920799803E-04   7.58675714961       1.44363139336      0.242102554576      0.196732466217      0.282980675885    
   1.21875000000      0.166609137792E-02  0.742644408165     -0.134881700043E-04   7.83680120475       1.48528881633      0.249084214515      0.201287081047      0.292273112603    
   1.25000000000      0.166477927704E-02  0.764141682414     -0.134835267830E-04   8.08911329287       1.52828336483      0.256269091487      0.205947820439      0.301924770488    
   1.28125000000      0.166342709089E-02  0.786295694305     -0.134780677652E-04   8.34711983070       1.57259138861      0.263654778659      0.210712696737      0.311928218909    
   1.31250000000      0.166203555166E-02  0.809094446470     -0.134717129275E-04   8.60425321146       1.61818889294      0.271238995370      0.215579842259      0.322275608841    
   1.34375000000      0.166060538867E-02  0.832525988216     -0.134643864880E-04   8.86811861964       1.66505197643      0.279019655361      0.220547552765      0.332958780091    
   1.37500000000      0.165913731658E-02  0.856578609295     -0.134560187194E-04   9.13146875567       1.71315721859      0.286994924736      0.225614327407      0.343969357152    
   1.40625000000      0.165763202489E-02  0.881241011659     -0.134465478325E-04   9.39514266347       1.76248202332      0.295163270300      0.230778905952      0.355298835408    
   1.43750000000      0.165609016855E-02  0.906502463250     -0.134359218920E-04   9.66374077450       1.81300492650      0.303523498999      0.236040304220      0.366938660031    
   1.46875000000      0.165451235937E-02  0.932352938523     -0.134241007193E-04   9.93315892483       1.86470587705      0.312074789219      0.241397848731      0.378880300572    
   1.50000000000      0.165289915800E-02  0.958783250888     -0.134110577357E-04   10.2027165417       1.91756650178      0.320816714594      0.246851211588      0.391115324707    
   1.53125000000      0.165125106592E-02  0.985785182604     -0.133967816948E-04   10.4727265454       1.97157036521      0.329749260894      0.252400446582      0.403635475128    
   1.56250000000      0.164956851737E-02   1.01335161780     -0.133812782565E-04   10.7431215505       2.02670323559      0.338872836449      0.258046027438      0.416432753910    
   1.59375000000      0.164785187068E-02   1.04147668425     -0.133645713569E-04   11.0281469950       2.08295336849      0.348188276393      0.263788888890      0.429499518963    
   1.62500000000      0.164610139879E-02   1.07015590921     -0.133467043364E-04   11.3446434065       2.14031181841      0.357696840811      0.269630471003      0.442828597392    
   1.65625000000      0.164431727855E-02   1.09938639370     -0.133277407950E-04   11.6600617410       2.19877278739      0.367400206521      0.275572766621      0.456413420556    
   1.68750000000      0.164249957883E-02   1.12916700831     -0.133077651527E-04   11.9850013197       2.25833401663      0.377300451657      0.281618371053      0.470248185605    
   1.71875000000      0.164064824717E-02   1.15949861146     -0.132868828977E-04   12.3139283049       2.31899722292      0.387400031402      0.287770532083      0.484328047974    
   1.75000000000      0.163876309522E-02   1.19038428791     -0.132652205072E-04   12.6420955986       2.38076857582      0.397701742016      0.294033196918      0.498649348978    
   1.78125000000      0.163684378329E-02   1.22182960190     -0.132429250225E-04   12.9666071496       2.44365920379      0.408208668856      0.300411051005      0.513209882035    
   1.81250000000      0.163488980469E-02   1.25384285428     -0.132201632440E-04   13.2932901814       2.50768570856      0.418924112471      0.306909541677      0.528009200132    
   1.84375000000      0.163290047063E-02   1.28643532879     -0.131971204907E-04   13.6249837800       2.57287065758      0.429851485482      0.313534877651      0.543048965657    
   1.87500000000      0.163087489715E-02   1.31962150753     -0.131739988366E-04   13.9585457572       2.63924301505      0.440994172294      0.320293993888      0.558333341344    
   1.90625000000      0.162881199519E-02   1.35341923243     -0.131510147016E-04   14.2946274011       2.70683846485      0.452355344558      0.327194470691      0.573869417177    
   1.93750000000      0.162671046563E-02   1.38784978735     -0.131283956478E-04   14.6229670448       2.77569957469      0.463937728290      0.334244396901      0.589667662156    
   1.96875000000      0.162456880065E-02   1.42293787571     -0.131063762215E-04   14.9530245163       2.84587575142      0.475743324382      0.341452170151      0.605742381175    
   2.00000000000      0.162238529281E-02   1.45871147139     -0.130851927159E-04   15.2807168062       2.91742294277      0.487773092876      0.348826232960      0.622112145549    
   2.03125000000      0.162015805296E-02   1.49520152557     -0.130650768114E-04   15.6086607133       2.99040305113      0.500026622170      0.356374751963      0.638800151433    
   2.06250000000      0.161788503756E-02   1.53244151876     -0.130462482067E-04   15.9394249715       3.06488303752      0.512501815408      0.364105258389      0.655834444962    
   2.09375000000      0.161556408571E-02   1.57046685425     -0.130289065704E-04   16.2684121991       3.14093370849      0.525194635126      0.372024279681      0.673247939440    
   2.12500000000      0.161319296568E-02   1.60931409601     -0.130132234054E-04   16.6334685210       3.21862819203      0.538098950276      0.380137002808      0.691078142929    
   2.15625000000      0.161076943028E-02   1.64902006059     -0.129993346856E-04   17.1661409012       3.29804012118      0.551206524460      0.388447016617      0.709366519513    
   2.18750000000      0.160829128031E-02   1.68962077876     -0.129873353279E-04   17.6834441205       3.37924155753      0.564507169053      0.396956180331      0.728157429380    
   2.21875000000      0.160575643434E-02   1.73115035104     -0.129772766383E-04   18.2081720265       3.46230070209      0.577989061335      0.405664655527      0.747496634182    
   2.25000000000      0.160316300301E-02   1.77363973151     -0.129691677445E-04   18.7261317761       3.54727946302      0.591639199974      0.414571118623      0.767429412915    
   2.28125000000      0.160050936466E-02   1.81711548836     -0.129629816610E-04   19.2429286142       3.63423097672      0.605443944551      0.423673141695      0.787998402114    
   2.31250000000      0.159779423852E-02   1.86159860495     -0.129586660305E-04   19.7507979076       3.72319720990      0.619389569127      0.432967696391      0.809241339430    
   2.34375000000      0.159501675063E-02   1.90710339955     -0.129561578118E-04   20.2789867251       3.81420679910      0.633462756650      0.442451706844      0.831188936056    
   2.37500000000      0.159217648723E-02   1.95363665090     -0.129554003770E-04   20.8155406923       3.90727330180      0.647650972236      0.452122561739      0.853863116927    
   2.40625000000      0.158927353024E-02   2.00119701622     -0.129563608171E-04   21.3597785292       4.00239403244      0.661942675681      0.461978500138      0.877275840401    
   2.43750000000      0.158630847045E-02   2.04977481555     -0.129590449217E-04   21.9164890799       4.09954963109      0.676327361036      0.472018811776      0.901428642734    
   2.46875000000      0.158328239529E-02   2.09935223093     -0.129635074398E-04   22.4899474171       4.19870446186      0.690795437708      0.482243834742      0.926312958480    
   2.50000000000      0.158019685065E-02   2.14990393313     -0.129698558814E-04   23.0667864826       4.29980786626      0.705337989240      0.492654779763      0.951911164126    
   2.53125000000      0.157705377823E-02   2.20139810706     -0.129782471915E-04   23.6430671477       4.40279621412      0.719946461552      0.503253446723      0.978198198782    
   2.56250000000      0.157385543291E-02   2.25379780649     -0.129888779032E-04   24.2091092997       4.50759561298      0.734612342425      0.514041914735       1.00514354933    
   2.59375000000      0.157060428625E-02   2.30706253490     -0.130019695483E-04   24.7692360458       4.61412506981      0.749326898891      0.525022278931       1.03271335708    
   2.62500000000      0.156730292383E-02   2.36114992859     -0.130177518697E-04   25.3009129394       4.72229985719      0.764081038461      0.536196480692       1.06087240944    
   2.65625000000      0.156395394409E-02   2.41601741347     -0.130364465140E-04   25.7949904284       4.83203482695      0.778865352110      0.547566244643       1.08958581672    
   2.68750000000      0.156055986599E-02   2.47162371871     -0.130582533314E-04   26.2693753612       4.94324743743      0.793670380503      0.559133107311       1.11882023090    
   2.71875000000      0.155712305097E-02   2.52793015549     -0.130833403182E-04   26.6928900810       5.05586031097      0.808487120287      0.570898506322       1.14854452888    
   2.75000000000      0.155364564281E-02   2.58490160200     -0.131118369166E-04   27.1005641843       5.16980320400      0.823307756853      0.582863896080       1.17872994907    
   2.78125000000      0.155012952703E-02   2.64250716939     -0.131438292664E-04   27.4335801914       5.28501433878      0.838126578046      0.595030861155       1.20934973019    
   2.81250000000      0.154657630952E-02   2.70072055030     -0.131793554125E-04   27.7659844388       5.40144110060      0.852940994599      0.607401205210       1.24037835049    
   2.84375000000      0.154298731357E-02   2.75952006885     -0.132183986013E-04   28.0602322581       5.51904013769      0.867752572189      0.619976996586       1.27179050007    
   2.87500000000      0.153936359347E-02   2.81888845694     -0.132608775457E-04   28.3139416110       5.63777691389      0.882567969786      0.632760551666       1.30355993549    
   2.90625000000      0.153570596328E-02   2.87881238237     -0.133066335879E-04   28.5268914017       5.75762476473      0.897399680877      0.645754338429       1.33565836306    
   2.93750000000      0.153201503913E-02   2.93928175637     -0.133554156380E-04   28.7081996426       5.87856351274      0.912266487568      0.658960792169       1.36805447663    
   2.96875000000      0.152829129237E-02   3.00028886232     -0.134068642900E-04   28.8624847743       6.00057772463      0.927193560641      0.672382058444       1.40071324323    
   3.00000000000      0.152453510925E-02   3.06182737780     -0.134604965277E-04   28.9940930003       6.12365475560      0.942212168573      0.686019715733       1.43359549349    
   3.03125000000      0.152074684967E-02   3.12389141150     -0.135156921165E-04   29.1055024863       6.24778282299      0.957358992423      0.699874575609       1.46665784346    
   3.06250000000      0.151692689426E-02   3.18647473313     -0.135716824627E-04   29.1978238404       6.37294946626      0.972675078922      0.713946698874       1.49985295534    
   3.09375000000      0.151307566565E-02   3.24957042354     -0.136275426932E-04   29.2666768184       6.49914084709      0.988204499201      0.728235785188       1.53313013916    
   3.12500000000      0.150919360935E-02   3.31317118881     -0.136821879569E-04   29.3249682781       6.62634237762       1.00399281342      0.742742075210       1.56643630018    
   3.15625000000      0.150528112135E-02   3.37727054599     -0.137343750781E-04   29.3837663076       6.75454109197       1.02008546903      0.757467838318       1.59971723864    
   3.18750000000      0.150133841621E-02   3.44186498446     -0.137827100366E-04   29.5519057873       6.88372996893       1.03652627731      0.772419407006       1.63291930015    
   3.21875000000      0.149736533954E-02   3.50695703768     -0.138256597052E-04   30.0170120080       7.01391407536       1.05335611174      0.787609576941       1.66599134901    
   3.25000000000      0.149336114202E-02   3.57255898537     -0.138615627986E-04   30.4723133702       7.14511797074       1.07061194543      0.803060048800       1.69888699114    
   3.28125000000      0.148932424541E-02   3.63869668611     -0.138886309499E-04   30.9258844179       7.27739337222       1.08832628900      0.818803483877       1.73156691323    
   3.31250000000      0.148525204170E-02   3.70541286734     -0.139049280909E-04   31.3498877770       7.41082573468       1.10652700906      0.834884720723       1.76400113756    
   3.34375000000      0.148114077050E-02   3.77276913301     -0.139083172911E-04   31.7614545911       7.54553826601       1.12523741592      0.851360784700       1.79617093239    
   3.37500000000      0.147698551474E-02   3.84084603331     -0.138963710221E-04   32.1579288493       7.68169206662       1.14447643141      0.868299520902       1.82807008100    
   3.40625000000      0.147278033932E-02   3.90974079276     -0.138662541147E-04   32.5189552062       7.81948158551       1.16425861371      0.885776959741       1.85970521931    
   3.43750000000      0.146851857372E-02   3.97956268025     -0.138146065315E-04   32.8728705239       7.95912536050       1.18459384916      0.903873810853       1.89109502024    
   3.46875000000      0.146419321259E-02   4.05042644737     -0.137374703126E-04   33.1701371104       8.10085289474       1.20548662723      0.922671679858       1.92226814028    
   3.50000000000      0.145979738491E-02   4.12244464321     -0.136303137269E-04   33.4644512101       8.24488928643       1.22693497439      0.942249634533       1.95326003429    
   3.53125000000      0.145532482960E-02   4.19571982527     -0.134881973122E-04   33.7064334583       8.39143965054       1.24892928719      0.962681590645       1.98410894744    
   3.56250000000      0.145077031668E-02   4.27033766123     -0.133060962127E-04   33.9177216236       8.54067532246       1.27145140969      0.984034702988       2.01485154856    
   3.59375000000      0.144612996842E-02   4.34636167052     -0.130793445568E-04   34.1404622690       8.69272334103       1.29447428762       1.00636865574       2.04551872716    
   3.62500000000      0.144140145764E-02   4.42382997513     -0.128041152968E-04   34.2758163149       8.84765995026       1.31796238273       1.02973557051       2.07613202190    
   3.65625000000      0.143658408416E-02   4.50275404875     -0.124778162996E-04   34.4067220486       9.00550809750       1.34187279267       1.05418024264       2.10670101344    
   3.68750000000      0.143167874585E-02   4.58311918931     -0.120992928489E-04   34.4682698963       9.16623837862       1.36615680284       1.07974052717       2.13722185931    
   3.71875000000      0.142668782645E-02   4.66488635535     -0.116687857456E-04   36.3541354548       9.32977271070       1.39076152238       1.10644780964       2.16767702333    
   3.75000000000      0.142161501752E-02   4.74799508139     -0.111876859827E-04   38.4418239047       9.49599016278       1.41563139723       1.13432751965       2.19803616452    
   3.78125000000      0.141646508276E-02   4.83236733842     -0.106582127046E-04   40.4890867301       9.66473467683       1.44070970131       1.16339957444       2.22825806267    
   3.81250000000      0.141124356554E-02   4.91791232372     -0.100831775820E-04   42.4391924864       9.83582464743       1.46594042224       1.19367857234       2.25829332915    
   3.84375000000      0.140595644068E-02   5.00453216733     -0.946596201728E-05   44.3887351932       10.0090643347       1.49127108171       1.22517360475       2.28808748087    
   3.87500000000      0.140060971898E-02   5.09212841055     -0.881073466024E-05   46.0662250525       10.1842568211       1.51665684645       1.25788775350       2.31758381061    
   3.90625000000      0.139520902716E-02   5.18060888919     -0.812281706021E-05   47.5014343547       10.3612177784       1.54206582633       1.29181759185       2.34672547102    
   3.93750000000      0.138975919962E-02   5.26989441996     -0.740901586523E-05   48.7696043326       10.5397888399       1.56748489471       1.32695314081       2.37545638445    
   3.96875000000      0.138426392957E-02   5.35992451703     -0.667771696983E-05   49.8048825661       10.7198490340       1.59292491331       1.36327861641       2.40372098731    
   4.00000000000      0.137872552980E-02   5.45066130852     -0.593858850118E-05   50.7472993508       10.9013226170       1.61842404880       1.40077395199       2.43146330773    
   4.03125000000      0.137314484873E-02   5.54209091046     -0.520184750697E-05   53.9307988937       11.0841818209       1.64404796990       1.43941666210       2.45862627846    
   4.06250000000      0.136752137131E-02   5.63422177179     -0.447717622429E-05   57.2865447043       11.2684435436       1.66988607248       1.47918336667       2.48515233264    
   4.09375000000      0.136185350797E-02   5.72707993892     -0.377248958835E-05   60.6782015295       11.4541598778       1.69604343562       1.52005038049       2.51098612282    
   4.12500000000      0.135613903954E-02   5.82070176470     -0.309282116498E-05   64.1736256655       11.6414035294       1.72262891807       1.56199317814       2.53607966849    
   4.15625000000      0.135037564987E-02   5.91512518406     -0.243958766724E-05   67.1636645087       11.8302503681       1.74974060718       1.60498506994       2.56039950694    
   4.18750000000      0.134456145167E-02   6.01038109856     -0.181041438161E-05   70.1128023353       12.0207621971       1.77745062327       1.64899577934       2.58393469595    
   4.21875000000      0.133869541011E-02   6.10648644012     -0.119958437151E-05   72.3536685473       12.2129728802       1.80579187496       1.69399056738       2.60670399778    
   4.25000000000      0.133277759639E-02   6.20344001882     -0.599054758886E-06   74.2496539401       12.4068800376       1.83474952408       1.73993007677       2.62876041798    
   4.28125000000      0.132680925554E-02   6.30122141522      0.108587629191E-09   75.5273552800       12.6024428304       1.86425946328       1.78677038864       2.65019156331    
   4.31250000000      0.132079272646E-02   6.39979229277      0.606088425954E-06   76.5381470281       12.7995845855       1.89421498046       1.83446228933       2.67111502298    
   4.34375000000      0.131473128389E-02   6.49909898771      0.122471471015E-05   77.2247864175       12.9981979754       1.92448113891       1.88294878741       2.69166906138    
   4.37500000000      0.130862896767E-02   6.59907530573      0.185816933427E-05   77.9163204950       13.1981506115       1.95491460634       1.93216059483       2.71200010456    
   4.40625000000      0.130249043230E-02   6.69964498668      0.250425989414E-05   78.5230943138       13.3992899734       1.98538522531       1.98201031179       2.73224944958    
   4.43750000000      0.129632081442E-02   6.80072387269      0.315652741870E-05   79.2312051045       13.6014477454       2.01579501715       2.03238688893       2.75254196661    
   4.46875000000      0.129012560382E-02   6.90222202072      0.380546128112E-05   80.0461908639       13.8044440414       2.04609082923       2.08315207674       2.77297911475    
   4.50000000000      0.128391051932E-02   7.00404573541      0.444103022816E-05   80.7563118260       14.0080914708       2.07626839495       2.13413986589       2.79363747457    
   4.53125000000      0.127768141970E-02   7.10609902864      0.505647127456E-05   81.5578090006       14.2121980573       2.10636771293       2.18515872928       2.81457258643    
   4.56250000000      0.127144429562E-02   7.20828375324      0.565277501122E-05   83.6341423433       14.4165675065       2.13646166170       2.23599546491       2.83582662663    
   4.59375000000      0.126520537535E-02   7.31049787025      0.624275141652E-05   85.0620987622       14.6209957405       2.16664098496       2.28641918467       2.85743770062    
   4.62500000000      0.125897133879E-02   7.41263194313      0.685328387614E-05   87.0618455691       14.8252638863       2.19699890009       2.33618461694       2.87944842610    
   4.65625000000      0.125274958700E-02   7.51456472102      0.752462472983E-05   88.7418735426       15.0291294420       2.22761776709       2.38503501001       2.90191194392    
   4.68750000000      0.124654848053E-02   7.61615923253      0.830632885235E-05   90.0313476760       15.2323184650       2.25855902939       2.43270591001       2.92489429312    
   4.71875000000      0.124037745273E-02   7.71726092898      0.925037809756E-05   92.3191513989       15.4345218579       2.28985656411       2.47893143865       2.94847292622    
   4.75000000000      0.123424692708E-02   7.81769903764      0.104028415720E-04   94.1158226892       15.6353980753       2.32151298105       2.52345426082       2.97273179577    
   4.78125000000      0.122816801358E-02   7.91729153683      0.117957701112E-04   95.5183077380       15.8345830736       2.35349828525       2.56603941087       2.99775384071    
   4.81250000000      0.122215201253E-02   8.01585328693      0.134408792653E-04   97.5242903893       16.0317065738       2.38575045033       2.60649092995       3.02361190666    
   4.84375000000      0.121620979885E-02   8.11320611787      0.153260767311E-04   99.0062043570       16.2264122357       2.41817760809       2.64466925154       3.05035925824    
   4.87500000000      0.121035118351E-02   8.20918929263      0.174152681240E-04   99.5401356572       16.4183785852       2.45066163970       2.68050672830       3.07802092463    
   4.90625000000      0.120458434575E-02   8.30366880884      0.196513160313E-04   102.101904741       16.6073376177       2.48306299407       2.71401872830       3.10658708647    
   4.93750000000      0.119891540662E-02   8.39654438554      0.219616142803E-04   106.550135626       16.7930887711       2.51522665054       2.74530830228       3.13600943272    
   4.96875000000      0.119334818094E-02   8.48775352557      0.242654810731E-04   111.853539560       16.9755070511       2.54698929637       2.77456339307       3.16620083613    
   5.00000000000      0.118788411374E-02   8.57727255740      0.264824623048E-04   116.162418052       17.1545451148       2.57818787296       2.80204673264       3.19703795181    
