   0.00000000000       2597.67451880       3028461.89243     -0.763247328363E-10   8208.81506250       6056923.78486       1241087.41671       1241087.41671       546287.059015    
  0.500000000000E-04   2597.66585720       3028430.22253     -0.756326139243E-10   8208.77225294       6056860.44506       1241074.80032       1241074.80032       546280.621888    
  0.100000000000E-03   2597.65728057       3028398.61880     -0.762910939909E-10   8208.72955401       6056797.23760       1241062.22017       1241062.22017       546274.178462    
  0.150000000000E-03   2597.64878887       3028367.08136     -0.763432805429E-10   8208.68696589       6056734.16271       1241049.67630       1241049.67630       546267.728765    
  0.200000000000E-03   2597.64038203       3028335.61031     -0.759799992452E-10   8208.64448872       6056671.22063       1241037.16874       1241037.16874       546261.272825    
  0.250000000000E-03   2597.63206000       3028304.20578     -0.759885892570E-10   8208.60212268       6056608.41156       1241024.69756       1241024.69756       546254.810670    
  0.300000000000E-03   2597.62382272       3028272.86786     -0.755100395493E-10   8208.55986791       6056545.73573       1241012.26277       1241012.26277       546248.342328    
  0.350000000000E-03   2597.61567012       3028241.59666     -0.766346297893E-10   8208.51772458       6056483.19333       1240999.86442       1240999.86442       546241.867828    
  0.400000000000E-03   2597.60760212       3028210.39228     -0.766559869619E-10   8208.47569284       6056420.78455       1240987.50254       1240987.50254       546235.387199    
  0.450000000000E-03   2597.59961864       3028179.25479     -0.761241179066E-10   8208.43377285       6056358.50958       1240975.17716       1240975.17716       546228.900470    
  0.500000000000E-03   2597.59171958       3028148.18429     -0.768668973102E-10   8208.39196477       6056296.36858       1240962.88831       1240962.88831       546222.407670    
  0.550000000000E-03   2597.58390486       3028117.18086     -0.761853462210E-10   8208.35026874       6056234.36172       1240950.63602       1240950.63602       546215.908827    
  0.600000000000E-03   2597.57617436       3028086.24457     -0.760557591832E-10   8208.30868492       6056172.48914       1240938.42030       1240938.42030       546209.403972    
  0.650000000000E-03   2597.56852798       3028055.37549     -0.763188856814E-10   8208.26721346       6056110.75099       1240926.24118       1240926.24118       546202.893135    
  0.700000000000E-03   2597.56096560       3028024.57369     -0.764366531910E-10   8208.22585450       6056049.14739       1240914.09868       1240914.09868       546196.376344    
  0.750000000000E-03   2597.55348711       3027993.83923     -0.762788791574E-10   8208.18460820       6055987.67846       1240901.99280       1240901.99280       546189.853630    
  0.800000000000E-03   2597.54609236       3027963.17216     -0.766892829385E-10   8208.14347471       6055926.34432       1240889.92357       1240889.92357       546183.325024    
  0.850000000000E-03   2597.53878122       3027932.57253     -0.766550821553E-10   8208.10245415       6055865.14506       1240877.89099       1240877.89099       546176.790556    
  0.900000000000E-03   2597.53155355       3027902.04039     -0.767288055000E-10   8208.06154669       6055804.08077       1240865.89507       1240865.89507       546170.250255    
  0.950000000000E-03   2597.52440920       3027871.57577     -0.761511469109E-10   8208.02075246       6055743.15153       1240853.93581       1240853.93581       546163.704154    
  0.100000000000E-02   2597.51734802       3027841.17870     -0.764445521070E-10   8207.98007160       6055682.35741       1240842.01321       1240842.01321       546157.152283    
  0.105000000000E-02   2597.51036984       3027810.84923     -0.763092662671E-10   8207.93950426       6055621.69846       1240830.12728       1240830.12728       546150.594673    
  0.110000000000E-02   2597.50347448       3027780.58736     -0.763106884176E-10   8207.89905056       6055561.17472       1240818.27800       1240818.27800       546144.031356    
  0.115000000000E-02   2597.49666178       3027750.39312     -0.765514732174E-10   8207.85871064       6055500.78624       1240806.46538       1240806.46538       546137.462363    
  0.120000000000E-02   2597.48993156       3027720.26652     -0.767561943671E-10   8207.81848465       6055440.53304       1240794.68940       1240794.68940       546130.887726    
  0.125000000000E-02   2597.48328361       3027690.20756     -0.768015952137E-10   8207.77837270       6055380.41513       1240782.95004       1240782.95004       546124.307477    
  0.130000000000E-02   2597.47671774       3027660.21626     -0.765050510278E-10   8207.73837494       6055320.43251       1240771.24730       1240771.24730       546117.721648    
  0.135000000000E-02   2597.47023376       3027630.29259     -0.774408194253E-10   8207.69849148       6055260.58518       1240759.58116       1240759.58116       546111.130272    
  0.140000000000E-02   2597.46383144       3027600.43656     -0.777543444347E-10   8207.65872247       6055200.87312       1240747.95159       1240747.95159       546104.533380    
  0.145000000000E-02   2597.45751058       3027570.64815     -0.779863185197E-10   8207.61906802       6055141.29630       1240736.35857       1240736.35857       546097.931007    
  0.150000000000E-02   2597.45127094       3027540.92734     -0.779230846642E-10   8207.57952826       6055081.85468       1240724.80208       1240724.80208       546091.323185    
  0.155000000000E-02   2597.44511229       3027511.27410     -0.775350686958E-10   8207.54010331       6055022.54821       1240713.28208       1240713.28208       546084.709947    
  0.160000000000E-02   2597.43903441       3027481.68841     -0.781000172896E-10   8207.50079330       6054963.37682       1240701.79854       1240701.79854       546078.091327    
  0.165000000000E-02   2597.43303704       3027452.17022     -0.777075412912E-10   8207.46159833       6054904.34044       1240690.35143       1240690.35143       546071.467358    
  0.170000000000E-02   2597.42711993       3027422.71949     -0.775211010869E-10   8207.42251853       6054845.43899       1240678.94071       1240678.94071       546064.838074    
  0.175000000000E-02   2597.42128282       3027393.33618     -0.775089327420E-10   8207.38355402       6054786.67236       1240667.56634       1240667.56634       546058.203510    
  0.180000000000E-02   2597.41552545       3027364.02023     -0.776205849219E-10   8207.34470490       6054728.04046       1240656.22827       1240656.22827       546051.563700    
  0.185000000000E-02   2597.40984755       3027334.77158     -0.777137328539E-10   8207.30597128       6054669.54317       1240644.92645       1240644.92645       546044.918678    
  0.190000000000E-02   2597.40424883       3027305.59017     -0.769945307970E-10   8207.26735329       6054611.18035       1240633.66085       1240633.66085       546038.268479    
  0.195000000000E-02   2597.39872901       3027276.47593     -0.773315365160E-10   8207.22885101       6054552.95186       1240622.43140       1240622.43140       546031.613139    
  0.200000000000E-02   2597.39328780       3027247.42878     -0.776505670736E-10   8207.19046457       6054494.85755       1240611.23804       1240611.23804       546024.952692    
  0.205000000000E-02   2597.38792490       3027218.44863     -0.777045869301E-10   8207.15219406       6054436.89727       1240600.08073       1240600.08073       546018.287174    
  0.210000000000E-02   2597.38264000       3027189.53541     -0.773021338272E-10   8207.11403958       6054379.07082       1240588.95940       1240588.95940       546011.616621    
  0.215000000000E-02   2597.37743278       3027160.68902     -0.774404259929E-10   8207.07600124       6054321.37804       1240577.87397       1240577.87397       546004.941069    
  0.220000000000E-02   2597.37230293       3027131.90936     -0.775107419138E-10   8207.03807913       6054263.81871       1240566.82440       1240566.82440       545998.260554    
  0.225000000000E-02   2597.36725012       3027103.19632     -0.770749244567E-10   8207.00027335       6054206.39264       1240555.81060       1240555.81060       545991.575113    
  0.230000000000E-02   2597.36227401       3027074.54980     -0.774255345108E-10   8206.96258398       6054149.09959       1240544.83251       1240544.83251       545984.884782    
  0.235000000000E-02   2597.35737427       3027045.96968     -0.772426289860E-10   8206.92501113       6054091.93935       1240533.89004       1240533.89004       545978.189599    
  0.240000000000E-02   2597.35255055       3027017.45583     -0.764640494036E-10   8206.88755487       6054034.91166       1240522.98312       1240522.98312       545971.489601    
  0.245000000000E-02   2597.34780249       3026989.00814     -0.766780095542E-10   8206.85021530       6053978.01628       1240512.11166       1240512.11166       545964.784825    
  0.250000000000E-02   2597.34312972       3026960.62646     -0.763791671122E-10   8206.81299250       6053921.25293       1240501.27558       1240501.27558       545958.075310    
  0.255000000000E-02   2597.33853189       3026932.31067     -0.770126462678E-10   8206.77588656       6053864.62133       1240490.47479       1240490.47479       545951.361092    
  0.260000000000E-02   2597.33400862       3026904.06061     -0.771685920730E-10   8206.73889755       6053808.12121       1240479.70920       1240479.70920       545944.642212    
  0.265000000000E-02   2597.32955952       3026875.87613     -0.775792836115E-10   8206.70202554       6053751.75226       1240468.97871       1240468.97871       545937.918707    
  0.270000000000E-02   2597.32518421       3026847.75708     -0.784792964316E-10   8206.66527063       6053695.51416       1240458.28323       1240458.28323       545931.190617    
  0.275000000000E-02   2597.32088229       3026819.70330     -0.785275134501E-10   8206.62863287       6053639.40659       1240447.62266       1240447.62266       545924.457981    
  0.280000000000E-02   2597.31665335       3026791.71461     -0.791445227565E-10   8206.59211235       6053583.42923       1240436.99689       1240436.99689       545917.720837    
  0.285000000000E-02   2597.31249700       3026763.79086     -0.782798223486E-10   8206.55570912       6053527.58171       1240426.40581       1240426.40581       545910.979227    
  0.290000000000E-02   2597.30841281       3026735.93185     -0.791841084110E-10   8206.51942326       6053471.86369       1240415.84933       1240415.84933       545904.233191    
  0.295000000000E-02   2597.30440036       3026708.13740     -0.791440407837E-10   8206.48325483       6053416.27480       1240405.32732       1240405.32732       545897.482768    
  0.300000000000E-02   2597.30045922       3026680.40732     -0.795876831939E-10   8206.44720389       6053360.81465       1240394.83966       1240394.83966       545890.728000    
  0.305000000000E-02   2597.29658896       3026652.74143     -0.796427815377E-10   8206.41127049       6053305.48285       1240384.38625       1240384.38625       545883.968927    
  0.310000000000E-02   2597.29278913       3026625.13950     -0.801792595864E-10   8206.37545471       6053250.27900       1240373.96695       1240373.96695       545877.205591    
  0.315000000000E-02   2597.28905929       3026597.60134     -0.796718455598E-10   8206.33975658       6053195.20268       1240363.58165       1240363.58165       545870.438035    
  0.320000000000E-02   2597.28539898       3026570.12674     -0.796629681031E-10   8206.30417617       6053140.25347       1240353.23022       1240353.23022       545863.666299    
  0.325000000000E-02   2597.28180773       3026542.71547     -0.799360082716E-10   8206.26871352       6053085.43093       1240342.91252       1240342.91252       545856.890427    
  0.330000000000E-02   2597.27828508       3026515.36731     -0.798834892591E-10   8206.23336868       6053030.73461       1240332.62842       1240332.62842       545850.110460    
  0.335000000000E-02   2597.27483055       3026488.08202     -0.797848708004E-10   8206.19814169       6052976.16405       1240322.37779       1240322.37779       545843.326443    
  0.340000000000E-02   2597.27144367       3026460.85939     -0.798119836364E-10   8206.16303259       6052921.71877       1240312.16048       1240312.16048       545836.538419    
  0.345000000000E-02   2597.26812393       3026433.69915     -0.797185289989E-10   8206.12804143       6052867.39830       1240301.97636       1240301.97636       545829.746431    
  0.350000000000E-02   2597.26487085       3026406.60107     -0.801166976787E-10   8206.09316824       6052813.20214       1240291.82527       1240291.82527       545822.950523    
  0.355000000000E-02   2597.26168393       3026379.56489     -0.801914007322E-10   8206.05841305       6052759.12979       1240281.70708       1240281.70708       545816.150741    
  0.360000000000E-02   2597.25856265       3026352.59036     -0.808625393030E-10   8206.02377590       6052705.18072       1240271.62161       1240271.62161       545809.347129    
  0.365000000000E-02   2597.25550651       3026325.67720     -0.811362343736E-10   8205.98925682       6052651.35441       1240261.56874       1240261.56874       545802.539732    
  0.370000000000E-02   2597.25251498       3026298.82516     -0.817417149661E-10   8205.95485582       6052597.65032       1240251.54828       1240251.54828       545795.728597    
  0.375000000000E-02   2597.24958754       3026272.03395     -0.808242307971E-10   8205.92057294       6052544.06790       1240241.56009       1240241.56009       545788.913768    
  0.380000000000E-02   2597.24672365       3026245.30329     -0.811276846509E-10   8205.88640819       6052490.60659       1240231.60400       1240231.60400       545782.095293    
  0.385000000000E-02   2597.24392277       3026218.63291     -0.811551101885E-10   8205.85236160       6052437.26581       1240221.67984       1240221.67984       545775.273219    
  0.390000000000E-02   2597.24118437       3026192.02250     -0.809448045463E-10   8205.81843318       6052384.04499       1240211.78745       1240211.78745       545768.447592    
  0.395000000000E-02   2597.23850788       3026165.47176     -0.809730886197E-10   8205.78462294       6052330.94353       1240201.92665       1240201.92665       545761.618460    
  0.400000000000E-02   2597.23589275       3026138.98041     -0.812147589212E-10   8205.75093089       6052277.96082       1240192.09727       1240192.09727       545754.785872    
  0.405000000000E-02   2597.23333842       3026112.54813     -0.813245790680E-10   8205.71735704       6052225.09626       1240182.29913       1240182.29913       545747.949877    
  0.410000000000E-02   2597.23084431       3026086.17460     -0.817119208117E-10   8205.68390140       6052172.34920       1240172.53204       1240172.53204       545741.110522    
  0.415000000000E-02   2597.22840985       3026059.85951     -0.821448794157E-10   8205.65056396       6052119.71903       1240162.79583       1240162.79583       545734.267858    
  0.420000000000E-02   2597.22603446       3026033.60254     -0.823425420603E-10   8205.61734473       6052067.20508       1240153.09030       1240153.09030       545727.421934    
  0.425000000000E-02   2597.22371755       3026007.40335     -0.829024337853E-10   8205.58424371       6052014.80670       1240143.41527       1240143.41527       545720.572801    
  0.430000000000E-02   2597.22145853       3025981.26161     -0.835557476929E-10   8205.55126088       6051962.52322       1240133.77055       1240133.77055       545713.720510    
  0.435000000000E-02   2597.21925680       3025955.17698     -0.831545346098E-10   8205.51839624       6051910.35397       1240124.15594       1240124.15594       545706.865111    
  0.440000000000E-02   2597.21711175       3025929.14913     -0.835013730710E-10   8205.48564977       6051858.29825       1240114.57123       1240114.57123       545700.006657    
  0.445000000000E-02   2597.21502278       3025903.17769     -0.832094644262E-10   8205.45302146       6051806.35537       1240105.01624       1240105.01624       545693.145200    
  0.450000000000E-02   2597.21298926       3025877.26231     -0.834737976059E-10   8205.42051130       6051754.52461       1240095.49076       1240095.49076       545686.280792    
  0.455000000000E-02   2597.21101057       3025851.40263     -0.841289152075E-10   8205.38811927       6051702.80527       1240085.99457       1240085.99457       545679.413487    
  0.460000000000E-02   2597.20908609       3025825.59830     -0.852353421887E-10   8205.35584533       6051651.19660       1240076.52748       1240076.52748       545672.543339    
  0.465000000000E-02   2597.20721518       3025799.84893     -0.855096534182E-10   8205.32368947       6051599.69786       1240067.08927       1240067.08927       545665.670401    
  0.470000000000E-02   2597.20539722       3025774.15416     -0.856221136345E-10   8205.29165166       6051548.30832       1240057.67972       1240057.67972       545658.794729    
  0.475000000000E-02   2597.20363154       3025748.51360     -0.853764968413E-10   8205.25973186       6051497.02721       1240048.29861       1240048.29861       545651.916378    
  0.480000000000E-02   2597.20191750       3025722.92688     -0.843865365159E-10   8205.22793004       6051445.85376       1240038.94574       1240038.94574       545645.035404    
  0.485000000000E-02   2597.20025446       3025697.39360     -0.846951863958E-10   8205.19624617       6051394.78720       1240029.62087       1240029.62087       545638.151863    
  0.490000000000E-02   2597.19864174       3025671.91337     -0.847688531248E-10   8205.16468020       6051343.82674       1240020.32378       1240020.32378       545631.265812    
  0.495000000000E-02   2597.19707869       3025646.48579     -0.850986230302E-10   8205.13323209       6051292.97158       1240011.05424       1240011.05424       545624.377309    
  0.500000000000E-02   2597.19556463       3025621.11046     -0.845280848109E-10   8205.10190180       6051242.22092       1240001.81202       1240001.81202       545617.486412    
  0.505000000000E-02   2597.19409890       3025595.78697     -0.851984400219E-10   8205.07068928       6051191.57394       1239992.59690       1239992.59690       545610.593180    
  0.510000000000E-02   2597.19268080       3025570.51491     -0.852105149797E-10   8205.03959447       6051141.02982       1239983.40862       1239983.40862       545603.697671    
  0.515000000000E-02   2597.19130967       3025545.29387     -0.857355625695E-10   8205.00861732       6051090.58774       1239974.24696       1239974.24696       545596.799946    
  0.520000000000E-02   2597.18998480       3025520.12342     -0.851534427696E-10   8204.97775778       6051040.24685       1239965.11168       1239965.11168       545589.900066    
  0.525000000000E-02   2597.18870551       3025495.00315     -0.851130449799E-10   8204.94701578       6050990.00629       1239956.00253       1239956.00253       545582.998091    
  0.530000000000E-02   2597.18747109       3025469.93261     -0.856745472313E-10   8204.91639126       6050939.86522       1239946.91926       1239946.91926       545576.094084    
  0.535000000000E-02   2597.18628085       3025444.91139     -0.857567722897E-10   8204.88588416       6050889.82277       1239937.86164       1239937.86164       545569.188106    
  0.540000000000E-02   2597.18513407       3025419.93904     -0.858177242190E-10   8204.85549441       6050839.87807       1239928.82941       1239928.82941       545562.280222    
  0.545000000000E-02   2597.18403005       3025395.01512     -0.861187175869E-10   8204.82522194       6050790.03023       1239919.82231       1239919.82231       545555.370494    
  0.550000000000E-02   2597.18296807       3025370.13919     -0.855045359043E-10   8204.79506666       6050740.27837       1239910.84010       1239910.84010       545548.458987    
  0.555000000000E-02   2597.18194741       3025345.31080     -0.863114188462E-10   8204.76502851       6050690.62159       1239901.88252       1239901.88252       545541.545766    
  0.560000000000E-02   2597.18096734       3025320.52950     -0.860477696795E-10   8204.73510741       6050641.05899       1239892.94930       1239892.94930       545534.630897    
  0.565000000000E-02   2597.18002714       3025295.79483     -0.863924700618E-10   8204.70530327       6050591.58965       1239884.04019       1239884.04019       545527.714446    
  0.570000000000E-02   2597.17912607       3025271.10633     -0.855478769709E-10   8204.67561600       6050542.21266       1239875.15493       1239875.15493       545520.796481    
  0.575000000000E-02   2597.17826340       3025246.46355     -0.856979495209E-10   8204.64604552       6050492.92710       1239866.29324       1239866.29324       545513.877070    
  0.580000000000E-02   2597.17743839       3025221.86601     -0.853033211923E-10   8204.61659174       6050443.73202       1239857.45487       1239857.45487       545506.956281    
  0.585000000000E-02   2597.17665029       3025197.31325     -0.857363156233E-10   8204.58725457       6050394.62650       1239848.63953       1239848.63953       545500.034183    
  0.590000000000E-02   2597.17589836       3025172.80480     -0.851445446732E-10   8204.55803389       6050345.60959       1239839.84697       1239839.84697       545493.110848    
  0.595000000000E-02   2597.17518185       3025148.34017     -0.863366112950E-10   8204.52892963       6050296.68034       1239831.07691       1239831.07691       545486.186345    
  0.600000000000E-02   2597.17450000       3025123.91889     -0.855867363429E-10   8204.49994166       6050247.83779       1239822.32907       1239822.32907       545479.260746    
  0.605000000000E-02   2597.17385206       3025099.54049     -0.844787487069E-10   8204.47106990       6050199.08097       1239813.60318       1239813.60318       545472.334125    
  0.610000000000E-02   2597.17323726       3025075.20446     -0.851894481217E-10   8204.44231422       6050150.40893       1239804.89896       1239804.89896       545465.406553    
  0.615000000000E-02   2597.17265484       3025050.91034     -0.856445866917E-10   8204.41367452       6050101.82068       1239796.21612       1239796.21612       545458.478106    
  0.620000000000E-02   2597.17210404       3025026.65763     -0.854515750838E-10   8204.38515069       6050053.31525       1239787.55438       1239787.55438       545451.548858    
  0.625000000000E-02   2597.17158408       3025002.44583     -0.850903167947E-10   8204.35674260       6050004.89166       1239778.91347       1239778.91347       545444.618885    
  0.630000000000E-02   2597.17109420       3024978.27446     -0.843401319455E-10   8204.32845015       6049956.54891       1239770.29310       1239770.29310       545437.688264    
  0.635000000000E-02   2597.17063362       3024954.14301     -0.843357723431E-10   8204.30027320       6049908.28602       1239761.69297       1239761.69297       545430.757072    
  0.640000000000E-02   2597.17020155       3024930.05099     -0.852389890366E-10   8204.27221163       6049860.10197       1239753.11280       1239753.11280       545423.825386    
  0.645000000000E-02   2597.16979723       3024905.99789     -0.851569096466E-10   8204.24426531       6049811.99579       1239744.55230       1239744.55230       545416.893288    
  0.650000000000E-02   2597.16941987       3024881.98322     -0.848946815090E-10   8204.21643412       6049763.96645       1239736.01118       1239736.01118       545409.960856    
  0.655000000000E-02   2597.16906868       3024858.00647     -0.846167423400E-10   8204.18871792       6049716.01295       1239727.48915       1239727.48915       545403.028171    
  0.660000000000E-02   2597.16874288       3024834.06714     -0.854562394240E-10   8204.16111658       6049668.13427       1239718.98591       1239718.98591       545396.095316    
  0.665000000000E-02   2597.16844167       3024810.16470     -0.859822897712E-10   8204.13362995       6049620.32941       1239710.50117       1239710.50117       545389.162373    
  0.670000000000E-02   2597.16816428       3024786.29867     -0.859426981545E-10   8204.10625790       6049572.59733       1239702.03462       1239702.03462       545382.229426    
  0.675000000000E-02   2597.16790990       3024762.46851     -0.859956663391E-10   8204.07900028       6049524.93703       1239693.58598       1239693.58598       545375.296559    
  0.680000000000E-02   2597.16767774       3024738.67373     -0.865937175065E-10   8204.05185694       6049477.34747       1239685.15494       1239685.15494       545368.363858    
  0.685000000000E-02   2597.16746701       3024714.91381     -0.865808236737E-10   8204.02482775       6049429.82763       1239676.74120       1239676.74120       545361.431411    
  0.690000000000E-02   2597.16727691       3024691.18824     -0.870706431285E-10   8203.99791254       6049382.37648       1239668.34447       1239668.34447       545354.499303    
  0.695000000000E-02   2597.16710665       3024667.49650     -0.868422464431E-10   8203.97111116       6049334.99299       1239659.96444       1239659.96444       545347.567625    
  0.700000000000E-02   2597.16695541       3024643.83807     -0.877507448520E-10   8203.94442345       6049287.67614       1239651.60080       1239651.60080       545340.636465    
  0.705000000000E-02   2597.16682241       3024620.21244     -0.878380202572E-10   8203.91784926       6049240.42488       1239643.25326       1239643.25326       545333.705913    
  0.710000000000E-02   2597.16670684       3024596.61909     -0.885938192789E-10   8203.89138842       6049193.23818       1239634.92151       1239634.92151       545326.776063    
  0.715000000000E-02   2597.16660789       3024573.05751     -0.897892194039E-10   8203.86504078       6049146.11502       1239626.60525       1239626.60525       545319.847006    
  0.720000000000E-02   2597.16652478       3024549.52717     -0.891559568592E-10   8203.83880615       6049099.05435       1239618.30417       1239618.30417       545312.918835    
  0.725000000000E-02   2597.16645669       3024526.02757     -0.896198943363E-10   8203.81268438       6049052.05514       1239610.01796       1239610.01796       545305.991646    
  0.730000000000E-02   2597.16640282       3024502.55818     -0.891533659557E-10   8203.78667529       6049005.11635       1239601.74632       1239601.74632       545299.065535    
  0.735000000000E-02   2597.16636237       3024479.11848     -0.896963930251E-10   8203.76077871       6048958.23696       1239593.48894       1239593.48894       545292.140598    
  0.740000000000E-02   2597.16633453       3024455.70797     -0.897081953374E-10   8203.73499446       6048911.41594       1239585.24552       1239585.24552       545285.216933    
  0.745000000000E-02   2597.16631850       3024432.32612     -0.899921869956E-10   8203.70932236       6048864.65224       1239577.01574       1239577.01574       545278.294640    
  0.750000000000E-02   2597.16631348       3024408.97242     -0.901906219327E-10   8203.68376223       6048817.94483       1239568.79930       1239568.79930       545271.373818    
  0.755000000000E-02   2597.16631866       3024385.64635     -0.899218620961E-10   8203.65831389       6048771.29270       1239560.59589       1239560.59589       545264.454569    
  0.760000000000E-02   2597.16633325       3024362.34740     -0.895930756731E-10   8203.63297715       6048724.69481       1239552.40521       1239552.40521       545257.536995    
  0.765000000000E-02   2597.16635643       3024339.07507     -0.895361381997E-10   8203.60775182       6048678.15014       1239544.22693       1239544.22693       545250.621199    
  0.770000000000E-02   2597.16638742       3024315.82883     -0.891756455903E-10   8203.58263772       6048631.65766       1239536.06077       1239536.06077       545243.707288    
  0.775000000000E-02   2597.16642540       3024292.60818     -0.891894959436E-10   8203.55763464       6048585.21636       1239527.90641       1239527.90641       545236.795366    
  0.780000000000E-02   2597.16646959       3024269.41261     -0.895568869867E-10   8203.53274240       6048538.82522       1239519.76354       1239519.76354       545229.885540    
  0.785000000000E-02   2597.16651917       3024246.24162     -0.889582187422E-10   8203.50796079       6048492.48323       1239511.63185       1239511.63185       545222.977919    
  0.790000000000E-02   2597.16657337       3024223.09469     -0.895387285129E-10   8203.48328963       6048446.18938       1239503.51104       1239503.51104       545216.072613    
  0.795000000000E-02   2597.16663138       3024199.97133     -0.898793750226E-10   8203.45872870       6048399.94267       1239495.40080       1239495.40080       545209.169731    
  0.800000000000E-02   2597.16669241       3024176.87105     -0.896451812513E-10   8203.43427780       6048353.74209       1239487.30083       1239487.30083       545202.269386    
  0.805000000000E-02   2597.16675566       3024153.79333     -0.899331933836E-10   8203.40993673       6048307.58666       1239479.21082       1239479.21082       545195.371691    
  0.810000000000E-02   2597.16682036       3024130.73769     -0.896657995139E-10   8203.38570527       6048261.47538       1239471.13046       1239471.13046       545188.476760    
  0.815000000000E-02   2597.16688571       3024107.70363     -0.895914640871E-10   8203.36158323       6048215.40726       1239463.05946       1239463.05946       545181.584708    
  0.820000000000E-02   2597.16695093       3024084.69067     -0.892988728388E-10   8203.33757038       6048169.38134       1239454.99751       1239454.99751       545174.695654    
  0.825000000000E-02   2597.16701523       3024061.69831     -0.901304076742E-10   8203.31366651       6048123.39663       1239446.94430       1239446.94430       545167.809713    
  0.830000000000E-02   2597.16707784       3024038.72609     -0.903146598281E-10   8203.28987141       6048077.45217       1239438.89954       1239438.89954       545160.927007    
  0.835000000000E-02   2597.16713799       3024015.77350     -0.903592697830E-10   8203.26618486       6048031.54701       1239430.86292       1239430.86292       545154.047655    
  0.840000000000E-02   2597.16719489       3023992.84009     -0.907779721703E-10   8203.24260664       6047985.68018       1239422.83416       1239422.83416       545147.171780    
  0.845000000000E-02   2597.16724778       3023969.92538     -0.910562408360E-10   8203.21913652       6047939.85075       1239414.81294       1239414.81294       545140.299504    
  0.850000000000E-02   2597.16729589       3023947.02889     -0.915471624086E-10   8203.19577429       6047894.05778       1239406.79897       1239406.79897       545133.430952    
  0.855000000000E-02   2597.16733845       3023924.15017     -0.914995763034E-10   8203.17251972       6047848.30034       1239398.79196       1239398.79196       545126.566250    
  0.860000000000E-02   2597.16737472       3023901.28876     -0.912605883511E-10   8203.14937257       6047802.57752       1239390.79162       1239390.79162       545119.705524    
  0.865000000000E-02   2597.16740392       3023878.44419     -0.921542881813E-10   8203.12633263       6047756.88839       1239382.79764       1239382.79764       545112.848904    
  0.870000000000E-02   2597.16742532       3023855.61603     -0.916387842142E-10   8203.10339966       6047711.23206       1239374.80975       1239374.80975       545105.996519    
  0.875000000000E-02   2597.16743816       3023832.80382     -0.922999109165E-10   8203.08057343       6047665.60763       1239366.82766       1239366.82766       545099.148500    
  0.880000000000E-02   2597.16744169       3023810.00712     -0.915626503382E-10   8203.05785371       6047620.01423       1239358.85107       1239358.85107       545092.304979    
  0.885000000000E-02   2597.16743519       3023787.22549     -0.909571409653E-10   8203.03524025       6047574.45098       1239350.87970       1239350.87970       545085.466089    
  0.890000000000E-02   2597.16741791       3023764.45851     -0.914247498126E-10   8203.01273282       6047528.91702       1239342.91327       1239342.91327       545078.631967    
  0.895000000000E-02   2597.16738913       3023741.70575     -0.914340746493E-10   8202.99033119       6047483.41150       1239334.95150       1239334.95150       545071.802748    
  0.900000000000E-02   2597.16734812       3023718.96679     -0.915966069370E-10   8202.96803510       6047437.93358       1239326.99411       1239326.99411       545064.978570    
  0.905000000000E-02   2597.16729416       3023696.24122     -0.919545235439E-10   8202.94584433       6047392.48243       1239319.04082       1239319.04082       545058.159572    
  0.910000000000E-02   2597.16722654       3023673.52862     -0.925401386388E-10   8202.92375862       6047347.05724       1239311.09136       1239311.09136       545051.345895    
  0.915000000000E-02   2597.16714456       3023650.82860     -0.922417518674E-10   8202.90177773       6047301.65720       1239303.14546       1239303.14546       545044.537680    
  0.920000000000E-02   2597.16704750       3023628.14076     -0.929369812961E-10   8202.87990142       6047256.28152       1239295.20285       1239295.20285       545037.735070    
  0.925000000000E-02   2597.16693467       3023605.46471     -0.924164125464E-10   8202.85812944       6047210.92943       1239287.26325       1239287.26325       545030.938209    
  0.930000000000E-02   2597.16680538       3023582.80008     -0.932610119536E-10   8202.83646153       6047165.60015       1239279.32642       1239279.32642       545024.147245    
  0.935000000000E-02   2597.16665895       3023560.14647     -0.939243747881E-10   8202.81489744       6047120.29294       1239271.39207       1239271.39207       545017.362322    
  0.940000000000E-02   2597.16649469       3023537.50353     -0.940666460656E-10   8202.79343694       6047075.00707       1239263.45997       1239263.45997       545010.583591    
  0.945000000000E-02   2597.16631195       3023514.87090     -0.935372683341E-10   8202.77207975       6047029.74180       1239255.52985       1239255.52985       545003.811201    
  0.950000000000E-02   2597.16611004       3023492.24822     -0.927376347754E-10   8202.75082563       6046984.49643       1239247.60146       1239247.60146       544997.045303    
  0.955000000000E-02   2597.16588832       3023469.63514     -0.926848244158E-10   8202.72967432       6046939.27027       1239239.67454       1239239.67454       544990.286050    
  0.960000000000E-02   2597.16564614       3023447.03132     -0.931409937385E-10   8202.70862556       6046894.06264       1239231.74886       1239231.74886       544983.533596    
  0.965000000000E-02   2597.16538284       3023424.43644     -0.928568910377E-10   8202.68767910       6046848.87288       1239223.82417       1239223.82417       544976.788095    
  0.970000000000E-02   2597.16509779       3023401.85017     -0.927518934646E-10   8202.66683467       6046803.70034       1239215.90023       1239215.90023       544970.049705    
  0.975000000000E-02   2597.16479038       3023379.27219     -0.936340450662E-10   8202.64609203       6046758.54439       1239207.97681       1239207.97681       544963.318583    
  0.980000000000E-02   2597.16445996       3023356.70221     -0.927641873093E-10   8202.62545089       6046713.40442       1239200.05366       1239200.05366       544956.594889    
  0.985000000000E-02   2597.16410594       3023334.13992     -0.926702899166E-10   8202.60491101       6046668.27983       1239192.13057       1239192.13057       544949.878782    
  0.990000000000E-02   2597.16372770       3023311.58502     -0.928148716255E-10   8202.58447212       6046623.17005       1239184.20730       1239184.20730       544943.170426    
  0.995000000000E-02   2597.16332465       3023289.03725     -0.920089669593E-10   8202.56413394       6046578.07451       1239176.28364       1239176.28364       544936.469983    
  0.100000000000E-01   2597.16289621       3023266.49633     -0.914639525532E-10   8202.54389623       6046532.99267       1239168.35936       1239168.35936       544929.777617    
  0.100500000000E-01   2597.16244179       3023243.96200     -0.918947199939E-10   8202.52375871       6046487.92400       1239160.43425       1239160.43425       544923.093495    
  0.101000000000E-01   2597.16196081       3023221.43400     -0.922617534502E-10   8202.50372112       6046442.86800       1239152.50811       1239152.50811       544916.417783    
  0.101500000000E-01   2597.16145273       3023198.91209     -0.920037460964E-10   8202.48378318       6046397.82417       1239144.58072       1239144.58072       544909.750650    
  0.102000000000E-01   2597.16091698       3023176.39603     -0.921080827661E-10   8202.46394463       6046352.79206       1239136.65188       1239136.65188       544903.092265    
  0.102500000000E-01   2597.16035303       3023153.88560     -0.909337189025E-10   8202.44420520       6046307.77120       1239128.72140       1239128.72140       544896.442799    
  0.103000000000E-01   2597.15976033       3023131.38059     -0.909840325224E-10   8202.42456461       6046262.76117       1239120.78908       1239120.78908       544889.802424    
  0.103500000000E-01   2597.15913837       3023108.88078     -0.916686396997E-10   8202.40502260       6046217.76157       1239112.85473       1239112.85473       544883.171313    
  0.104000000000E-01   2597.15848662       3023086.38599     -0.918939304068E-10   8202.38557890       6046172.77198       1239104.91818       1239104.91818       544876.549642    
  0.104500000000E-01   2597.15780459       3023063.89603     -0.917255349637E-10   8202.36623323       6046127.79206       1239096.97922       1239096.97922       544869.937584    
  0.105000000000E-01   2597.15709177       3023041.41072     -0.921446471828E-10   8202.34698531       6046082.82145       1239089.03770       1239089.03770       544863.335319    
  0.105500000000E-01   2597.15634769       3023018.92991     -0.923563919010E-10   8202.32783488       6046037.85981       1239081.09344       1239081.09344       544856.743022    
  0.106000000000E-01   2597.15557186       3022996.45342     -0.923693878521E-10   8202.30878166       6045992.90685       1239073.14628       1239073.14628       544850.160875    
  0.106500000000E-01   2597.15476383       3022973.98114     -0.925203754865E-10   8202.28982537       6045947.96227       1239065.19604       1239065.19604       544843.589056    
  0.107000000000E-01   2597.15392313       3022951.51291     -0.927193785862E-10   8202.27096574       6045903.02582       1239057.24258       1239057.24258       544837.027748    
  0.107500000000E-01   2597.15304933       3022929.04862     -0.920162768689E-10   8202.25220250       6045858.09725       1239049.28575       1239049.28575       544830.477132    
  0.108000000000E-01   2597.15214199       3022906.58817     -0.919710611024E-10   8202.23353536       6045813.17634       1239041.32539       1239041.32539       544823.937393    
  0.108500000000E-01   2597.15120069       3022884.13144     -0.916873950564E-10   8202.21496404       6045768.26288       1239033.36136       1239033.36136       544817.408715    
  0.109000000000E-01   2597.15022502       3022861.67836     -0.917941018607E-10   8202.19648828       6045723.35672       1239025.39354       1239025.39354       544810.891284    
  0.109500000000E-01   2597.14921458       3022839.22884     -0.918662995932E-10   8202.17810780       6045678.45768       1239017.42178       1239017.42178       544804.385287    
  0.110000000000E-01   2597.14816898       3022816.78282     -0.912196530004E-10   8202.15982231       6045633.56565       1239009.44596       1239009.44596       544797.890910    
  0.110500000000E-01   2597.14708785       3022794.34025     -0.909122537434E-10   8202.14163153       6045588.68051       1239001.46596       1239001.46596       544791.408344    
  0.111000000000E-01   2597.14597081       3022771.90109     -0.906757164073E-10   8202.12353519       6045543.80218       1238993.48166       1238993.48166       544784.937777    
  0.111500000000E-01   2597.14481753       3022749.46530     -0.903702728740E-10   8202.10553301       6045498.93060       1238985.49295       1238985.49295       544778.479399    
  0.112000000000E-01   2597.14362765       3022727.03287     -0.909074052031E-10   8202.08762471       6045454.06574       1238977.49973       1238977.49973       544772.033404    
  0.112500000000E-01   2597.14240085       3022704.60378     -0.910997692120E-10   8202.06981000       6045409.20757       1238969.50190       1238969.50190       544765.599982    
  0.113000000000E-01   2597.14113681       3022682.17805     -0.913746881800E-10   8202.05208862       6045364.35611       1238961.49936       1238961.49936       544759.179326    
  0.113500000000E-01   2597.13983522       3022659.75570     -0.923988917749E-10   8202.03446027       6045319.51139       1238953.49203       1238953.49203       544752.771631    
  0.114000000000E-01   2597.13849580       3022637.33674     -0.923347898097E-10   8202.01692468       6045274.67348       1238945.47982       1238945.47982       544746.377092    
  0.114500000000E-01   2597.13711825       3022614.92122     -0.927883203046E-10   8201.99948157       6045229.84245       1238937.46266       1238937.46266       544739.995903    
  0.115000000000E-01   2597.13570231       3022592.50920     -0.926324724739E-10   8201.98213065       6045185.01840       1238929.44047       1238929.44047       544733.628261    
  0.115500000000E-01   2597.13424773       3022570.10074     -0.931379945431E-10   8201.96487165       6045140.20148       1238921.41319       1238921.41319       544727.274362    
  0.116000000000E-01   2597.13275426       3022547.69592     -0.927061922382E-10   8201.94770428       6045095.39183       1238913.38076       1238913.38076       544720.934405    
  0.116500000000E-01   2597.13122167       3022525.29482     -0.927776377715E-10   8201.93062827       6045050.58964       1238905.34312       1238905.34312       544714.608587    
  0.117000000000E-01   2597.12964975       3022502.89756     -0.927540267256E-10   8201.91364333       6045005.79511       1238897.30022       1238897.30022       544708.297107    
  0.117500000000E-01   2597.12803829       3022480.50423     -0.938167680495E-10   8201.89674919       6044961.00847       1238889.25204       1238889.25204       544702.000164    
  0.118000000000E-01   2597.12638709       3022458.11498     -0.938147864981E-10   8201.87994555       6044916.22997       1238881.19851       1238881.19851       544695.717957    
  0.118500000000E-01   2597.12469598       3022435.72994     -0.933707577782E-10   8201.86323214       6044871.45989       1238873.13963       1238873.13963       544689.450688    
  0.119000000000E-01   2597.12296479       3022413.34927     -0.936119466288E-10   8201.84660869       6044826.69853       1238865.07535       1238865.07535       544683.198557    
  0.119500000000E-01   2597.12119336       3022390.97311     -0.938724824107E-10   8201.83007490       6044781.94623       1238857.00567       1238857.00567       544676.961764    
  0.120000000000E-01   2597.11938157       3022368.60166     -0.940636125407E-10   8201.81363050       6044737.20333       1238848.93058       1238848.93058       544670.740512    
  0.120500000000E-01   2597.11752928       3022346.23510     -0.935569330434E-10   8201.79727521       6044692.47020       1238840.85005       1238840.85005       544664.535001    
  0.121000000000E-01   2597.11563637       3022323.87363     -0.941851895861E-10   8201.78100874       6044647.74727       1238832.76410       1238832.76410       544658.345435    
  0.121500000000E-01   2597.11370276       3022301.51747     -0.941644976350E-10   8201.76483082       6044603.03494       1238824.67273       1238824.67273       544652.172015    
  0.122000000000E-01   2597.11172835       3022279.16684     -0.943318170447E-10   8201.74874117       6044558.33367       1238816.57595       1238816.57595       544646.014943    
  0.122500000000E-01   2597.10971306       3022256.82197     -0.950749183242E-10   8201.73273951       6044513.64394       1238808.47377       1238808.47377       544639.874423    
  0.123000000000E-01   2597.10765684       3022234.48312     -0.949202832745E-10   8201.71682556       6044468.96624       1238800.36623       1238800.36623       544633.750657    
  0.123500000000E-01   2597.10555965       3022212.15055     -0.946791733809E-10   8201.70099903       6044424.30111       1238792.25335       1238792.25335       544627.643848    
  0.124000000000E-01   2597.10342144       3022189.82454     -0.949092646498E-10   8201.68525966       6044379.64909       1238784.13517       1238784.13517       544621.554199    
  0.124500000000E-01   2597.10124220       3022167.50537     -0.949526382255E-10   8201.66960715       6044335.01075       1238776.01173       1238776.01173       544615.481912    
  0.125000000000E-01   2597.09902192       3022145.19334     -0.954666747537E-10   8201.65404124       6044290.38669       1238767.88308       1238767.88308       544609.427191    
  0.125500000000E-01   2597.09676061       3022122.88877     -0.944259295922E-10   8201.63856165       6044245.77753       1238759.74926       1238759.74926       544603.390238    
  0.126000000000E-01   2597.09445829       3022100.59196     -0.938220355288E-10   8201.62316809       6044201.18393       1238751.61035       1238751.61035       544597.371255    
  0.126500000000E-01   2597.09211499       3022078.30327     -0.939791148345E-10   8201.60786029       6044156.60654       1238743.46641       1238743.46641       544591.370445    
  0.127000000000E-01   2597.08973077       3022056.02303     -0.933608534042E-10   8201.59263798       6044112.04607       1238735.31751       1238735.31751       544585.388010    
  0.127500000000E-01   2597.08730568       3022033.75161     -0.930829884226E-10   8201.57750088       6044067.50322       1238727.16373       1238727.16373       544579.424152    
  0.128000000000E-01   2597.08483979       3022011.48937     -0.936753019539E-10   8201.56244871       6044022.97874       1238719.00515       1238719.00515       544573.479072    
  0.128500000000E-01   2597.08233319       3021989.23670     -0.937261293103E-10   8201.54748119       6043978.47339       1238710.84186       1238710.84186       544567.552971    
  0.129000000000E-01   2597.07978599       3021966.99398     -0.936242623040E-10   8201.53259806       6043933.98796       1238702.67396       1238702.67396       544561.646050    
  0.129500000000E-01   2597.07719830       3021944.76163     -0.944949289757E-10   8201.51779903       6043889.52325       1238694.50156       1238694.50156       544555.758509    
  0.130000000000E-01   2597.07457025       3021922.54005     -0.942082221864E-10   8201.50308384       6043845.08010       1238686.32475       1238686.32475       544549.890547    
  0.130500000000E-01   2597.07190197       3021900.32968     -0.938799697652E-10   8201.48845221       6043800.65937       1238678.14366       1238678.14366       544544.042363    
  0.131000000000E-01   2597.06919362       3021878.13096     -0.940694541704E-10   8201.47390386       6043756.26191       1238669.95840       1238669.95840       544538.214156    
  0.131500000000E-01   2597.06644537       3021855.94432     -0.942615287015E-10   8201.45943853       6043711.88865       1238661.76910       1238661.76910       544532.406123    
  0.132000000000E-01   2597.06365739       3021833.77024     -0.947242980676E-10   8201.44505595       6043667.54048       1238653.57589       1238653.57589       544526.618461    
  0.132500000000E-01   2597.06082989       3021811.60918     -0.953656007008E-10   8201.43075583       6043623.21836       1238645.37891       1238645.37891       544520.851367    
  0.133000000000E-01   2597.05796307       3021789.46162     -0.957530875057E-10   8201.41653793       6043578.92325       1238637.17829       1238637.17829       544515.105035    
  0.133500000000E-01   2597.05505714       3021767.32806     -0.956001270705E-10   8201.40240195       6043534.65612       1238628.97420       1238628.97420       544509.379659    
  0.134000000000E-01   2597.05211233       3021745.20899     -0.958619789333E-10   8201.38834764       6043490.41798       1238620.76678       1238620.76678       544503.675434    
  0.134500000000E-01   2597.04912890       3021723.10493     -0.969443965064E-10   8201.37437472       6043446.20986       1238612.55619       1238612.55619       544497.992551    
  0.135000000000E-01   2597.04610710       3021701.01640     -0.964446961277E-10   8201.36048294       6043402.03279       1238604.34260       1238604.34260       544492.331201    
  0.135500000000E-01   2597.04304719       3021678.94392     -0.969762823841E-10   8201.34667202       6043357.88784       1238596.12617       1238596.12617       544486.691575    
  0.136000000000E-01   2597.03994946       3021656.88805     -0.964770418579E-10   8201.33294169       6043313.77610       1238587.90709       1238587.90709       544481.073862    
  0.136500000000E-01   2597.03681420       3021634.84932     -0.963139093634E-10   8201.31929170       6043269.69865       1238579.68554       1238579.68554       544475.478250    
  0.137000000000E-01   2597.03364172       3021612.82831     -0.965083899509E-10   8201.30572177       6043225.65662       1238571.46169       1238571.46169       544469.904925    
  0.137500000000E-01   2597.03043234       3021590.82558     -0.967310056187E-10   8201.29223165       6043181.65115       1238563.23575       1238563.23575       544464.354072    
  0.138000000000E-01   2597.02718639       3021568.84170     -0.965885894427E-10   8201.27882106       6043137.68339       1238555.00791       1238555.00791       544458.825875    
  0.138500000000E-01   2597.02390420       3021546.87726     -0.973301090763E-10   8201.26548976       6043093.75452       1238546.77837       1238546.77837       544453.320516    
  0.139000000000E-01   2597.02058614       3021524.93286     -0.970658648503E-10   8201.25223748       6043049.86572       1238538.54734       1238538.54734       544447.838176    
  0.139500000000E-01   2597.01723257       3021503.00910     -0.968520843927E-10   8201.23906395       6043006.01820       1238530.31503       1238530.31503       544442.379035    
  0.140000000000E-01   2597.01384385       3021481.10659     -0.974084522632E-10   8201.22596893       6042962.21318       1238522.08166       1238522.08166       544436.943270    
  0.140500000000E-01   2597.01042040       3021459.22595     -0.969333149489E-10   8201.21295214       6042918.45191       1238513.84745       1238513.84745       544431.531058    
  0.141000000000E-01   2597.00696259       3021437.36781     -0.970398203778E-10   8201.20001335       6042874.73563       1238505.61262       1238505.61262       544426.142572    
  0.141500000000E-01   2597.00347084       3021415.53280     -0.965141908756E-10   8201.18715228       6042831.06561       1238497.37741       1238497.37741       544420.777985    
  0.142000000000E-01   2596.99994557       3021393.72157     -0.963175271834E-10   8201.17436868       6042787.44313       1238489.14205       1238489.14205       544415.437469    
  0.142500000000E-01   2596.99638722       3021371.93475     -0.961453146254E-10   8201.16166231       6042743.86950       1238480.90678       1238480.90678       544410.121192    
  0.143000000000E-01   2596.99279623       3021350.17301     -0.967972250121E-10   8201.14903290       6042700.34602       1238472.67185       1238472.67185       544404.829321    
  0.143500000000E-01   2596.98917304       3021328.43701     -0.974861159577E-10   8201.13648020       6042656.87402       1238464.43750       1238464.43750       544399.562022    
  0.144000000000E-01   2596.98551812       3021306.72742     -0.969448479504E-10   8201.12400397       6042613.45484       1238456.20398       1238456.20398       544394.319457    
  0.144500000000E-01   2596.98183194       3021285.04491     -0.982062173112E-10   8201.11160396       6042570.08982       1238447.97156       1238447.97156       544389.101787    
  0.145000000000E-01   2596.97811498       3021263.39016     -0.979256600972E-10   8201.09927991       6042526.78033       1238439.74050       1238439.74050       544383.909173    
  0.145500000000E-01   2596.97436775       3021241.76387     -0.981448107378E-10   8201.08703158       6042483.52774       1238431.51105       1238431.51105       544378.741769    
  0.146000000000E-01   2596.97059073       3021220.16671     -0.982260490580E-10   8201.07485873       6042440.33342       1238423.28349       1238423.28349       544373.599732    
  0.146500000000E-01   2596.96678444       3021198.59939     -0.987691311024E-10   8201.06276110       6042397.19879       1238415.05809       1238415.05809       544368.483212    
  0.147000000000E-01   2596.96294939       3021177.06262     -0.983852458333E-10   8201.05073845       6042354.12523       1238406.83513       1238406.83513       544363.392362    
  0.147500000000E-01   2596.95908612       3021155.55709     -0.988330554414E-10   8201.03879055       6042311.11417       1238398.61488       1238398.61488       544358.327327    
  0.148000000000E-01   2596.95519517       3021134.08351     -0.987651603220E-10   8201.02691715       6042268.16703       1238390.39763       1238390.39763       544353.288254    
  0.148500000000E-01   2596.95127708       3021112.64261     -0.991198613623E-10   8201.01511801       6042225.28523       1238382.18366       1238382.18366       544348.275286    
  0.149000000000E-01   2596.94733239       3021091.23511     -0.994440395601E-10   8201.00339289       6042182.47022       1238373.97327       1238373.97327       544343.288562    
  0.149500000000E-01   2596.94336169       3021069.86172     -0.990461428025E-10   8200.99174156       6042139.72344       1238365.76675       1238365.76675       544338.328221    
  0.150000000000E-01   2596.93936552       3021048.52317     -0.995071055871E-10   8200.98016377       6042097.04634       1238357.56439       1238357.56439       544333.394399    
  0.150500000000E-01   2596.93534448       3021027.22020     -0.992522827756E-10   8200.96865931       6042054.44039       1238349.36648       1238349.36648       544328.487227    
  0.151000000000E-01   2596.93129915       3021005.95353     -0.996647704000E-10   8200.95722792       6042011.90705       1238341.17334       1238341.17334       544323.606837    
  0.151500000000E-01   2596.92723011       3020984.72390     -0.998207279748E-10   8200.94586938       6041969.44780       1238332.98527       1238332.98527       544318.753355    
  0.152000000000E-01   2596.92313797       3020963.53205     -0.994480354745E-10   8200.93458347       6041927.06410       1238324.80257       1238324.80257       544313.926906    
  0.152500000000E-01   2596.91902333       3020942.37872     -0.995306906495E-10   8200.92336994       6041884.75744       1238316.62555       1238316.62555       544309.127613    
  0.153000000000E-01   2596.91488681       3020921.26465     -0.990356973218E-10   8200.91222858       6041842.52931       1238308.45453       1238308.45453       544304.355594    
  0.153500000000E-01   2596.91072903       3020900.19059     -0.993075427884E-10   8200.90115916       6041800.38118       1238300.28981       1238300.28981       544299.610966    
  0.154000000000E-01   2596.90655060       3020879.15728     -0.987373922247E-10   8200.89016145       6041758.31456       1238292.13172       1238292.13172       544294.893843    
  0.154500000000E-01   2596.90235215       3020858.16547     -0.985465701623E-10   8200.87923523       6041716.33093       1238283.98057       1238283.98057       544290.204334    
  0.155000000000E-01   2596.89813434       3020837.21590     -0.989430554522E-10   8200.86838029       6041674.43180       1238275.83668       1238275.83668       544285.542547    
  0.155500000000E-01   2596.89389779       3020816.30932     -0.100083074346E-09   8200.85759639       6041632.61864       1238267.70037       1238267.70037       544280.908588    
  0.156000000000E-01   2596.88964315       3020795.44649     -0.996404672943E-10   8200.84688333       6041590.89297       1238259.57196       1238259.57196       544276.302558    
  0.156500000000E-01   2596.88537107       3020774.62814     -0.995484931941E-10   8200.83624089       6041549.25629       1238251.45179       1238251.45179       544271.724555    
  0.157000000000E-01   2596.88108221       3020753.85504     -0.997987098701E-10   8200.82566885       6041507.71007       1238243.34018       1238243.34018       544267.174675    
  0.157500000000E-01   2596.87677724       3020733.12792     -0.100034406082E-09   8200.81516700       6041466.25583       1238235.23745       1238235.23745       544262.653011    
  0.158000000000E-01   2596.87245680       3020712.44753     -0.999997110010E-10   8200.80473513       6041424.89506       1238227.14394       1238227.14394       544258.159651    
  0.158500000000E-01   2596.86812158       3020691.81463     -0.100089108912E-09   8200.79437304       6041383.62925       1238219.05997       1238219.05997       544253.694683    
  0.159000000000E-01   2596.86377224       3020671.22995     -0.997681636419E-10   8200.78408050       6041342.45990       1238210.98588       1238210.98588       544249.258190    
  0.159500000000E-01   2596.85721687       3020645.09907     -0.100021429014E-09   8200.75742560       6041290.19815       1238200.62939       1238200.62939       544243.840295    
  0.160000000000E-01   2596.85064865       3020619.01785     -0.100513563453E-09   8200.73083973       6041238.03569       1238190.28341       1238190.28341       544238.451021    
