   0.00000000000      0.417487754396E-02  0.500000000000     -0.445736510949E-18   2.21392328929       1.00000000000      0.861767246541E-01  0.861767246541E-01  0.327646550692    
  0.312500000000E-01  0.417347324384E-02  0.500359500831      0.806791255351E-18   2.20852721817       1.00071900166      0.865098268991E-01  0.865098268991E-01  0.327339847033    
  0.625000000000E-01  0.417200125022E-02  0.500736331199      0.194854597457E-18   2.20290356454       1.00147266240      0.868585334888E-01  0.868585334888E-01  0.327019264221    
  0.937500000000E-01  0.417046170020E-02  0.501130456003      0.361026021080E-18   2.19705416559       1.00226091201      0.872227503897E-01  0.872227503897E-01  0.326684955224    
  0.125000000000      0.416885473683E-02  0.501541838626      0.480556702462E-19   2.19098092836       1.00308367725      0.876023800557E-01  0.876023800557E-01  0.326337078515    
  0.156250000000      0.416718050911E-02  0.501970440922      0.110071579331E-17   2.18468582860       1.00394088184      0.879973214976E-01  0.879973214976E-01  0.325975797927    
  0.187500000000      0.416543917208E-02  0.502416223202      0.349676121001E-18   2.17817090957       1.00483244640      0.884074703552E-01  0.884074703552E-01  0.325601282492    
  0.218750000000      0.416363088685E-02  0.502879144220     -0.880433902117E-19   2.17143828081       1.00575828844      0.888327189710E-01  0.888327189710E-01  0.325213706278    
  0.250000000000      0.416175582067E-02  0.503359161163      0.334135448758E-18   2.16449011687       1.00671832233      0.892729564658E-01  0.892729564658E-01  0.324813248231    
  0.281250000000      0.415981414697E-02  0.503856229632      0.107913197081E-17   2.15732865602       1.00771245926      0.897280688161E-01  0.897280688161E-01  0.324400091999    
  0.312500000000      0.415780604540E-02  0.504370303632      0.711419402486E-18   2.14995619890       1.00874060726      0.901979389333E-01  0.901979389333E-01  0.323974425765    
  0.343750000000      0.415573170195E-02  0.504901335557      0.218594345947E-17   2.14237510720       1.00980267111      0.906824467443E-01  0.906824467443E-01  0.323536442068    
  0.375000000000      0.415359130891E-02  0.505449276175      0.238820372574E-18   2.13458780219       1.01089855235      0.911814692735E-01  0.911814692735E-01  0.323086337628    
  0.406250000000      0.415138506500E-02  0.506014074615      0.852631337851E-18   2.12659676339       1.01202814923      0.916948807265E-01  0.916948807265E-01  0.322624313163    
  0.437500000000      0.414911317540E-02  0.506595678353      0.121246099427E-17   2.11840452702       1.01319135671      0.922225525748E-01  0.922225525748E-01  0.322150573203    
  0.468750000000      0.414677585180E-02  0.507194033196      0.106302393426E-17   2.11001368460       1.01438806639      0.927643536419E-01  0.927643536419E-01  0.321665325912    
  0.500000000000      0.414437331244E-02  0.507809083271      0.821349854306E-18   2.10142688141       1.01561816654      0.933201501903E-01  0.933201501903E-01  0.321168782890    
  0.531250000000      0.414190578221E-02  0.508440771011      0.103844255733E-17   2.09264681497       1.01688154202      0.938898060096E-01  0.938898060096E-01  0.320661158991    
  0.562500000000      0.413937349264E-02  0.509089037141      0.972197953198E-18   2.08367623351       1.01817807428      0.944731825052E-01  0.944731825052E-01  0.320142672130    
  0.593750000000      0.413677668199E-02  0.509753820665      0.511336748353E-18   2.07451793436       1.01950764133      0.950701387887E-01  0.950701387887E-01  0.319613543088    
  0.625000000000      0.413411559531E-02  0.510435058856      0.190928340539E-17   2.06517476241       1.02087011771      0.956805317674E-01  0.956805317674E-01  0.319073995321    
  0.656250000000      0.413139048444E-02  0.511132687239      0.252298039496E-17   2.05564960847       1.02226537448      0.963042162362E-01  0.963042162362E-01  0.318524254767    
  0.687500000000      0.412860160809E-02  0.511846639585      0.335644714694E-17   2.04594540766       1.02369327917      0.969410449683E-01  0.969410449683E-01  0.317964549649    
  0.718750000000      0.412574923187E-02  0.512576847896      0.245451820975E-17   2.03606513777       1.02515369579      0.975908688078E-01  0.975908688078E-01  0.317395110281    
  0.750000000000      0.412283362836E-02  0.513323242396      0.217725799678E-17   2.02601181760       1.02664648479      0.982535367612E-01  0.982535367612E-01  0.316816168873    
  0.781250000000      0.411985507709E-02  0.514085751520      0.144551245635E-17   2.01578850533       1.02817150304      0.989288960905E-01  0.989288960905E-01  0.316227959339    
  0.812500000000      0.411681386464E-02  0.514864301908      0.253230491236E-17   2.00539829680       1.02972860382      0.996167924048E-01  0.996167924048E-01  0.315630717098    
  0.843750000000      0.411371028463E-02  0.515658818392      0.206465618594E-17   1.99484432387       1.03131763678      0.100317069754      0.100317069754      0.315024678884    
  0.875000000000      0.411054463776E-02  0.516469223991      0.276830915235E-17   1.98412975271       1.03293844798      0.101029570718      0.101029570718      0.314410082554    
  0.906250000000      0.410731723184E-02  0.517295439904      0.133804627299E-17   1.97325778207       1.03459087981      0.101754136506      0.101754136506      0.313787166893    
  0.937500000000      0.410402838185E-02  0.518137385504      0.197649355818E-17   1.96223164166       1.03627477101      0.102490607038      0.102490607038      0.313156171428    
  0.968750000000      0.410067840987E-02  0.518994978330      0.230906416313E-17   1.95105459037       1.03798995666      0.103238821046      0.103238821046      0.312517336237    
   1.00000000000      0.409726764520E-02  0.519868134086      0.218127721067E-17   1.93972991458       1.03973626817      0.103998616160      0.103998616160      0.311870901765    
   1.03125000000      0.409379642430E-02  0.520756766636      0.171726059884E-17   1.92826092650       1.04151353327      0.104769829000      0.104769829000      0.311217108636    
   1.06250000000      0.409026509083E-02  0.521660788004      0.232822484407E-17   1.91665096238       1.04332157601      0.105552295265      0.105552295265      0.310556197474    
   1.09375000000      0.408667399566E-02  0.522580108366      0.300480149549E-17   1.90490338088       1.04516021673      0.106345849822      0.106345849822      0.309888408722    
   1.12500000000      0.408302349686E-02  0.523514636059      0.343560143053E-17   1.89302156133       1.04702927212      0.107150326799      0.107150326799      0.309213982462    
   1.15625000000      0.407931395970E-02  0.524464277574      0.315817608309E-17   1.88100890205       1.04892855515      0.107965559665      0.107965559665      0.308533158245    
   1.18750000000      0.407554575662E-02  0.525428937562      0.329568430828E-17   1.86886881862       1.05085787512      0.108791381323      0.108791381323      0.307846174916    
   1.21875000000      0.407171926728E-02  0.526408518834      0.307748233762E-17   1.85660474228       1.05281703767      0.109627624193      0.109627624193      0.307153270448    
   1.25000000000      0.406783487847E-02  0.527402922369      0.348724037605E-17   1.84422011815       1.05480584474      0.110474120297      0.110474120297      0.306454681775    
   1.28125000000      0.406389298414E-02  0.528412047316      0.337954721739E-17   1.83171840364       1.05682409463      0.111330701344      0.111330701344      0.305750644629    
   1.31250000000      0.405989398537E-02  0.529435791002      0.390824519663E-17   1.81910306679       1.05887158200      0.112197198808      0.112197198808      0.305041393385    
   1.34375000000      0.405583829031E-02  0.530474048937      0.340594491591E-17   1.80637758457       1.06094809787      0.113073444015      0.113073444015      0.304327160907    
   1.37500000000      0.405172631417E-02  0.531526714829      0.319400647004E-17   1.79354544133       1.06305342966      0.113959268219      0.113959268219      0.303608178391    
   1.40625000000      0.404755847918E-02  0.532593680587      0.237803863638E-17   1.78061012713       1.06518736117      0.114854502681      0.114854502681      0.302884675226    
   1.43750000000      0.404333521453E-02  0.533674836336      0.245193330744E-17   1.76757513615       1.06734967267      0.115758978745      0.115758978745      0.302156878846    
   1.46875000000      0.403905695635E-02  0.534770070431      0.235249564131E-17   1.75444396513       1.06954014086      0.116672527917      0.116672527917      0.301425014597    
   1.50000000000      0.403472414761E-02  0.535879269467      0.226702394396E-17   1.74122011177       1.07175853893      0.117594981936      0.117594981936      0.300689305595    
   1.53125000000      0.403033723812E-02  0.537002318298      0.245193806797E-17   1.72790707323       1.07400463660      0.118526172848      0.118526172848      0.299949972603    
   1.56250000000      0.402589668440E-02  0.538139100050      0.149817036949E-17   1.71450834455       1.07627820010      0.119465933073      0.119465933073      0.299207233905    
   1.59375000000      0.402140294967E-02  0.539289496141      0.256929656112E-17   1.70102741718       1.07857899228      0.120414095480      0.120414095480      0.298461305181    
   1.62500000000      0.401685650374E-02  0.540453386300      0.213652491746E-17   1.68746777749       1.08090677260      0.121370493452      0.121370493452      0.297712399395    
   1.65625000000      0.401225782294E-02  0.541630648584      0.330854317936E-17   1.67383290527       1.08326129717      0.122334960951      0.122334960951      0.296960726682    
   1.68750000000      0.400760739005E-02  0.542821159403      0.345583007823E-17   1.66012627237       1.08564231881      0.123307332582      0.123307332582      0.296206494240    
   1.71875000000      0.400290569419E-02  0.544024793544      0.361347777470E-17   1.64635134118       1.08804958709      0.124287443657      0.124287443657      0.295449906230    
   1.75000000000      0.399815323074E-02  0.545241424188      0.398169559001E-17   1.63251156332       1.09048284838      0.125275130254      0.125275130254      0.294691163680    
   1.78125000000      0.399335050123E-02  0.546470922941      0.453053943629E-17   1.61861037821       1.09294184588      0.126270229278      0.126270229278      0.293930464386    
   1.81250000000      0.398849801327E-02  0.547713159860      0.220843346451E-17   1.60465121180       1.09542631972      0.127272578514      0.127272578514      0.293168002833    
   1.84375000000      0.398359628038E-02  0.548968003479      0.296886618454E-17   1.59063747517       1.09793600696      0.128282016686      0.128282016686      0.292403970106    
   1.87500000000      0.397864582196E-02  0.550235320835      0.305383803322E-17   1.57657256333       1.10047064167      0.129298383510      0.129298383510      0.291638553815    
   1.90625000000      0.397364716310E-02  0.551514977503      0.297030262558E-17   1.56245985388       1.10302995501      0.130321519740      0.130321519740      0.290871938022    
   1.93750000000      0.396860083450E-02  0.552806837624      0.414964155061E-17   1.55205786377       1.10561367525      0.131351267227      0.131351267227      0.290104303171    
   1.96875000000      0.396350737234E-02  0.554110763937      0.280027588225E-17   1.54664322348       1.10822152787      0.132387468956      0.132387468956      0.289335826025    
   2.00000000000      0.395836731814E-02  0.555426617813      0.364724531699E-17   1.54261480938       1.11085323563      0.133429969101      0.133429969101      0.288566679611    
   2.03125000000      0.395318121863E-02  0.556754259287      0.468476132498E-17   1.53972598561       1.11350851857      0.134478613063      0.134478613063      0.287797033162    
   2.06250000000      0.394794962562E-02  0.558093547097      0.456927242233E-17   1.53778617042       1.11618709419      0.135533247514      0.135533247514      0.287027052069    
   2.09375000000      0.394267309586E-02  0.559444338716      0.456598576289E-17   1.53658984516       1.11888867743      0.136593720438      0.136593720438      0.286256897839    
   2.12500000000      0.393735219088E-02  0.560806490390      0.534731270962E-17   1.53593790650       1.12161298078      0.137659881168      0.137659881168      0.285486728053    
   2.15625000000      0.393198747687E-02  0.562179857178      0.567185695257E-17   1.53582650176       1.12435971436      0.138731580423      0.138731580423      0.284716696333    
   2.18750000000      0.392657952448E-02  0.563564292989      0.427285980819E-17   1.53637267888       1.12712858598      0.139808670340      0.139808670340      0.283946952308    
   2.21875000000      0.392112890873E-02  0.564959650621      0.521513566075E-17   1.53723872734       1.12991930124      0.140891004514      0.140891004514      0.283177641594    
   2.25000000000      0.391563620880E-02  0.566365781804      0.536210171609E-17   1.53857432795       1.13273156361      0.141978438018      0.141978438018      0.282408905768    
   2.28125000000      0.391010200788E-02  0.567782537239      0.545048707828E-17   1.54019805343       1.13556507448      0.143070827443      0.143070827443      0.281640882352    
   2.31250000000      0.390452689304E-02  0.569209766638      0.563890999541E-17   1.54215525085       1.13841953328      0.144168030919      0.144168030919      0.280873704801    
   2.34375000000      0.389891145500E-02  0.570647318775      0.580780493882E-17   1.54435016870       1.14129463755      0.145269908140      0.145269908140      0.280107502494    
   2.37500000000      0.389325628804E-02  0.572095041517      0.690841219393E-17   1.54695567607       1.14419008303      0.146376320393      0.146376320393      0.279342400730    
   2.40625000000      0.388756198975E-02  0.573552781878      0.673321627415E-17   1.54959184134       1.14710556376      0.147487130575      0.147487130575      0.278578520728    
   2.43750000000      0.388182916092E-02  0.575020386060      0.637296445436E-17   1.55261595107       1.15004077212      0.148602203215      0.148602203215      0.277815979629    
   2.46875000000      0.387605840531E-02  0.576497699496      0.657786736632E-17   1.55582795295       1.15299539899      0.149721404495      0.149721404495      0.277054890506    
   2.50000000000      0.387025032952E-02  0.577984566897      0.620349974477E-17   1.55898070365       1.15596913379      0.150844602262      0.150844602262      0.276295362373    
   2.53125000000      0.386440554279E-02  0.579480832300      0.549162532853E-17   1.56256069202       1.15896166460      0.151971666050      0.151971666050      0.275537500200    
   2.56250000000      0.385852465682E-02  0.580986339110      0.539178091961E-17   1.56632750361       1.16197267822      0.153102467088      0.153102467088      0.274781404935    
   2.59375000000      0.385260828556E-02  0.582500930151      0.497749021122E-17   1.57003812665       1.16500186030      0.154236878315      0.154236878315      0.274027173522    
   2.62500000000      0.384665704510E-02  0.584024447710      0.544782506087E-17   1.57371416111       1.16804889542      0.155374774391      0.155374774391      0.273274898927    
   2.65625000000      0.384067155341E-02  0.585556733583      0.515180536454E-17   1.57798105889       1.17111346717      0.156516031706      0.156516031706      0.272524670171    
   2.68750000000      0.383465243018E-02  0.587097629128      0.554949980400E-17   1.58217645629       1.17419525826      0.157660528387      0.157660528387      0.271776572353    
   2.71875000000      0.382860029668E-02  0.588646975306      0.504449093278E-17   1.58632596664       1.17729395061      0.158808144305      0.158808144305      0.271030686696    
   2.75000000000      0.382251577548E-02  0.590204612733      0.487821845292E-17   1.59051577416       1.18040922547      0.159958761079      0.159958761079      0.270287090574    
   2.78125000000      0.381639949035E-02  0.591770381726      0.509925699351E-17   1.59501957589       1.18354076345      0.161112262082      0.161112262082      0.269545857561    
   2.81250000000      0.381025206603E-02  0.593344122351      0.489732765076E-17   1.59959674698       1.18668824470      0.162268532441      0.162268532441      0.268807057468    
   2.84375000000      0.380407412806E-02  0.594925674472      0.510786376326E-17   1.60493747842       1.18985134894      0.163427459038      0.163427459038      0.268070756395    
   2.87500000000      0.379786630257E-02  0.596514877797      0.405161399973E-17   1.61360550856       1.19302975559      0.164588930512      0.164588930512      0.267337016773    
   2.90625000000      0.379162921613E-02  0.598111571926      0.477972356908E-17   1.62249843940       1.19622314385      0.165752837254      0.165752837254      0.266605897418    
   2.93750000000      0.378536349552E-02  0.599715596400      0.328993857669E-17   1.63135525556       1.19943119280      0.166919071407      0.166919071407      0.265877453586    
   2.96875000000      0.377906976760E-02  0.601326790747      0.363601546059E-17   1.64017501906       1.20265358149      0.168087526862      0.168087526862      0.265151737023    
   3.00000000000      0.377274865907E-02  0.602944994531      0.348415166496E-17   1.64895679992       1.20588998906      0.169258099252      0.169258099252      0.264428796027    
   3.03125000000      0.376640079633E-02  0.604570047394      0.316713277386E-17   1.65769967642       1.20914009479      0.170430685946      0.170430685946      0.263708675502    
   3.06250000000      0.376002680525E-02  0.606201789111      0.347635916689E-17   1.66640273539       1.21240357822      0.171605186043      0.171605186043      0.262991417025    
   3.09375000000      0.375362731104E-02  0.607840059627      0.337782080830E-17   1.67506507246       1.21568011925      0.172781500362      0.172781500362      0.262277058902    
   3.12500000000      0.374720293806E-02  0.609484699110      0.271343547781E-17   1.68402586623       1.21896939822      0.173959531436      0.173959531436      0.261565636237    
   3.15625000000      0.374075430961E-02  0.611135547994      0.310549677317E-17   1.69312154433       1.22227109599      0.175139183500      0.175139183500      0.260857180995    
   3.18750000000      0.373428204777E-02  0.612792447023      0.288836116615E-17   1.70217977058       1.22558489405      0.176320362478      0.176320362478      0.260151722068    
   3.21875000000      0.372778677326E-02  0.614455237298      0.314738840390E-17   1.71119962617       1.22891047460      0.177502975976      0.177502975976      0.259449285346    
   3.25000000000      0.372126910521E-02  0.616123760319      0.303866997088E-17   1.72018020067       1.23224752064      0.178686933267      0.178686933267      0.258749893784    
   3.28125000000      0.371472966103E-02  0.617797858029      0.317727797565E-17   1.72912059228       1.23559571606      0.179872145278      0.179872145278      0.258053567474    
   3.31250000000      0.370816905622E-02  0.619477372860      0.383691686220E-17   1.73801990810       1.23895474572      0.181058524574      0.181058524574      0.257360323712    
   3.34375000000      0.370158790423E-02  0.621162147771      0.329721725384E-17   1.74687726429       1.24232429554      0.182245985347      0.182245985347      0.256670177077    
   3.37500000000      0.369498681625E-02  0.622852026291      0.302167821849E-17   1.75577513206       1.24570405258      0.183434443397      0.183434443397      0.255983139497    
   3.40625000000      0.368836640112E-02  0.624546852565      0.268971987351E-17   1.76507774217       1.24909370513      0.184623816120      0.184623816120      0.255299220325    
   3.43750000000      0.368172726510E-02  0.626246471386      0.308143309627E-17   1.77434167243       1.25249294277      0.185814022486      0.185814022486      0.254618426414    
   3.46875000000      0.367507001176E-02  0.627950728241      0.227909830068E-17   1.78356602227       1.25590145648      0.187004983026      0.187004983026      0.253940762190    
   3.50000000000      0.366839524181E-02  0.629659469349      0.191363256767E-17   1.79274989974       1.25931893870      0.188196619811      0.188196619811      0.253266229727    
   3.53125000000      0.366170355294E-02  0.631372541699      0.224339624991E-17   1.80189242171       1.26274508340      0.189388856439      0.189388856439      0.252594828821    
   3.56250000000      0.365499553971E-02  0.633089793085      0.176951625794E-17   1.81099271410       1.26617958617      0.190581618008      0.190581618008      0.251926557068    
   3.59375000000      0.364827179338E-02  0.634811072147      0.263427131051E-17   1.82004991209       1.26962214429      0.191774831105      0.191774831105      0.251261409936    
   3.62500000000      0.364153290176E-02  0.636536228402      0.179309889731E-17   1.82906316030       1.27307245680      0.192968423781      0.192968423781      0.250599380841    
   3.65625000000      0.363477944908E-02  0.638265112286      0.158556978071E-17   1.83803161300       1.27653022457      0.194162325532      0.194162325532      0.249940461222    
   3.68750000000      0.362801201590E-02  0.639997575180      0.136026114558E-17   1.84741875892       1.27999515036      0.195356467280      0.195356467280      0.249284640620    
   3.71875000000      0.362123117891E-02  0.641733469450      0.141516411157E-17   1.85684900823       1.28346693890      0.196550781352      0.196550781352      0.248631906747    
   3.75000000000      0.361443751085E-02  0.643472648475      0.784558578710E-18   1.86623768028       1.28694529695      0.197745201456      0.197745201456      0.247982245562    
   3.78125000000      0.360763158035E-02  0.645214966681      0.954843997580E-18   1.87558390904       1.29042993336      0.198939662666      0.198939662666      0.247335641349    
   3.81250000000      0.360081395188E-02  0.646960279571      0.443044962373E-18   1.88488683756       1.29392055914      0.200134101393      0.200134101393      0.246692076785    
   3.84375000000      0.359398518553E-02  0.648708443755      0.110350468250E-17   1.89414561821       1.29741688751      0.201328455367      0.201328455367      0.246051533020    
   3.87500000000      0.358714583701E-02  0.650459316978      0.237980178180E-18   1.90335941274       1.30091863396      0.202522663618      0.202522663618      0.245413989742    
   3.90625000000      0.358029645743E-02  0.652212758148      0.194801085753E-18   1.91252739254       1.30442551630      0.203716666446      0.203716666446      0.244779425255    
   3.93750000000      0.357343759331E-02  0.653968627365      0.599059792854E-18   1.92164873880       1.30793725473      0.204910405408      0.204910405408      0.244147816549    
   3.96875000000      0.356656978636E-02  0.655726785942     -0.223994210806E-18   1.93106076059       1.31145357188      0.206103823287      0.206103823287      0.243519139369    
   4.00000000000      0.355969357349E-02  0.657487096437     -0.656188048772E-18   1.94047850929       1.31497419287      0.207296864076      0.207296864076      0.242893368286    
   4.03125000000      0.355280948665E-02  0.659249422670     -0.913916921132E-18   1.94985739716       1.31849884534      0.208489472951      0.208489472951      0.242270476767    
   4.06250000000      0.354591805274E-02  0.661013629750     -0.143447428886E-17   1.95919668827       1.32202725950      0.209681596253      0.209681596253      0.241650437243    
   4.09375000000      0.353901979357E-02  0.662779584096     -0.108132627694E-17   1.96859400557       1.32555916819      0.210873181460      0.210873181460      0.241033221176    
   4.12500000000      0.353211522574E-02  0.664547153461     -0.529723279654E-18   1.97800623415       1.32909430692      0.212064177169      0.212064177169      0.240418799123    
   4.15625000000      0.352520486057E-02  0.666316206945     -0.326912721058E-18   1.98737168768       1.33263241389      0.213254533069      0.213254533069      0.239807140807    
   4.18750000000      0.351828920402E-02  0.668086615023     -0.585560531202E-18   1.99678721259       1.33617323005      0.214444199924      0.214444199924      0.239198215176    
   4.21875000000      0.351136875662E-02  0.669858249555     -0.827331017354E-18   2.00647614715       1.33971649911      0.215633129543      0.215633129543      0.238591990469    
   4.25000000000      0.350444401344E-02  0.671630983810     -0.158852857244E-17   2.01612623600       1.34326196762      0.216821274765      0.216821274765      0.237988434280    
   4.28125000000      0.349751546395E-02  0.673404692478     -0.157862991359E-17   2.02573674526       1.34680938496      0.218008589432      0.218008589432      0.237387513613    
   4.31250000000      0.349058359204E-02  0.675179251687     -0.171495487988E-17   2.03530694973       1.35035850337      0.219195028369      0.219195028369      0.236789194950    
   4.34375000000      0.348364887591E-02  0.676954539017     -0.186407302658E-17   2.04483613307       1.35390907803      0.220380547357      0.220380547357      0.236193444302    
   4.37500000000      0.347671178804E-02  0.678730433512     -0.174868837044E-17   2.05432358781       1.35746086702      0.221565103120      0.221565103120      0.235600227272    
   4.40625000000      0.346977279513E-02  0.680506815697     -0.198979897023E-17   2.06376861554       1.36101363139      0.222748653293      0.222748653293      0.235009509111    
   4.43750000000      0.346283235808E-02  0.682283567583     -0.233321841928E-17   2.07317052700       1.36456713517      0.223931156407      0.223931156407      0.234421254770    
   4.46875000000      0.345589093190E-02  0.684060572683     -0.206611647461E-17   2.08252864212       1.36812114537      0.225112571864      0.225112571864      0.233835428955    
   4.50000000000      0.344894896575E-02  0.685837716019     -0.211204697494E-17   2.09184229019       1.37167543204      0.226292859918      0.226292859918      0.233251996183    
   4.53125000000      0.344200690280E-02  0.687614884133     -0.262862144256E-17   2.10129256223       1.37522976827      0.227471981653      0.227471981653      0.232670920827    
   4.56250000000      0.343506518031E-02  0.689391965091     -0.247689349449E-17   2.11108642956       1.37878393018      0.228649898958      0.228649898958      0.232092167174    
   4.59375000000      0.342812422952E-02  0.691168848494     -0.239231895095E-17   2.12083858984       1.38233769699      0.229826574514      0.229826574514      0.231515699466    
   4.62500000000      0.342118447566E-02  0.692945425483     -0.198332176263E-17   2.13054834429       1.38589085097      0.231001971766      0.231001971766      0.230941481950    
   4.65625000000      0.341424633792E-02  0.694721588742     -0.230621439702E-17   2.14021500295       1.38944317748      0.232176054907      0.232176054907      0.230369478928    
   4.68750000000      0.340731022946E-02  0.696497232508     -0.206987263422E-17   2.14983788468       1.39299446502      0.233348788856      0.233348788856      0.229799654796    
   4.71875000000      0.340037655735E-02  0.698272252568     -0.208788995325E-17   2.15941631737       1.39654450514      0.234520139239      0.234520139239      0.229231974090    
   4.75000000000      0.339344572259E-02  0.700046546266     -0.263158105118E-17   2.16894963791       1.40009309253      0.235690072369      0.235690072369      0.228666401528    
   4.78125000000      0.338651812010E-02  0.701820012504     -0.337117400828E-17   2.17843719234       1.40364002501      0.236858555226      0.236858555226      0.228102902052    
   4.81250000000      0.337959413870E-02  0.703592551743     -0.280401510783E-17   2.18787833591       1.40718510349      0.238025555441      0.238025555441      0.227541440862    
   4.84375000000      0.337267416112E-02  0.705364066004     -0.251995323915E-17   2.19727243313       1.41072813201      0.239191041271      0.239191041271      0.226981983461    
   4.87500000000      0.336575856400E-02  0.707134458867     -0.263097613062E-17   2.20661885788       1.41426891773      0.240354981589      0.240354981589      0.226424495688    
   4.90625000000      0.335884771789E-02  0.708903635471     -0.260990183144E-17   2.21591699343       1.41780727094      0.241517345859      0.241517345859      0.225868943753    
   4.93750000000      0.335194198726E-02  0.710671502512     -0.232453808206E-17   2.22518682645       1.42134300502      0.242678104120      0.242678104120      0.225315294272    
   4.96875000000      0.334504173051E-02  0.712437968239     -0.273951948530E-17   2.23497247108       1.42487593648      0.243837226969      0.243837226969      0.224763514300    
   5.00000000000      0.333814729998E-02  0.714202942454     -0.304905629349E-17   2.24471236057       1.42840588491      0.244994685546      0.244994685546      0.224213571362    
   5.03125000000      0.333125904197E-02  0.715966336505     -0.297715175153E-17   2.25440584726       1.43193267301      0.246150451512      0.246150451512      0.223665433481    
   5.06250000000      0.332437729675E-02  0.717728063284     -0.272730075558E-17   2.26405229234       1.43545612657      0.247304497037      0.247304497037      0.223119069210    
   5.09375000000      0.331750239856E-02  0.719488037219     -0.258910677661E-17   2.27365106602       1.43897607444      0.248456794780      0.248456794780      0.222574447660    
   5.12500000000      0.331063467569E-02  0.721246174273     -0.306709514860E-17   2.28320154752       1.44249234855      0.249607317876      0.249607317876      0.222031538520    
   5.15625000000      0.330377445046E-02  0.723002391933     -0.325622516849E-17   2.29270312516       1.44600478387      0.250756039921      0.250756039921      0.221490312092    
   5.18750000000      0.329692203924E-02  0.724756609206     -0.270793621267E-17   2.30235595313       1.44951321841      0.251902934952      0.251902934952      0.220950739303    
   5.21875000000      0.329007775250E-02  0.726508746611     -0.263546218574E-17   2.31231621471       1.45301749322      0.253047977437      0.253047977437      0.220412791738    
   5.25000000000      0.328324189485E-02  0.728258726169     -0.280267134101E-17   2.32223617136       1.45651745234      0.254191142257      0.254191142257      0.219876441654    
   5.28125000000      0.327641476505E-02  0.730006471399     -0.242549292329E-17   2.33211526520       1.46001294280      0.255332404697      0.255332404697      0.219341662006    
   5.31250000000      0.326959665604E-02  0.731751907304     -0.231400994785E-17   2.34195294642       1.46350381461      0.256471740423      0.256471740423      0.218808426459    
   5.34375000000      0.326278785502E-02  0.733494960364     -0.354444758288E-17   2.35174867338       1.46698992073      0.257609125477      0.257609125477      0.218276709411    
   5.37500000000      0.325598864345E-02  0.735235558529     -0.295672844107E-17   2.36150191259       1.47047111706      0.258744536260      0.258744536260      0.217746486008    
   5.40625000000      0.324919929707E-02  0.736973631200     -0.320342443043E-17   2.37121213877       1.47394726240      0.259877949520      0.259877949520      0.217217732160    
   5.43750000000      0.324242008603E-02  0.738709109228     -0.302358153967E-17   2.38087883490       1.47741821846      0.261009342337      0.261009342337      0.216690424553    
   5.46875000000      0.323565127482E-02  0.740441924897     -0.352056900895E-17   2.39050149222       1.48088384979      0.262138692116      0.262138692116      0.216164540665    
   5.50000000000      0.322889312241E-02  0.742172011914     -0.300521580484E-17   2.40007961033       1.48434402383      0.263265976569      0.263265976569      0.215640058776    
   5.53125000000      0.322214588225E-02  0.743899305395     -0.330991938157E-17   2.40961269712       1.48779861079      0.264391173708      0.264391173708      0.215116957979    
   5.56250000000      0.321540980232E-02  0.745623741857     -0.317823237810E-17   2.41910026887       1.49124748371      0.265514261832      0.265514261832      0.214595218194    
   5.59375000000      0.320868512520E-02  0.747345259201     -0.350584493374E-17   2.42854185026       1.49469051840      0.266635219515      0.266635219515      0.214074820171    
   5.62500000000      0.320197208809E-02  0.749063796700     -0.387361002094E-17   2.43793697437       1.49812759340      0.267754025599      0.267754025599      0.213555745502    
   5.65625000000      0.319527092291E-02  0.750779294987     -0.401166852788E-17   2.44738297105       1.50155858997      0.268870659180      0.268870659180      0.213037976626    
   5.68750000000      0.318858185629E-02  0.752491696040     -0.441662970297E-17   2.45726093476       1.50498339208      0.269985099601      0.269985099601      0.212521496838    
   5.71875000000      0.318190510969E-02  0.754200943169     -0.458364482865E-17   2.46709435139       1.50840188634      0.271097326440      0.271097326440      0.212006290289    
   5.75000000000      0.317524089941E-02  0.755906981001     -0.482088877701E-17   2.47688272015       1.51181396200      0.272207319503      0.272207319503      0.211492341995    
   5.78125000000      0.316858943667E-02  0.757609755465     -0.559604837162E-17   2.48662554828       1.51521951093      0.273315058813      0.273315058813      0.210979637838    
   5.81250000000      0.316195092763E-02  0.759309213779     -0.501713802761E-17   2.49632235111       1.51861842756      0.274420524604      0.274420524604      0.210468164570    
   5.84375000000      0.315532557351E-02  0.761005304432     -0.567708730974E-17   2.50597265207       1.52201060886      0.275523697311      0.275523697311      0.209957909811    
   5.87500000000      0.314871357061E-02  0.762697977175     -0.534314144514E-17   2.51557598267       1.52539595435      0.276624557561      0.276624557561      0.209448862053    
   5.90625000000      0.314211511036E-02  0.764387182999     -0.500409385888E-17   2.52513188259       1.52877436600      0.277723086169      0.277723086169      0.208941010661    
   5.93750000000      0.313553037941E-02  0.766072874122     -0.599705844237E-17   2.53463989965       1.53214574824      0.278819264128      0.278819264128      0.208434345867    
   5.96875000000      0.312895955968E-02  0.767755003975     -0.516300361683E-17   2.54409958980       1.53551000795      0.279913072601      0.279913072601      0.207928858773    
   6.00000000000      0.312240282839E-02  0.769433527183     -0.579787840140E-17   2.55351051719       1.53886705437      0.281004492917      0.281004492917      0.207424541349    
   6.03125000000      0.311586035819E-02  0.771108399554     -0.602561123179E-17   2.56348483780       1.54221679911      0.282093506565      0.282093506565      0.206921386425    
   6.06250000000      0.310933231717E-02  0.772779578057     -0.598858392227E-17   2.57345475253       1.54555915611      0.283180095183      0.283180095183      0.206419387691    
   6.09375000000      0.310281886891E-02  0.774447020811     -0.604913500077E-17   2.58338454761       1.54889404162      0.284264240560      0.284264240560      0.205918539692    
   6.12500000000      0.309632017260E-02  0.776110687065     -0.585112505403E-17   2.59327381879       1.55222137413      0.285345924621      0.285345924621      0.205418837823    
   6.15625000000      0.308983638307E-02  0.777770537185     -0.621256956390E-17   2.60312216903       1.55554107437      0.286425129431      0.286425129431      0.204920278323    
   6.18750000000      0.308336765085E-02  0.779426532635     -0.617780350688E-17   2.61292920849       1.55885306527      0.287501837185      0.287501837185      0.204422858266    
   6.21875000000      0.307691412222E-02  0.781078635963     -0.690045249642E-17   2.62269455454       1.56215727193      0.288576030202      0.288576030202      0.203926575560    
   6.25000000000      0.307047593934E-02  0.782726810781     -0.690746662127E-17   2.63241783174       1.56545362156      0.289647690925      0.289647690925      0.203431428932    
   6.28125000000      0.306405324023E-02  0.784371021754     -0.713129905213E-17   2.64209867189       1.56874204351      0.290716801914      0.290716801914      0.202937417927    
   6.31250000000      0.305764615888E-02  0.786011234579     -0.752247549799E-17   2.65173671395       1.57202246916      0.291783345843      0.291783345843      0.202444542893    
   6.34375000000      0.305125482532E-02  0.787647415969     -0.763699201959E-17   2.66133160414       1.57529483194      0.292847305496      0.292847305496      0.201952804977    
   6.37500000000      0.304487936567E-02  0.789279533640     -0.786523060670E-17   2.67088299584       1.57855906728      0.293908663764      0.293908663764      0.201462206112    
   6.40625000000      0.303851990219E-02  0.790907556291     -0.812391268446E-17   2.68039054967       1.58181511258      0.294967403641      0.294967403641      0.200972749008    
   6.43750000000      0.303217655338E-02  0.792531453587     -0.780111991779E-17   2.68985393339       1.58506290717      0.296023508222      0.296023508222      0.200484437143    
   6.46875000000      0.302584943400E-02  0.794151196149     -0.799526436603E-17   2.69927282199       1.58830239230      0.297076960701      0.297076960701      0.199997274747    
   6.50000000000      0.301953865517E-02  0.795766755528     -0.802049165996E-17   2.70864689760       1.59153351106      0.298127744365      0.298127744365      0.199511266798    
   6.53125000000      0.301324432443E-02  0.797378104198     -0.684867408028E-17   2.71813904574       1.59475620840      0.299175842598      0.299175842598      0.199026419003    
   6.56250000000      0.300696654578E-02  0.798985215533     -0.722024007704E-17   2.72797827352       1.59797043107      0.300221238872      0.300221238872      0.198542737790    
   6.59375000000      0.300070541975E-02  0.800588063796     -0.694943372184E-17   2.73777385378       1.60117612759      0.301263916751      0.301263916751      0.198060230294    
   6.62500000000      0.299446104350E-02  0.802186624118     -0.714571860159E-17   2.74752543442       1.60437324824      0.302303859886      0.302303859886      0.197578904345    
   6.65625000000      0.298823351081E-02  0.803780872487     -0.733957313726E-17   2.75723267032       1.60756174497      0.303341052016      0.303341052016      0.197098768455    
   6.68750000000      0.298202291221E-02  0.805370785728     -0.768783600153E-17   2.76689522328       1.61074157146      0.304375476964      0.304375476964      0.196619831800    
   6.71875000000      0.297582933501E-02  0.806956341490     -0.784870851074E-17   2.77651276211       1.61391268298      0.305407118638      0.305407118638      0.196142104215    
   6.75000000000      0.296965286337E-02  0.808537518231     -0.762701542986E-17   2.78608496249       1.61707503646      0.306435961030      0.306435961030      0.195665596171    
   6.78125000000      0.296349357835E-02  0.810114295197     -0.834001081352E-17   2.79561150707       1.62022859039      0.307461988216      0.307461988216      0.195190318766    
   6.81250000000      0.295735155797E-02  0.811686652414     -0.768425304427E-17   2.80509208541       1.62337330483      0.308485184353      0.308485184353      0.194716283708    
   6.84375000000      0.295122687729E-02  0.813254570667     -0.824795004229E-17   2.81452639396       1.62650914133      0.309505533683      0.309505533683      0.194243503302    
   6.87500000000      0.294511960845E-02  0.814818031490     -0.815183146084E-17   2.82391413609       1.62963606298      0.310523020528      0.310523020528      0.193771990434    
   6.90625000000      0.293902982074E-02  0.816377017144     -0.955526712916E-17   2.83325502201       1.63275403429      0.311537629294      0.311537629294      0.193301758556    
   6.93750000000      0.293295758064E-02  0.817931510611     -0.989370421815E-17   2.84266373854       1.63586302122      0.312549344470      0.312549344470      0.192832821671    
   6.96875000000      0.292690295189E-02  0.819481495570     -0.102669154708E-16   2.85264094291       1.63896299114      0.313558150628      0.313558150628      0.192365194315    
   7.00000000000      0.292086599556E-02  0.821026956390     -0.104245160107E-16   2.86257951000       1.64205391278      0.314564032422      0.314564032422      0.191898891546    
   7.03125000000      0.291484677008E-02  0.822567878113     -0.104596592755E-16   2.87247916267       1.64513575623      0.315566974594      0.315566974594      0.191433928926    
   7.06250000000      0.290884533131E-02  0.824104246437     -0.108377365948E-16   2.88233962980       1.64820849287      0.316566961967      0.316566961967      0.190970322503    
   7.09375000000      0.290286173261E-02  0.825636047706     -0.107720903747E-16   2.89216064632       1.65127209541      0.317563979454      0.317563979454      0.190508088798    
   7.12500000000      0.289689602484E-02  0.827163268894     -0.109799624899E-16   2.90194195315       1.65432653779      0.318558012053      0.318558012053      0.190047244788    
   7.15625000000      0.289094825649E-02  0.828685897593     -0.111298580235E-16   2.91168329720       1.65737179519      0.319549044851      0.319549044851      0.189587807890    
   7.18750000000      0.288501847366E-02  0.830203921996     -0.114430835560E-16   2.92138443136       1.66040784399      0.320537063026      0.320537063026      0.189129795944    
   7.21875000000      0.287910672018E-02  0.831717330887     -0.105429776358E-16   2.93104511446       1.66343466177      0.321522051844      0.321522051844      0.188673227199    
   7.25000000000      0.287321303760E-02  0.833226113628     -0.112184016596E-16   2.94066511127       1.66645222726      0.322503996667      0.322503996667      0.188218120293    
   7.28125000000      0.286733746528E-02  0.834730260142     -0.111314860978E-16   2.95024419246       1.66946052028      0.323482882950      0.323482882950      0.187764494241    
   7.31250000000      0.286148004043E-02  0.836229760905     -0.112073074853E-16   2.95978213460       1.67245952181      0.324458696244      0.324458696244      0.187312368416    
   7.34375000000      0.285564079814E-02  0.837724606930     -0.115126122286E-16   2.96927872013       1.67544921386      0.325431422198      0.325431422198      0.186861762533    
   7.37500000000      0.284981977147E-02  0.839214789757     -0.114962863603E-16   2.97873373730       1.67842957951      0.326401046561      0.326401046561      0.186412696634    
   7.40625000000      0.284401699147E-02  0.840700301438     -0.117618465279E-16   2.98814698021       1.68140060288      0.327367555183      0.327367555183      0.185965191072    
   7.43750000000      0.283823248721E-02  0.842181134528     -0.113034614899E-16   2.99751824871       1.68436226906      0.328330934018      0.328330934018      0.185519266491    
   7.46875000000      0.283246628588E-02  0.843657282070     -0.116605021142E-16   3.00684734844       1.68731456414      0.329291169128      0.329291169128      0.185074943815    
   7.50000000000      0.282671841276E-02  0.845128737587     -0.118076796186E-16   3.01613409075       1.69025747517      0.330248246679      0.330248246679      0.184632244230    
   7.53125000000      0.282098889136E-02  0.846595495067     -0.111253908232E-16   3.02537829270       1.69319099013      0.331202152950      0.331202152950      0.184191189166    
   7.56250000000      0.281527774336E-02  0.848057548953     -0.111147577526E-16   3.03457977702       1.69611509791      0.332152874334      0.332152874334      0.183751800285    
   7.59375000000      0.280958498875E-02  0.849514894134     -0.121424822593E-16   3.04373837207       1.69902978827      0.333100397336      0.333100397336      0.183314099462    
   7.62500000000      0.280391064580E-02  0.850967525929     -0.114122793660E-16   3.05296010381       1.70193505186      0.334044708581      0.334044708581      0.182878108768    
   7.65625000000      0.279825473114E-02  0.852415440083     -0.115326817489E-16   3.06254813842       1.70483088017      0.334985794811      0.334985794811      0.182443850461    
   7.68750000000      0.279261725978E-02  0.853858632751     -0.115653804976E-16   3.07209362663       1.70771726550      0.335923642894      0.335923642894      0.182011346962    
   7.71875000000      0.278699824518E-02  0.855297100489     -0.116159904398E-16   3.08159636509       1.71059420098      0.336858239821      0.336858239821      0.181580620847    
   7.75000000000      0.278139769925E-02  0.856730840247     -0.115184327404E-16   3.09105615603       1.71346168049      0.337789572710      0.337789572710      0.181151694827    
   7.78125000000      0.277581563242E-02  0.858159849355     -0.116824929416E-16   3.10047280721       1.71631969871      0.338717628811      0.338717628811      0.180724591734    
   7.81250000000      0.277025205367E-02  0.859584125516     -0.121944713384E-16   3.10984613189       1.71916825103      0.339642395505      0.339642395505      0.180299334506    
   7.84375000000      0.276470697055E-02  0.861003666794     -0.127322754880E-16   3.11917594880       1.72200733359      0.340563860310      0.340563860310      0.179875946174    
   7.87500000000      0.275918038925E-02  0.862418471607     -0.129949752327E-16   3.12846208214       1.72483694321      0.341482010880      0.341482010880      0.179454449846    
   7.90625000000      0.275367231460E-02  0.863828538716     -0.127929772387E-16   3.13770436152       1.72765707743      0.342396835013      0.342396835013      0.179034868690    
   7.93750000000      0.274818275013E-02  0.865233867220     -0.124076269243E-16   3.14690262192       1.73046773444      0.343308320648      0.343308320648      0.178617225925    
   7.96875000000      0.274271169810E-02  0.866634456541     -0.128439165912E-16   3.15605670367       1.73326891308      0.344216455870      0.344216455870      0.178201544800    
   8.00000000000      0.273725915951E-02  0.868030306420     -0.128637585452E-16   3.16516645245       1.73606061284      0.345121228916      0.345121228916      0.177787848589    
   8.03125000000      0.273182513417E-02  0.869421416907     -0.130367550518E-16   3.17453053567       1.73884283381      0.346022628170      0.346022628170      0.177376160567    
   8.06250000000      0.272640962071E-02  0.870807788353     -0.129480433372E-16   3.18434787117       1.74161557671      0.346920642174      0.346920642174      0.176966504004    
   8.09375000000      0.272101261661E-02  0.872189421402     -0.132214468920E-16   3.19412826192       1.74437884280      0.347815259626      0.347815259626      0.176558902149    
   8.12500000000      0.271563411825E-02  0.873566316984     -0.129686006375E-16   3.20387154976       1.74713263397      0.348706469384      0.348706469384      0.176153378216    
   8.15625000000      0.271027412089E-02  0.874938476306     -0.135345397368E-16   3.21357758122       1.74987695261      0.349594260467      0.349594260467      0.175749955372    
   8.18750000000      0.270493261879E-02  0.876305900845     -0.135185348400E-16   3.22324620755       1.75261180169      0.350478622060      0.350478622060      0.175348656724    
   8.21875000000      0.269960960513E-02  0.877668592341     -0.130774938823E-16   3.23287728460       1.75533718468      0.351359543517      0.351359543517      0.174949505306    
   8.25000000000      0.269430507213E-02  0.879026552789     -0.136142885414E-16   3.24247067287       1.75805310558      0.352237014360      0.352237014360      0.174552524068    
   8.28125000000      0.268901901102E-02  0.880379784433     -0.141750683230E-16   3.25202623742       1.76075956887      0.353111024286      0.353111024286      0.174157735862    
   8.31250000000      0.268375141209E-02  0.881728289761     -0.142569648995E-16   3.26154384791       1.76345657952      0.353981563165      0.353981563165      0.173765163431    
   8.34375000000      0.267850226470E-02  0.883072071493     -0.151718132242E-16   3.27102337849       1.76614414299      0.354848621048      0.354848621048      0.173374829396    
   8.37500000000      0.267327155733E-02  0.884411132579     -0.151485542596E-16   3.28046470783       1.76882226516      0.355712188165      0.355712188165      0.172986756248    
   8.40625000000      0.266805927759E-02  0.885745476193     -0.152308292892E-16   3.28986771904       1.77149095239      0.356572254930      0.356572254930      0.172600966333    
   8.43750000000      0.266286541223E-02  0.887075105723     -0.151196873525E-16   3.29923229970       1.77415021145      0.357428811940      0.357428811940      0.172217481843    
   8.46875000000      0.265768994720E-02  0.888400024771     -0.151409590664E-16   3.30855834174       1.77680004954      0.358281849984      0.358281849984      0.171836324803    
   8.50000000000      0.265253286764E-02  0.889720237139     -0.149223323414E-16   3.31784574150       1.77944047428      0.359131360038      0.359131360038      0.171457517064    
   8.53125000000      0.264739415790E-02  0.891035746833     -0.141561064500E-16   3.32709439961       1.78207149367      0.359977333271      0.359977333271      0.171081080290    
   8.56250000000      0.264227380159E-02  0.892346558048     -0.146818394215E-16   3.33630422101       1.78469311610      0.360819761050      0.360819761050      0.170707035949    
   8.59375000000      0.263717178158E-02  0.893652675171     -0.151367313089E-16   3.34547511494       1.78730535034      0.361658634935      0.361658634935      0.170335405301    
   8.62500000000      0.263208808002E-02  0.894954102769     -0.145545727665E-16   3.35460699480       1.78990820554      0.362493946688      0.362493946688      0.169966209393    
   8.65625000000      0.262702267838E-02  0.896250845590     -0.154724763538E-16   3.36369977823       1.79250169118      0.363325688272      0.363325688272      0.169599469045    
   8.68750000000      0.262197555743E-02  0.897542908552     -0.145270724538E-16   3.37275338700       1.79508581710      0.364153851854      0.364153851854      0.169235204844    
   8.71875000000      0.261694669731E-02  0.898830296744     -0.150867707155E-16   3.38176774700       1.79766059349      0.364978429805      0.364978429805      0.168873437133    
   8.75000000000      0.261193607750E-02  0.900113015416     -0.154037176991E-16   3.39074278821       1.80022603083      0.365799414706      0.365799414706      0.168514186003    
   8.78125000000      0.260694367686E-02  0.901391069979     -0.159417897866E-16   3.39967844464       1.80278213996      0.366616799347      0.366616799347      0.168157471285    
   8.81250000000      0.260196947366E-02  0.902664465999     -0.150623087081E-16   3.40857465432       1.80532893200      0.367430576727      0.367430576727      0.167803312544    
   8.84375000000      0.259701344556E-02  0.903933209191     -0.153220542415E-16   3.41743135923       1.80786641838      0.368240740063      0.368240740063      0.167451729066    
   8.87500000000      0.259207556967E-02  0.905197305419     -0.152299214331E-16   3.42624850531       1.81039461084      0.369047282783      0.369047282783      0.167102739854    
   8.90625000000      0.258715582253E-02  0.906456760688     -0.156928796010E-16   3.43502604235       1.81291352138      0.369850198533      0.369850198533      0.166756363621    
   8.93750000000      0.258225418014E-02  0.907711581141     -0.156379382169E-16   3.44376392401       1.81542316228      0.370649481180      0.370649481180      0.166412618781    
   8.96875000000      0.257737061796E-02  0.908961773057     -0.149418496235E-16   3.45246210779       1.81792354611      0.371445124807      0.371445124807      0.166071523443    
   9.00000000000      0.257250511097E-02  0.910207342846     -0.153952080603E-16   3.46112055494       1.82041468569      0.372237123721      0.372237123721      0.165733095404    
   9.03125000000      0.256765763363E-02  0.911448297047     -0.148315380822E-16   3.46973923045       1.82289659409      0.373025472452      0.373025472452      0.165397352142    
   9.06250000000      0.256282815990E-02  0.912684642322     -0.141655436002E-16   3.47831810298       1.82536928464      0.373810165755      0.373810165755      0.165064310813    
   9.09375000000      0.255801666328E-02  0.913916385455     -0.146936921836E-16   3.48723915430       1.82783277091      0.374591198608      0.374591198608      0.164733988239    
   9.12500000000      0.255322311683E-02  0.915143533348     -0.157895680441E-16   3.49618626852       1.83028706670      0.375368566219      0.375368566219      0.164406400909    
   9.15625000000      0.254844749311E-02  0.916366093018     -0.159665866019E-16   3.50539478024       1.83273218604      0.376142264024      0.376142264024      0.164081564969    
   9.18750000000      0.254368976430E-02  0.917584071595     -0.157801534321E-16   3.51463192503       1.83516814319      0.376912287688      0.376912287688      0.163759496220    
   9.21875000000      0.253894990210E-02  0.918797476317     -0.158185013190E-16   3.52383510442       1.83759495263      0.377678633105      0.377678633105      0.163440210108    
   9.25000000000      0.253422787783E-02  0.920006314530     -0.164247991547E-16   3.53300427639       1.84001262906      0.378441296403      0.378441296403      0.163123721724    
   9.28125000000      0.252952366240E-02  0.921210593681     -0.159314271563E-16   3.54213940218       1.84242118736      0.379200273941      0.379200273941      0.162810045800    
   9.31250000000      0.252483722630E-02  0.922410321322     -0.160776638343E-16   3.55124044624       1.84482064264      0.379955562311      0.379955562311      0.162499196700    
   9.34375000000      0.252016853966E-02  0.923605505102     -0.165287711890E-16   3.56030737625       1.84721101020      0.380707158341      0.380707158341      0.162191188419    
   9.37500000000      0.251551757222E-02  0.924796152767     -0.167517658894E-16   3.56934016302       1.84959230553      0.381455059093      0.381455059093      0.161886034580    
   9.40625000000      0.251088429336E-02  0.925982272156     -0.174613187449E-16   3.57833878050       1.85196454431      0.382199261864      0.382199261864      0.161583748428    
   9.43750000000      0.250626867208E-02  0.927163871203     -0.170734977362E-16   3.58730320576       1.85432774241      0.382939764188      0.382939764188      0.161284342827    
   9.46875000000      0.250167067706E-02  0.928340957929     -0.175189057337E-16   3.59623341889       1.85668191586      0.383676563835      0.383676563835      0.160987830259    
   9.50000000000      0.249709027661E-02  0.929513540444     -0.169546697465E-16   3.60512940304       1.85902708089      0.384409658812      0.384409658812      0.160694222819    
   9.53125000000      0.249252743872E-02  0.930681626944     -0.163964249835E-16   3.61411741091       1.86136325389      0.385139047366      0.385139047366      0.160403532213    
   9.56250000000      0.248798213103E-02  0.931845225710     -0.171390477700E-16   3.62336999156       1.86369045142      0.385864727978      0.385864727978      0.160115769754    
   9.59375000000      0.248345432090E-02  0.933004345105     -0.168155931997E-16   3.63258788614       1.86600869021      0.386586699372      0.386586699372      0.159830946361    
   9.62500000000      0.247894397533E-02  0.934158993570     -0.172273582061E-16   3.64177105737       1.86831798714      0.387304960506      0.387304960506      0.159549072559    
   9.65625000000      0.247445106104E-02  0.935309179630     -0.176091229628E-16   3.65091947107       1.87061835926      0.388019510579      0.388019510579      0.159270158471    
   9.68750000000      0.246997554443E-02  0.936454911882     -0.180121672126E-16   3.66003309613       1.87290982376      0.388730349029      0.388730349029      0.158994213824    
   9.71875000000      0.246551739161E-02  0.937596199003     -0.180200558488E-16   3.66911190453       1.87519239801      0.389437475531      0.389437475531      0.158721247941    
   9.75000000000      0.246107656841E-02  0.938733049741     -0.183993907166E-16   3.67815587123       1.87746609948      0.390140889999      0.390140889999      0.158451269743    
   9.78125000000      0.245665304037E-02  0.939865472921     -0.188659699215E-16   3.68716497422       1.87973094584      0.390840592588      0.390840592588      0.158184287746    
   9.81250000000      0.245224677273E-02  0.940993477436     -0.191813167335E-16   3.69613919441       1.88198695487      0.391536583687      0.391536583687      0.157920310063    
   9.84375000000      0.244785773048E-02  0.942117072252     -0.194018219374E-16   3.70507851568       1.88423414450      0.392228863927      0.392228863927      0.157659344398    
   9.87500000000      0.244348587834E-02  0.943236266401     -0.189566221097E-16   3.71398292478       1.88647253280      0.392917434174      0.392917434174      0.157401398053    
   9.90625000000      0.243913118074E-02  0.944351068987     -0.196991278051E-16   3.72285241133       1.88870213797      0.393602295533      0.393602295533      0.157146477920    
   9.93750000000      0.243479360186E-02  0.945461489178     -0.200005825493E-16   3.73168696782       1.89092297836      0.394283449346      0.394283449346      0.156894590486    
   9.96875000000      0.243047310565E-02  0.946567536209     -0.192877085804E-16   3.74048658948       1.89313507242      0.394960897191      0.394960897191      0.156645741828    
   10.0000000000      0.242616965576E-02  0.947669219381     -0.199706678676E-16   3.74925127437       1.89533843876      0.395634640881      0.395634640881      0.156399937619    
