   0.00000000000      0.169058888063E-02  0.375000000000     -0.965068818343E-06   3.44102909658      0.750000000000      0.113269849683E-01  0.173821684760      0.189851330272    
  0.125000000000      0.168582676011E-02  0.383668825915     -0.967217442847E-06   3.61391216756      0.767337651831      0.117838189310E-01  0.179829601720      0.192055405264    
  0.250000000000      0.168014161832E-02  0.394017988885     -0.968760660567E-06   3.83773467712      0.788035977770      0.122717823896E-01  0.186890077794      0.194856128701    
  0.375000000000      0.167341296070E-02  0.406266828153     -0.969528243839E-06   4.10696814838      0.812533656305      0.127891230320E-01  0.195082813858      0.198394891263    
  0.500000000000      0.166550884605E-02  0.420655510603     -0.969395335979E-06   4.40984854232      0.841311021206      0.133342858687E-01  0.204494567843      0.202826656891    
  0.625000000000      0.165630160949E-02  0.437416408827     -0.968305019271E-06   4.76528815619      0.874832817654      0.139059169665E-01  0.215205675496      0.208304816365    
  0.750000000000      0.164569006285E-02  0.456733694194     -0.966281216988E-06   5.15156130193      0.913467388388      0.145028680153E-01  0.227271212349      0.214959613830    
  0.875000000000      0.163362410670E-02  0.478698546301     -0.963424435833E-06   5.56716773941      0.957397092602      0.151242094763E-01  0.240700731564      0.222873605261    
   1.00000000000      0.162012479847E-02  0.503272634785     -0.959887143846E-06   5.99782727316       1.00654526957      0.157692571078E-01  0.255442827482      0.232060550195    
   1.12500000000      0.160529244131E-02  0.530273397573     -0.955833822323E-06   6.40234505929       1.06054679515      0.164376076324E-01  0.271380702680      0.242455087260    
   1.25000000000      0.158929851570E-02  0.559388715044     -0.951399384591E-06   6.88467167073       1.11877743009      0.171291681856E-01  0.288341568326      0.253917978532    
   1.37500000000      0.157236326900E-02  0.590217681393     -0.946663198088E-06   7.24950556642       1.18043536279      0.178441580450E-01  0.306117354826      0.266256168522    
   1.50000000000      0.155472628621E-02  0.622324158598     -0.941650732824E-06   7.71176558408       1.24464831720      0.185830641076E-01  0.324489838450      0.279251256041    
   1.62500000000      0.153661919798E-02  0.655286457685     -0.936362547148E-06   8.08562588587       1.31057291537      0.193465418568E-01  0.343252427300      0.292687488528    
   1.75000000000      0.151824716268E-02  0.688731064314     -0.930817476731E-06   8.37685412543       1.37746212863      0.201352664840E-01  0.362223614585      0.306372183245    
   1.87500000000      0.149978100176E-02  0.722346975113     -0.925090654956E-06   8.67319039323       1.44469395023      0.209497511850E-01  0.381251361443      0.320145862485    
   2.00000000000      0.148135780328E-02  0.755884611445     -0.919330318382E-06   8.95696529691       1.51176922289      0.217901597530E-01  0.400210921019      0.333883530673    
   2.12500000000      0.146308607717E-02  0.789146436922     -0.913747525979E-06   9.27225680274       1.57829287384      0.226561463839E-01  0.418999692312      0.347490598226    
   2.25000000000      0.144505197174E-02  0.821975635914     -0.908584025243E-06   9.51329537930       1.64395127183      0.235467546672E-01  0.437531979531      0.360896901716    
   2.37500000000      0.142732450408E-02  0.854246585507     -0.904070403103E-06   9.68157932072       1.70849317101      0.244603991777E-01  0.455735114413      0.374051071916    
   2.50000000000      0.140995915690E-02  0.885858302138     -0.900387553240E-06   9.85964941516       1.77171660428      0.253949385709E-01  0.473547175360      0.386916188208    
   2.62500000000      0.139300005476E-02  0.916730476823     -0.897640764735E-06   10.0109221264       1.83346095365      0.263478322706E-01  0.490915876199      0.399466768353    
   2.75000000000      0.137648124079E-02  0.946801149578     -0.895850196198E-06   10.0962191942       1.89360229916      0.273163578941E-01  0.507798043851      0.411686747833    
   2.87500000000      0.136042753966E-02  0.976025138309     -0.894956582733E-06   10.1580756015       1.95205027662      0.282978568442E-01  0.524159235762      0.423568045703    
   3.00000000000      0.134485532404E-02   1.00437264389     -0.894837966629E-06   10.2441609344       2.00874528778      0.292899727323E-01  0.539973260274      0.435109410884    
