   0.00000000000      0.177162763942E-02  0.375000000000      0.845700929322E-03   3.30166998352      0.750000000000      0.284280442222E-01  0.158407971917      0.188163983861    
  0.125000000000      0.176690464008E-02  0.383597695725      0.844125636159E-03   3.48389904540      0.767195391449      0.296908308952E-01  0.165229698457      0.188677166372    
  0.250000000000      0.176131848491E-02  0.393766738953      0.842437337873E-03   3.70479465922      0.787533477905      0.310629684673E-01  0.173103789616      0.189599980870    
  0.375000000000      0.175477565587E-02  0.405677364482      0.840719925316E-03   3.95784418191      0.811354728964      0.325391113485E-01  0.182075353273      0.191062899861    
  0.500000000000      0.174717548956E-02  0.419512808418      0.839071432040E-03   4.24941507251      0.839025616836      0.341140687257E-01  0.192192806274      0.193205933418    
  0.625000000000      0.173842137191E-02  0.435448929197      0.837595602368E-03   4.55902700275      0.870897858395      0.357829467682E-01  0.203498782746      0.196167199684    
  0.750000000000      0.172843635505E-02  0.453625782424      0.836388101292E-03   4.92005161245      0.907251564847      0.375412722419E-01  0.216017507738      0.200067002444    
  0.875000000000      0.171718067683E-02  0.474115735737      0.835517607464E-03   5.30277330670      0.948231471474      0.393850920525E-01  0.229741211435      0.204989432249    
   1.00000000000      0.170466678427E-02  0.496896128688      0.835003681275E-03   5.69093567698      0.993792257377      0.413110409465E-01  0.244619578940      0.210965508802    
   1.12500000000      0.169096689644E-02  0.521835508674      0.834795262192E-03   6.05444272085       1.04367101735      0.433163641481E-01  0.260556210471      0.217962934054    
   1.25000000000      0.167620977687E-02  0.548699500663      0.834755273498E-03   6.48379829771       1.09739900133      0.453988783163E-01  0.277414089634      0.225886532712    
   1.37500000000      0.166056691176E-02  0.577175954721      0.834657159052E-03   6.84813091757       1.15435190944      0.475568601691E-01  0.295028801478      0.234590293074    
   1.50000000000      0.164423205472E-02  0.606912169438      0.834197421488E-03   7.19696834729       1.21382433888      0.497888677319E-01  0.313225388004      0.243897913702    
   1.62500000000      0.162740009504E-02  0.637553355487      0.833024330006E-03   7.59798337867       1.27510671097      0.520935143786E-01  0.331833832922      0.253626008187    
   1.75000000000      0.161025051084E-02  0.668772763509      0.830778102210E-03   7.94318122108       1.33754552702      0.544692197666E-01  0.350699530969      0.263604012773    
   1.87500000000      0.159293801807E-02  0.700288718462      0.827134097197E-03   8.19885974634       1.40057743692      0.569139550780E-01  0.369687663225      0.273687100159    
   2.00000000000      0.157559009049E-02  0.731869144162      0.821839665684E-03   8.44120652796       1.46373828832      0.594249941447E-01  0.388682675129      0.283761474888    
   2.12500000000      0.155830917037E-02  0.763327543475      0.814737647918E-03   8.67537982408       1.52665508695      0.619986863971E-01  0.407585123942      0.293743733135    
   2.25000000000      0.154117698888E-02  0.794515132559      0.805773842344E-03   8.97091900341       1.58903026512      0.646302797948E-01  0.426308016889      0.303576835875    
   2.37500000000      0.152425903002E-02  0.825312711010      0.794990102707E-03   9.19549938776       1.65062542202      0.673138309673E-01  0.444773950604      0.313224929439    
   2.50000000000      0.150760811563E-02  0.855624131810      0.782507513064E-03   9.34354953264       1.71124826362      0.700422360786E-01  0.462913483269      0.322668412462    
   2.62500000000      0.149126686958E-02  0.885371812563      0.768504863215E-03   9.53801717244       1.77074362513      0.728073978546E-01  0.480664569168      0.331899845540    
   2.75000000000      0.147526925900E-02  0.914493928232      0.753196855675E-03   9.67647498658       1.82898785646      0.756005179358E-01  0.497972632025      0.340920778271    
   2.87500000000      0.145964155071E-02  0.942942669465      0.736814953390E-03   9.73970561220       1.88588533893      0.784124785389E-01  0.514790857510      0.349739333416    
   3.00000000000      0.144440298470E-02  0.970683016469      0.719592245085E-03   9.88099855435       1.94136603294      0.812342610727E-01  0.531080414659      0.358368340737    
