   0.00000000000      0.316628698882E-02  0.375000000000     -0.199578485407E-19   2.00000000000      0.750000000000      0.625000000000E-01  0.625000000000E-01  0.250000000000    
  0.156250000000E-01  0.316628211273E-02  0.375004993120     -0.444801244175E-18   1.99993368255      0.750009986239      0.625038031422E-01  0.625038031422E-01  0.249997386835    
  0.312500000000E-01  0.316626748428E-02  0.375019972655      0.107722112898E-18   1.99973474548      0.750039945310      0.625152121969E-01  0.625152121969E-01  0.249989548261    
  0.468750000000E-01  0.316624310295E-02  0.375044939134      0.107257909602E-18   1.99940323463      0.750089878269      0.625342260482E-01  0.625342260482E-01  0.249976487038    
  0.625000000000E-01  0.316620896789E-02  0.375079893440      0.433811736882E-18   1.99893922643      0.750159786880      0.625608428370E-01  0.625608428370E-01  0.249958207766    
  0.781250000000E-01  0.316616507788E-02  0.375124836802      0.860243614749E-19   1.99834282776      0.750249673605      0.625950599619E-01  0.625950599619E-01  0.249934716879    
  0.937500000000E-01  0.316611143140E-02  0.375179770804     -0.172921719825E-18   1.99761417602      0.750359541608      0.626368740802E-01  0.626368740802E-01  0.249906022643    
  0.109375000000      0.316604802655E-02  0.375244697373     -0.300977656913E-18   1.99675343897      0.750489394745      0.626862811103E-01  0.626862811103E-01  0.249872135152    
  0.125000000000      0.316597486111E-02  0.375319618783     -0.218620108473E-18   1.99576081474      0.750639237566      0.627432762326E-01  0.627432762326E-01  0.249833066318    
  0.140625000000      0.316589193252E-02  0.375404537652     -0.164277036740E-18   1.99463653168      0.750809075304      0.628078538930E-01  0.628078538930E-01  0.249788829866    
  0.156250000000      0.316579923791E-02  0.375499456934     -0.230636714424E-18   1.99338084831      0.750998913869      0.628800078050E-01  0.628800078050E-01  0.249739441324    
  0.171875000000      0.316569677405E-02  0.375604379923      0.330207283893E-18   1.99199405315      0.751208759846      0.629597309529E-01  0.629597309529E-01  0.249684918017    
  0.187500000000      0.316558453742E-02  0.375719310241     -0.463614068900E-19   1.99047646466      0.751438620482      0.630470155956E-01  0.630470155956E-01  0.249625279050    
  0.203125000000      0.316546252414E-02  0.375844251840     -0.214223336265E-19   1.98882843105      0.751688503679      0.631418532697E-01  0.631418532697E-01  0.249560545300    
  0.218750000000      0.316533073004E-02  0.375979208993      0.168391396649E-18   1.98705033015      0.751958417985      0.632442347946E-01  0.632442347946E-01  0.249490739403    
  0.234375000000      0.316518915065E-02  0.376124186291      0.182820246005E-18   1.98514256926      0.752248372583      0.633541502763E-01  0.633541502763E-01  0.249415885739    
  0.250000000000      0.316503778117E-02  0.376279188640     -0.430539441838E-18   1.98310558492      0.752558377279      0.634715891125E-01  0.634715891125E-01  0.249336010415    
  0.265625000000      0.316487661651E-02  0.376444221247     -0.392854374019E-19   1.98093984278      0.752888442493      0.635965399977E-01  0.635965399977E-01  0.249251141251    
  0.281250000000      0.316470565130E-02  0.376619289622     -0.215396616814E-18   1.97864583738      0.753238579244      0.637289909288E-01  0.637289909288E-01  0.249161307764    
  0.296875000000      0.316452487987E-02  0.376804399568     -0.506333470875E-18   1.97622409191      0.753608799136      0.638689292111E-01  0.638689292111E-01  0.249066541146    
  0.312500000000      0.316433429627E-02  0.376999557173     -0.464483538053E-18   1.97367515803      0.753999114346      0.640163414640E-01  0.640163414640E-01  0.248966874245    
  0.328125000000      0.316413389429E-02  0.377204768805     -0.445959903447E-18   1.97099961559      0.754409537610      0.641712136278E-01  0.641712136278E-01  0.248862341549    
  0.343750000000      0.316392366744E-02  0.377420041101     -0.852660885377E-18   1.96819807240      0.754840082202      0.643335309706E-01  0.643335309706E-01  0.248752979160    
  0.359375000000      0.316370360898E-02  0.377645380962     -0.729361201939E-18   1.96527116398      0.755290761924      0.645032780949E-01  0.645032780949E-01  0.248638824772    
  0.375000000000      0.316347371193E-02  0.377880795543     -0.104320693471E-17   1.96221955324      0.755761591086      0.646804389454E-01  0.646804389454E-01  0.248519917652    
  0.390625000000      0.316323396905E-02  0.378126292244     -0.536761311891E-18   1.95904393027      0.756252584489      0.648649968167E-01  0.648649968167E-01  0.248396298611    
  0.406250000000      0.316298437290E-02  0.378381878703     -0.824087645063E-18   1.95574501198      0.756763757405      0.650569343606E-01  0.650569343606E-01  0.248268009981    
  0.421875000000      0.316272491579E-02  0.378647562781     -0.507942057716E-18   1.95232354184      0.757295125562      0.652562335952E-01  0.652562335952E-01  0.248135095591    
  0.437500000000      0.316245558984E-02  0.378923352561     -0.880558113338E-18   1.94878028953      0.757846705121      0.654628759127E-01  0.654628759127E-01  0.247997600735    
  0.453125000000      0.316217638694E-02  0.379209256328     -0.344308728410E-18   1.94511605062      0.758418512656      0.656768420883E-01  0.656768420883E-01  0.247855572152    
  0.468750000000      0.316188729882E-02  0.379505282568     -0.861646903074E-18   1.94133164625      0.759010565136      0.658981122894E-01  0.658981122894E-01  0.247709057989    
  0.484375000000      0.316158831700E-02  0.379811439950     -0.434103599338E-18   1.93742792280      0.759622879901      0.661266660844E-01  0.661266660844E-01  0.247558107781    
  0.500000000000      0.316127943285E-02  0.380127737320     -0.550231124986E-18   1.93340575146      0.760255474639      0.663624824526E-01  0.663624824526E-01  0.247402772414    
  0.515625000000      0.316096063757E-02  0.380454183685     -0.198622525475E-18   1.92926602796      0.760908367369      0.666055397936E-01  0.666055397936E-01  0.247243104097    
  0.531250000000      0.316063192222E-02  0.380790788206     -0.239879291918E-18   1.92500967211      0.761581576413      0.668558159372E-01  0.668558159372E-01  0.247079156332    
  0.546875000000      0.316029327770E-02  0.381137560186     -0.532643475539E-18   1.92063762748      0.762275120373      0.671132881533E-01  0.671132881533E-01  0.246910983880    
  0.562500000000      0.315994469482E-02  0.381494509055     -0.492319517864E-18   1.91615086097      0.762989018110      0.673779331627E-01  0.673779331627E-01  0.246738642730    
  0.578125000000      0.315958616425E-02  0.381861644359      0.100582181059E-18   1.91155036244      0.763723288717      0.676497271470E-01  0.676497271470E-01  0.246562190065    
  0.593750000000      0.315921767657E-02  0.382238975748      0.442135482061E-18   1.90683714426      0.764477951496      0.679286457597E-01  0.679286457597E-01  0.246381684228    
  0.609375000000      0.315883922226E-02  0.382626512965      0.325248099803E-18   1.90201224092      0.765253025929      0.682146641366E-01  0.682146641366E-01  0.246197184691    
  0.625000000000      0.315845079172E-02  0.383024265829      0.969926312308E-19   1.89707670861      0.766048531659      0.685077569070E-01  0.685077569070E-01  0.246008752015    
  0.640625000000      0.315805237532E-02  0.383432244228      0.203122345002E-18   1.89203162478      0.766864488457      0.688078982048E-01  0.688078982048E-01  0.245816447819    
  0.656250000000      0.315764396334E-02  0.383850458100      0.308739607403E-18   1.88687808770      0.767700916199      0.691150616796E-01  0.691150616796E-01  0.245620334740    
  0.671875000000      0.315722554603E-02  0.384278917421      0.214636581453E-18   1.88161721600      0.768557834842      0.694292205084E-01  0.694292205084E-01  0.245420476404    
  0.687500000000      0.315679711363E-02  0.384717632195      0.581037672884E-18   1.87625014826      0.769435264389      0.697503474066E-01  0.697503474066E-01  0.245216937381    
  0.703125000000      0.315635865637E-02  0.385166612436      0.155003541839E-18   1.87077804251      0.770333224871      0.700784146400E-01  0.700784146400E-01  0.245009783156    
  0.718750000000      0.315591016445E-02  0.385625868157     -0.237284992610E-18   1.86520207577      0.771251736313      0.704133940365E-01  0.704133940365E-01  0.244799080084    
  0.734375000000      0.315545162813E-02  0.386095409354     -0.106693212790E-18   1.85952344361      0.772190818709      0.707552569976E-01  0.707552569976E-01  0.244584895359    
  0.750000000000      0.315498303766E-02  0.386575245995      0.234428341194E-18   1.85374335966      0.773150491990      0.711039745105E-01  0.711039745105E-01  0.244367296974    
  0.765625000000      0.315450438335E-02  0.387065388002      0.194377379370E-18   1.84786305510      0.774130776004      0.714595171599E-01  0.714595171599E-01  0.244146353682    
  0.781250000000      0.315401565558E-02  0.387565845239     -0.190856394741E-19   1.84188377823      0.775131690478      0.718218551402E-01  0.718218551402E-01  0.243922134959    
  0.796875000000      0.315351684478E-02  0.388076627498      0.303013819295E-19   1.83580679392      0.776153254995      0.721909582673E-01  0.721909582673E-01  0.243694710963    
  0.812500000000      0.315300794148E-02  0.388597744483     -0.352736900634E-18   1.82963338319      0.777195488966      0.725667959908E-01  0.725667959908E-01  0.243464152501    
  0.828125000000      0.315248893629E-02  0.389129205798      0.152688516311E-18   1.82336484265      0.778258411595      0.729493374062E-01  0.729493374062E-01  0.243230530985    
  0.843750000000      0.315195981995E-02  0.389671020929     -0.406652012618E-18   1.81700248400      0.779342041858      0.733385512669E-01  0.733385512669E-01  0.242993918395    
  0.859375000000      0.315142058332E-02  0.390223199234     -0.864872352804E-18   1.81054763359      0.780446398467      0.737344059965E-01  0.737344059965E-01  0.242754387240    
  0.875000000000      0.315087121741E-02  0.390785749923     -0.573663338120E-18   1.80400163184      0.781571499846      0.741368697008E-01  0.741368697008E-01  0.242512010522    
  0.890625000000      0.315031171338E-02  0.391358682050     -0.840970514121E-18   1.79736583278      0.782717364099      0.745459101798E-01  0.745459101798E-01  0.242266861690    
  0.906250000000      0.314974206256E-02  0.391942004491     -0.528874176515E-18   1.79064160350      0.783884008982      0.749614949403E-01  0.749614949403E-01  0.242019014611    
  0.921875000000      0.314916225646E-02  0.392535725937      0.211892272536E-19   1.78383032368      0.785071451873      0.753835912078E-01  0.753835912078E-01  0.241768543521    
  0.937500000000      0.314857228680E-02  0.393139854872     -0.373515207607E-18   1.77693338504      0.786279709745      0.758121659381E-01  0.758121659381E-01  0.241515522996    
  0.953125000000      0.314797214550E-02  0.393754399566     -0.301953204895E-18   1.76995219082      0.787508799132      0.762471858301E-01  0.762471858301E-01  0.241260027906    
  0.968750000000      0.314736182471E-02  0.394379368054      0.178687795714E-18   1.76288815531      0.788758736109      0.766886173373E-01  0.766886173373E-01  0.241002133380    
  0.984375000000      0.314674131683E-02  0.395014768126     -0.551993211979E-18   1.75574270328      0.790029536252      0.771364266798E-01  0.771364266798E-01  0.240741914767    
   1.00000000000      0.314611061450E-02  0.395660607310     -0.125357289567E-17   1.74851726947      0.791321214620      0.775905798562E-01  0.775905798562E-01  0.240479447598    
   1.01562500000      0.314546971064E-02  0.396316892860     -0.670247845222E-18   1.74121329810      0.792633785719      0.780510426554E-01  0.780510426554E-01  0.240214807549    
   1.03125000000      0.314481859845E-02  0.396983631738     -0.102573773753E-17   1.73383224231      0.793967263477      0.785177806681E-01  0.785177806681E-01  0.239948070402    
   1.04687500000      0.314415727144E-02  0.397660830607     -0.113350097423E-17   1.72637556368      0.795321661213      0.789907592988E-01  0.789907592988E-01  0.239679312009    
   1.06250000000      0.314348572339E-02  0.398348495807     -0.110528397983E-17   1.71884473170      0.796696991614      0.794699437769E-01  0.794699437769E-01  0.239408608253    
   1.07812500000      0.314280394844E-02  0.399046633351     -0.126145661172E-17   1.71124122322      0.798093266703      0.799552991682E-01  0.799552991682E-01  0.239136035015    
   1.09375000000      0.314211194106E-02  0.399755248906     -0.136975892709E-17   1.70356652199      0.799510497811      0.804467903865E-01  0.804467903865E-01  0.238861668133    
   1.10937500000      0.314140969607E-02  0.400474347777     -0.230864492945E-17   1.69582211808      0.800948695554      0.809443822041E-01  0.809443822041E-01  0.238585583369    
   1.12500000000      0.314069720865E-02  0.401203934901     -0.166995921920E-17   1.68800950746      0.802407869803      0.814480392638E-01  0.814480392638E-01  0.238307856374    
   1.14062500000      0.313997447434E-02  0.401944014828     -0.144267101655E-17   1.68013019138      0.803888029656      0.819577260889E-01  0.819577260889E-01  0.238028562650    
   1.15625000000      0.313924148911E-02  0.402694591707     -0.162838473544E-17   1.67218567593      0.805389183414      0.824734070945E-01  0.824734070945E-01  0.237747777518    
   1.17187500000      0.313849824929E-02  0.403455669279     -0.178475196036E-17   1.66417747152      0.806911338557      0.829950465981E-01  0.829950465981E-01  0.237465576083    
   1.18750000000      0.313774475166E-02  0.404227250857     -0.187560446879E-17   1.65610709238      0.808454501713      0.835226088297E-01  0.835226088297E-01  0.237182033197    
   1.20312500000      0.313698099340E-02  0.405009339318     -0.208438740557E-17   1.64797605605      0.810018678637      0.840560579427E-01  0.840560579427E-01  0.236897223433    
   1.21875000000      0.313620697213E-02  0.405801937091     -0.210944315095E-17   1.63978588289      0.811603874183      0.845953580238E-01  0.845953580238E-01  0.236611221044    
   1.23437500000      0.313542268595E-02  0.406605046141     -0.173157530455E-17   1.63153809556      0.813210092282      0.851404731028E-01  0.851404731028E-01  0.236324099936    
   1.25000000000      0.313462813340E-02  0.407418667960     -0.133674719843E-17   1.62323421858      0.814837335919      0.856913671629E-01  0.856913671629E-01  0.236035933634    
   1.26562500000      0.313382331348E-02  0.408242803552     -0.127385768626E-17   1.61487577781      0.816485607105      0.862480041501E-01  0.862480041501E-01  0.235746795252    
   1.28125000000      0.313300822571E-02  0.409077453428     -0.155718704165E-17   1.60646429997      0.818154906856      0.868103479826E-01  0.868103479826E-01  0.235456757463    
   1.29687500000      0.313218287009E-02  0.409922617587     -0.118087402540E-17   1.59800131216      0.819845235173      0.873783625604E-01  0.873783625604E-01  0.235165892466    
   1.31250000000      0.313134724712E-02  0.410778295508     -0.876401477943E-18   1.58948834141      0.821556591016      0.879520117743E-01  0.879520117743E-01  0.234874271959    
   1.32812500000      0.313050135783E-02  0.411644486141     -0.301275004050E-18   1.58092691419      0.823288972283      0.885312595148E-01  0.885312595148E-01  0.234581967112    
   1.34375000000      0.312964520377E-02  0.412521187895     -0.677241436181E-18   1.57231855594      0.825042375790      0.891160696809E-01  0.891160696809E-01  0.234289048533    
   1.35937500000      0.312877878704E-02  0.413408398626     -0.975770950167E-18   1.56366479064      0.826816797251      0.897064061887E-01  0.897064061887E-01  0.233995586248    
   1.37500000000      0.312790211028E-02  0.414306115627     -0.730655921162E-18   1.55496714034      0.828612231255      0.903022329798E-01  0.903022329798E-01  0.233701649668    
   1.39062500000      0.312701517669E-02  0.415214335624     -0.986154852848E-18   1.54622712470      0.830428671247      0.909035140294E-01  0.909035140294E-01  0.233407307565    
   1.40625000000      0.312611799004E-02  0.416133054756     -0.757750504973E-18   1.53744626059      0.832266109513      0.915102133543E-01  0.915102133543E-01  0.233112628048    
   1.42187500000      0.312521055467E-02  0.417062268578     -0.423107084684E-18   1.52862606158      0.834124537156      0.921222950208E-01  0.921222950208E-01  0.232817678536    
   1.43750000000      0.312429287550E-02  0.418001972040     -0.576209262197E-18   1.51976803760      0.836003944080      0.927397231521E-01  0.927397231521E-01  0.232522525736    
   1.45312500000      0.312336495807E-02  0.418952159488     -0.987770293754E-18   1.51087369445      0.837904318976      0.933624619358E-01  0.933624619358E-01  0.232227235617    
   1.46875000000      0.312242680850E-02  0.419912824650     -0.526918242514E-18   1.50194453342      0.839825649300      0.939904756309E-01  0.939904756309E-01  0.231931873388    
   1.48437500000      0.312147843352E-02  0.420883960630     -0.753708428288E-18   1.49298205085      0.841767921260      0.946237285752E-01  0.946237285752E-01  0.231636503480    
   1.50000000000      0.312051984048E-02  0.421865559900     -0.409576680867E-18   1.48398773775      0.843731119800      0.952621851914E-01  0.952621851914E-01  0.231341189517    
   1.51562500000      0.311955103737E-02  0.422857614292     -0.281618377315E-18   1.47496307938      0.845715228583      0.959058099943E-01  0.959058099943E-01  0.231045994303    
   1.53125000000      0.311857203278E-02  0.423860114991      0.223277393827E-19   1.46590955491      0.847720229982      0.965545675967E-01  0.965545675967E-01  0.230750979798    
   1.54687500000      0.311758283596E-02  0.424873052531      0.387209133705E-19   1.45682863694      0.849746105061      0.972084227158E-01  0.972084227158E-01  0.230456207099    
   1.56250000000      0.311658345681E-02  0.425896416782      0.782634058957E-19   1.44772179123      0.851792833564      0.978673401791E-01  0.978673401791E-01  0.230161736424    
   1.57812500000      0.311557390586E-02  0.426930196952     -0.235445068351E-18   1.43859047626      0.853860393904      0.985312849300E-01  0.985312849300E-01  0.229867627092    
   1.59375000000      0.311455419432E-02  0.427974381574     -0.274688948739E-18   1.42943614290      0.855948763148      0.992002220335E-01  0.992002220335E-01  0.229573937507    
   1.60937500000      0.311352433403E-02  0.429028958505      0.287794946811E-18   1.42026023402      0.858057917009      0.998741166814E-01  0.998741166814E-01  0.229280725142    
   1.62500000000      0.311248433754E-02  0.430093914918      0.517268288838E-18   1.41106418422      0.860187829836      0.100552934197      0.100552934197      0.228988046523    
   1.64062500000      0.311143421802E-02  0.431169237301      0.355868868368E-18   1.40184941938      0.862338474602      0.101236640042      0.101236640042      0.228695957216    
   1.65625000000      0.311037398936E-02  0.432254911448     -0.454198611819E-19   1.39261735642      0.864509822896      0.101925199819      0.101925199819      0.228404511811    
   1.67187500000      0.310930366611E-02  0.433350922458      0.104352653291E-19   1.38336940293      0.866701844915      0.102618579275      0.102618579275      0.228113763908    
   1.68750000000      0.310822326350E-02  0.434457254728      0.191185173657E-19   1.37410695687      0.868914509456      0.103316744310      0.103316744310      0.227823766108    
   1.70312500000      0.310713279746E-02  0.435573891954     -0.461831879890E-19   1.36483140624      0.871147783909      0.104019660978      0.104019660978      0.227534569999    
   1.71875000000      0.310603228460E-02  0.436700817125     -0.391238911682E-19   1.35973611596      0.873401634251      0.104727295490      0.104727295490      0.227246226145    
   1.73437500000      0.310492174222E-02  0.437838012520     -0.223569840016E-18   1.35673296869      0.875676025041      0.105439614222      0.105439614222      0.226958784076    
   1.75000000000      0.310380118833E-02  0.438985459707     -0.518831423296E-18   1.35445131843      0.877970919413      0.106156583714      0.106156583714      0.226672292279    
   1.76562500000      0.310267064162E-02  0.440143139538     -0.415619905855E-18   1.35291570883      0.880286279076      0.106878170675      0.106878170675      0.226386798188    
   1.78125000000      0.310153012149E-02  0.441311032152     -0.686397016856E-18   1.35183515564      0.882622064304      0.107604341989      0.107604341989      0.226102348175    
   1.79687500000      0.310037964803E-02  0.442489116970     -0.106155323579E-18   1.35100530062      0.884978233940      0.108335064712      0.108335064712      0.225818987546    
   1.81250000000      0.309921924205E-02  0.443677372695      0.135417489114E-18   1.35111257377      0.887354745390      0.109070306081      0.109070306081      0.225536760532    
   1.82812500000      0.309804892504E-02  0.444875777310     -0.738221174212E-18   1.35119184628      0.889751554620      0.109810033514      0.109810033514      0.225255710282    
   1.84375000000      0.309686871921E-02  0.446084308080     -0.574284117357E-18   1.35166757079      0.892168616161      0.110554214611      0.110554214611      0.224975878859    
   1.85937500000      0.309567864746E-02  0.447302941551     -0.774233161204E-18   1.35260129816      0.894605883102      0.111302817158      0.111302817158      0.224697307234    
   1.87500000000      0.309447873340E-02  0.448531653549     -0.289797675853E-18   1.35379852342      0.897063307098      0.112055809131      0.112055809131      0.224420035286    
   1.89062500000      0.309326900134E-02  0.449770419181      0.164268631343E-18   1.35514439818      0.899540838362      0.112813158694      0.112813158694      0.224144101792    
   1.90625000000      0.309204947628E-02  0.451019212839     -0.212885403685E-18   1.35703889937      0.902038425678      0.113574834204      0.113574834204      0.223869544430    
   1.92187500000      0.309082018394E-02  0.452278008196      0.685157022379E-18   1.35889831816      0.904556016392      0.114340804211      0.114340804211      0.223596399774    
   1.93750000000      0.308958115072E-02  0.453546778213      0.614604418833E-18   1.36072180118      0.907093556425      0.115111037460      0.115111037460      0.223324703293    
   1.95312500000      0.308833240373E-02  0.454825495136      0.708675802607E-18   1.36289152642      0.909650990272      0.115885502893      0.115885502893      0.223054489350    
   1.96875000000      0.308707397075E-02  0.456114130503      0.619041081173E-18   1.36551683449      0.912228261006      0.116664169649      0.116664169649      0.222785791204    
   1.98437500000      0.308580588028E-02  0.457412655143      0.234239330002E-18   1.36842055263      0.914825310286      0.117447007068      0.117447007068      0.222518641007    
   2.00000000000      0.308452816150E-02  0.458721039181     -0.129465115580E-18   1.37128377358      0.917442078361      0.118233984687      0.118233984687      0.222253069807    
   2.01562500000      0.308324084425E-02  0.460039252039     -0.159198022500E-18   1.37410553427      0.920078504078      0.119025072245      0.119025072245      0.221989107550    
   2.03125000000      0.308194395909E-02  0.461367262443      0.206308006691E-19   1.37688489125      0.922734524886      0.119820239682      0.119820239682      0.221726783079    
   2.04687500000      0.308063753724E-02  0.462705038423     -0.495154195562E-18   1.38077856307      0.925410076847      0.120619457141      0.120619457141      0.221466124141    
   2.06250000000      0.307932161058E-02  0.464052547322     -0.205490327640E-18   1.38795374172      0.928105094644      0.121422694967      0.121422694967      0.221207157389    
   2.07812500000      0.307799621168E-02  0.465409755794     -0.405124835758E-18   1.39510901606      0.930819511588      0.122229923706      0.122229923706      0.220949908382    
   2.09375000000      0.307666137377E-02  0.466776629814     -0.606791243269E-18   1.40224357633      0.933553259628      0.123041114109      0.123041114109      0.220694401597    
   2.10937500000      0.307531713073E-02  0.468153134682      0.116046496812E-18   1.40935661172      0.936306269365      0.123856237129      0.123856237129      0.220440660425    
   2.12500000000      0.307396351711E-02  0.469539235028     -0.193085148795E-18   1.41644731063      0.939078470055      0.124675263922      0.124675263922      0.220188707184    
   2.14062500000      0.307260056810E-02  0.470934894815     -0.268011635817E-18   1.42351486083      0.941869789629      0.125498165848      0.125498165848      0.219938563118    
   2.15625000000      0.307122831954E-02  0.472340077349     -0.489530735098E-18   1.43055844969      0.944680154698      0.126324914469      0.126324914469      0.219690248411    
   2.17187500000      0.306984680788E-02  0.473754745285     -0.967836348852E-18   1.43757726433      0.947509490569      0.127155481549      0.127155481549      0.219443782186    
   2.18750000000      0.306845607024E-02  0.475178860629     -0.113869628519E-17   1.44519378090      0.950357721258      0.127989839054      0.127989839054      0.219199182520    
   2.20312500000      0.306705614434E-02  0.476612384750     -0.133047071350E-17   1.45312444875      0.953224769500      0.128827959153      0.128827959153      0.218956466445    
   2.21875000000      0.306564706852E-02  0.478055278385     -0.109778883780E-17   1.46103974744      0.956110556769      0.129669814213      0.129669814213      0.218715649960    
   2.23437500000      0.306422888175E-02  0.479507501644     -0.858059074559E-18   1.46893880273      0.959015003287      0.130515376803      0.130515376803      0.218476748037    
   2.25000000000      0.306280162357E-02  0.480969014021     -0.840346296077E-18   1.47682073743      0.961938028042      0.131364619693      0.131364619693      0.218239774636    
   2.26562500000      0.306136533413E-02  0.482439774401     -0.971235452476E-18   1.48468467151      0.964879548802      0.132217515848      0.132217515848      0.218004742705    
   2.28125000000      0.305992005419E-02  0.483919741066     -0.686765379436E-18   1.49252972234      0.967839482132      0.133074038434      0.133074038434      0.217771664198    
   2.29687500000      0.305846582505E-02  0.485408871705     -0.701807820286E-18   1.50035500484      0.970817743410      0.133934160812      0.133934160812      0.217540550082    
   2.31250000000      0.305700268860E-02  0.486907123423     -0.409455216673E-18   1.50815963174      0.973814246845      0.134797856538      0.134797856538      0.217311410347    
   2.32812500000      0.305553068731E-02  0.488414452747     -0.919654133602E-18   1.51594271370      0.976828905494      0.135665099365      0.135665099365      0.217084254017    
   2.34375000000      0.305404986417E-02  0.489930815638     -0.777731446566E-18   1.52370335955      0.979861631277      0.136535863237      0.136535863237      0.216859089165    
   2.35937500000      0.305256026275E-02  0.491456167499     -0.124741889661E-17   1.53144067644      0.982912334999      0.137410122291      0.137410122291      0.216635922918    
   2.37500000000      0.305106192712E-02  0.492990463184     -0.963255953630E-18   1.53915377010      0.985980926368      0.138287850854      0.138287850854      0.216414761475    
   2.39062500000      0.304955490190E-02  0.494533657006     -0.945326345925E-18   1.54684174499      0.989067314011      0.139169023445      0.139169023445      0.216195610115    
   2.40625000000      0.304803923223E-02  0.496085702749     -0.100043235710E-17   1.55450370448      0.992171405499      0.140053614768      0.140053614768      0.215978473214    
   2.42187500000      0.304651496374E-02  0.497646553680     -0.565431655309E-18   1.56213875110      0.995293107360      0.140941599714      0.140941599714      0.215763354251    
   2.43750000000      0.304498214258E-02  0.499216162553     -0.460839491840E-18   1.57009638978      0.998432325106      0.141832953361      0.141832953361      0.215550255830    
   2.45312500000      0.304344081536E-02  0.500794481624     -0.220321969122E-18   1.57874571987       1.00158896325      0.142727650969      0.142727650969      0.215339179685    
   2.46875000000      0.304189102919E-02  0.502381462659     -0.663647520846E-19   1.58737836250       1.00476292532      0.143625667980      0.143625667980      0.215130126700    
   2.48437500000      0.304033283164E-02  0.503977056947     -0.166105377037E-18   1.59599334592       1.00795411389      0.144526980015      0.144526980015      0.214923096918    
   2.50000000000      0.303876627074E-02  0.505581215309     -0.761027128855E-18   1.60458969438       1.01116243062      0.145431562876      0.145431562876      0.214718089557    
   2.51562500000      0.303719139496E-02  0.507193888108     -0.530558355780E-18   1.61316642834       1.01438777622      0.146339392540      0.146339392540      0.214515103028    
   2.53125000000      0.303560825321E-02  0.508815025262     -0.243440806872E-18   1.62172256461       1.01763005052      0.147250445160      0.147250445160      0.214314134943    
   2.54687500000      0.303401689482E-02  0.510444576255     -0.510965886043E-18   1.63025711658       1.02088915251      0.148164697061      0.148164697061      0.214115182133    
   2.56250000000      0.303241736953E-02  0.512082490147     -0.449208442428E-18   1.63876909442       1.02416498029      0.149082124742      0.149082124742      0.213918240664    
   2.57812500000      0.303080972750E-02  0.513728715585     -0.555555447193E-18   1.64725750522       1.02745743117      0.150002704868      0.150002704868      0.213723305850    
   2.59375000000      0.302919401927E-02  0.515383200818     -0.103327560843E-17   1.65572135325       1.03076640164      0.150926414274      0.150926414274      0.213530372269    
   2.60937500000      0.302757029575E-02  0.517045893702     -0.913979517089E-18   1.66415964010       1.03409178740      0.151853229962      0.151853229962      0.213339433779    
   2.62500000000      0.302593860823E-02  0.518716741721     -0.140521752427E-17   1.67257136491       1.03743348344      0.152783129094      0.152783129094      0.213150483533    
   2.64062500000      0.302429900836E-02  0.520395691989     -0.117918071952E-17   1.68095552457       1.04079138398      0.153716088997      0.153716088997      0.212963513995    
   2.65625000000      0.302265154812E-02  0.522082691270     -0.961585147958E-18   1.68931111392       1.04416538254      0.154652087157      0.154652087157      0.212778516955    
   2.67187500000      0.302099627985E-02  0.523777685984     -0.149488581515E-17   1.69763712591       1.04755537197      0.155591101219      0.155591101219      0.212595483546    
   2.68750000000      0.301933325618E-02  0.525480622222     -0.105793314310E-17   1.70593255189       1.05096124444      0.156533108982      0.156533108982      0.212414404258    
   2.70312500000      0.301766253007E-02  0.527191445758     -0.160134853594E-17   1.71419638171       1.05438289152      0.157478088400      0.157478088400      0.212235268959    
   2.71875000000      0.301598415477E-02  0.528910102062     -0.138902298647E-17   1.72242760402       1.05782020412      0.158426017579      0.158426017579      0.212058066905    
   2.73437500000      0.301429818383E-02  0.530636536308     -0.170294787710E-17   1.73113934041       1.06127307262      0.159376874774      0.159376874774      0.211882786760    
   2.75000000000      0.301260467105E-02  0.532370693391     -0.126807110419E-17   1.74051081761       1.06474138678      0.160330638389      0.160330638389      0.211709416613    
   2.76562500000      0.301090367052E-02  0.534112517937     -0.113924283374E-17   1.74986056846       1.06822503587      0.161287286973      0.161287286973      0.211537943992    
   2.78125000000      0.300919523655E-02  0.535861954317     -0.159148393581E-17   1.75918748684       1.07172390863      0.162246799217      0.162246799217      0.211368355882    
   2.79687500000      0.300747942372E-02  0.537618946655     -0.173804372880E-17   1.76849046187       1.07523789331      0.163209153957      0.163209153957      0.211200638740    
   2.81250000000      0.300575628682E-02  0.539383438847     -0.194138972548E-17   1.77776837813       1.07876687769      0.164174330166      0.164174330166      0.211034778515    
   2.82812500000      0.300402588084E-02  0.541155374567     -0.189156854721E-17   1.78702011589       1.08231074913      0.165142306953      0.165142306953      0.210870760661    
   2.84375000000      0.300228826100E-02  0.542934697283     -0.180312236286E-17   1.79624455124       1.08586939457      0.166113063564      0.166113063564      0.210708570156    
   2.85937500000      0.300054348269E-02  0.544721350270     -0.179178142590E-17   1.80544055640       1.08944270054      0.167086579378      0.167086579378      0.210548191515    
   2.87500000000      0.299879160149E-02  0.546515276620     -0.136907087877E-17   1.81460699979       1.09303055324      0.168062833903      0.168062833903      0.210389608814    
   2.89062500000      0.299703267314E-02  0.548316419253     -0.160355096510E-17   1.82374274638       1.09663283851      0.169041806778      0.169041806778      0.210232805698    
   2.90625000000      0.299526675353E-02  0.550124720935     -0.135454443308E-17   1.83284665778       1.10024944187      0.170023477766      0.170023477766      0.210077765403    
   2.92187500000      0.299349389869E-02  0.551940124285     -0.160364599917E-17   1.84191759253       1.10388024857      0.171007826756      0.171007826756      0.209924470772    
   2.93750000000      0.299171416480E-02  0.553762571788     -0.167926146012E-17   1.85095440630       1.10752514358      0.171994833758      0.171994833758      0.209772904272    
   2.95312500000      0.298992760814E-02  0.555592005812     -0.101410335032E-17   1.85995595206       1.11118401162      0.172984478903      0.172984478903      0.209623048006    
   2.96875000000      0.298813428509E-02  0.557428368613     -0.159567996041E-17   1.86892108038       1.11485673723      0.173976742438      0.173976742438      0.209474883736    
   2.98437500000      0.298633425214E-02  0.559271602352     -0.114990742559E-17   1.87784863957       1.11854320470      0.174971604728      0.174971604728      0.209328392896    
   3.00000000000      0.298452756586E-02  0.561121649105     -0.120893361186E-17   1.88700362914       1.12224329821      0.175969046248      0.175969046248      0.209183556608    
   3.01562500000      0.298271428288E-02  0.562978450878     -0.145193338003E-17   1.89696802272       1.12595690176      0.176969047588      0.176969047588      0.209040355702    
   3.03125000000      0.298089445990E-02  0.564841949614     -0.923684633594E-18   1.90691773944       1.12968389923      0.177971589444      0.177971589444      0.208898770726    
   3.04687500000      0.297906815365E-02  0.566712087208     -0.961209240395E-18   1.91685183999       1.13342417442      0.178976652619      0.178976652619      0.208758781970    
   3.06250000000      0.297723542092E-02  0.568588805521     -0.757809106874E-18   1.92676938202       1.13717761104      0.179984218022      0.179984218022      0.208620369476    
   3.07812500000      0.297539631852E-02  0.570472046386     -0.851109227753E-18   1.93666942030       1.14094409277      0.180994266664      0.180994266664      0.208483513057    
   3.09375000000      0.297355090325E-02  0.572361751623     -0.141358411025E-17   1.94655100692       1.14472350325      0.182006779656      0.182006779656      0.208348192312    
   3.10937500000      0.297169923193E-02  0.574257863054     -0.110965819083E-17   1.95641319147       1.14851572611      0.183021738205      0.183021738205      0.208214386643    
   3.12500000000      0.296984136137E-02  0.576160322505     -0.493199815905E-18   1.96625502120       1.15232064501      0.184039123618      0.184039123618      0.208082075269    
   3.14062500000      0.296797734836E-02  0.578069071829     -0.106098848151E-17   1.97607554124       1.15613814366      0.185058917292      0.185058917292      0.207951237246    
   3.15625000000      0.296610724965E-02  0.579984052906     -0.148205002995E-17   1.98587379477       1.15996810581      0.186081100716      0.186081100716      0.207821851475    
   3.17187500000      0.296423112196E-02  0.581905207665     -0.169460819683E-17   1.99564882321       1.16381041533      0.187105655469      0.187105655469      0.207693896727    
   3.18750000000      0.296234902194E-02  0.583832478084     -0.149879573231E-17   2.00539966642       1.16766495617      0.188132563217      0.188132563217      0.207567351650    
   3.20312500000      0.296046100619E-02  0.585765806210     -0.877912167876E-18   2.01512536287       1.17153161242      0.189161805710      0.189161805710      0.207442194789    
   3.21875000000      0.295856713123E-02  0.587705134166     -0.938940353477E-18   2.02482494986       1.17541026833      0.190193364783      0.190193364783      0.207318404601    
   3.23437500000      0.295666745350E-02  0.589650404161     -0.414465077348E-18   2.03449746373       1.17930080832      0.191227222347      0.191227222347      0.207195959467    
   3.25000000000      0.295476202934E-02  0.591601558502     -0.152637572552E-18   2.04414194002       1.18320311700      0.192263360395      0.192263360395      0.207074837712    
   3.26562500000      0.295285091498E-02  0.593558539604     -0.149185707899E-18   2.05375741370       1.18711707921      0.193301760996      0.193301760996      0.206955017613    
   3.28125000000      0.295093416655E-02  0.595521290000     -0.133440426155E-18   2.06334291937       1.19104258000      0.194342406290      0.194342406290      0.206836477420    
   3.29687500000      0.294901184004E-02  0.597489752350     -0.126483734696E-18   2.07358861293       1.19497950470      0.195385278491      0.195385278491      0.206719195368    
   3.31250000000      0.294708399130E-02  0.599463869456      0.329857167326E-18   2.08443877936       1.19892773891      0.196430359883      0.196430359883      0.206603149690    
   3.32812500000      0.294515067606E-02  0.601443584265      0.182143757046E-18   2.09526876052       1.20288716853      0.197477632816      0.197477632816      0.206488318632    
   3.34375000000      0.294321194987E-02  0.603428839882      0.303008569262E-18   2.10607745969       1.20685767976      0.198527079707      0.198527079707      0.206374680469    
   3.35937500000      0.294126786813E-02  0.605419579581      0.613572236100E-19   2.11686377633       1.21083915916      0.199578683033      0.199578683033      0.206262213515    
   3.37500000000      0.293931848607E-02  0.607415746812      0.850164522385E-19   2.12762660625       1.21483149362      0.200632425335      0.200632425335      0.206150896143    
   3.39062500000      0.293736385872E-02  0.609417285213     -0.105039307682E-18   2.13836484183       1.21883457043      0.201688289212      0.201688289212      0.206040706789    
   3.40625000000      0.293540404095E-02  0.611424138614      0.285349160949E-18   2.14907737222       1.22284827723      0.202746257319      0.202746257319      0.205931623976    
   3.42187500000      0.293343908740E-02  0.613436251051      0.146328314574E-18   2.15976308353       1.22687250210      0.203806312366      0.203806312366      0.205823626319    
   3.43750000000      0.293146905251E-02  0.615453566775      0.388497260246E-18   2.17042085910       1.23090713355      0.204868437116      0.204868437116      0.205716692542    
   3.45312500000      0.292949399052E-02  0.617476030255      0.552316163736E-18   2.18104957964       1.23495206051      0.205932614383      0.205932614383      0.205610801490    
   3.46875000000      0.292751395542E-02  0.619503586192      0.804589817310E-18   2.19164812348       1.23900717238      0.206998827026      0.206998827026      0.205505932140    
   3.48437500000      0.292552900100E-02  0.621536179526      0.636867018039E-18   2.20221536682       1.24307235905      0.208067057954      0.208067057954      0.205402063619    
   3.50000000000      0.292353918076E-02  0.623573755443      0.111494827756E-17   2.21275018390       1.24714751089      0.209137290117      0.209137290117      0.205299175209    
   3.51562500000      0.292154454801E-02  0.625616259384      0.920845792672E-18   2.22325144728       1.25123251877      0.210209506511      0.210209506511      0.205197246362    
   3.53125000000      0.291954515576E-02  0.627663637050      0.572245110048E-18   2.23371802799       1.25532727410      0.211283690168      0.211283690168      0.205096256715    
   3.54687500000      0.291754105677E-02  0.629715834416      0.631033700278E-18   2.24414879585       1.25943166883      0.212359824159      0.212359824159      0.204996186098    
   3.56250000000      0.291553230353E-02  0.631772797731      0.317899512413E-18   2.25454261961       1.26354559546      0.213437891593      0.213437891593      0.204897014545    
   3.57812500000      0.291351894826E-02  0.633834473531      0.176460776763E-18   2.26489836728       1.26766894706      0.214517875610      0.214517875610      0.204798722310    
   3.59375000000      0.291150104287E-02  0.635900808643      0.207660098162E-18   2.27521490628       1.27180161729      0.215599759385      0.215599759385      0.204701289873    
   3.60937500000      0.290947863902E-02  0.637971750192      0.241323176193E-18   2.28549110371       1.27594350038      0.216683526119      0.216683526119      0.204604697954    
   3.62500000000      0.290745178802E-02  0.640047245611      0.237706873173E-18   2.29572582664       1.28009449122      0.217769159045      0.217769159045      0.204508927521    
   3.64062500000      0.290542054092E-02  0.642127242643     -0.400297108343E-18   2.30591794227       1.28425448529      0.218856641420      0.218856641420      0.204413959804    
   3.65625000000      0.290338494843E-02  0.644211689350     -0.735792478028E-18   2.31606631824       1.28842337870      0.219945956523      0.219945956523      0.204319776304    
   3.67187500000      0.290134506096E-02  0.646300534120     -0.616718518712E-18   2.32668133984       1.29260106824      0.221037087660      0.221037087660      0.204226358800    
   3.68750000000      0.289930092859E-02  0.648393725671     -0.570691904216E-18   2.33840354638       1.29678745134      0.222130018153      0.222130018153      0.204133689366    
   3.70312500000      0.289725260106E-02  0.650491213058     -0.990859986246E-19   2.35011123436       1.30098242612      0.223224731343      0.223224731343      0.204041750371    
   3.71875000000      0.289520012780E-02  0.652592945680      0.206070584641E-18   2.36180349095       1.30518589136      0.224321210590      0.224321210590      0.203950524499    
   3.73437500000      0.289314355788E-02  0.654698873281     -0.169992766213E-18   2.37347940243       1.30939774656      0.225419439266      0.225419439266      0.203859994750    
   3.75000000000      0.289108294002E-02  0.656808945963     -0.912461982399E-19   2.38513805441       1.31361789193      0.226519400755      0.226519400755      0.203770144452    
   3.76562500000      0.288901832262E-02  0.658923114182      0.634936043709E-18   2.39677853199       1.31784622836      0.227621078455      0.227621078455      0.203680957272    
   3.78125000000      0.288694975369E-02  0.661041328763      0.837430783729E-18   2.40839992003       1.32208265753      0.228724455771      0.228724455771      0.203592417221    
   3.79687500000      0.288487728091E-02  0.663163540895      0.333181248401E-18   2.42000130327       1.32632708179      0.229829516115      0.229829516115      0.203504508664    
   3.81250000000      0.288280095157E-02  0.665289702143      0.791911321973E-18   2.43158176663       1.33057940429      0.230936242906      0.230936242906      0.203417216330    
   3.82812500000      0.288072081259E-02  0.667419764450      0.128439787852E-17   2.44314039537       1.33483952890      0.232044619567      0.232044619567      0.203330525317    
   3.84375000000      0.287863691055E-02  0.669553680141      0.998841092782E-18   2.45467627530       1.33910736028      0.233154629520      0.233154629520      0.203244421101    
   3.85937500000      0.287654929162E-02  0.671691401926      0.902385587576E-18   2.46618849303       1.34338280385      0.234266256191      0.234266256191      0.203158889543    
   3.87500000000      0.287445800160E-02  0.673832882908      0.851130937253E-18   2.47767613616       1.34766576582      0.235379483004      0.235379483004      0.203073916900    
   3.89062500000      0.287236308590E-02  0.675978076583      0.125721535279E-17   2.48913829351       1.35195615317      0.236494293379      0.236494293379      0.202989489825    
   3.90625000000      0.287026458955E-02  0.678126936845      0.119838077357E-17   2.50057405532       1.35625387369      0.237610670733      0.237610670733      0.202905595380    
   3.92187500000      0.286816255718E-02  0.680279417991      0.137323603208E-17   2.51198251353       1.36055883598      0.238728598475      0.238728598475      0.202822221042    
   3.93750000000      0.286605703303E-02  0.682435474721      0.110347678574E-17   2.52336276189       1.36487094944      0.239848060008      0.239848060008      0.202739354706    
   3.95312500000      0.286394806094E-02  0.684595062145      0.133520141585E-17   2.53471389633       1.36919012429      0.240969038726      0.240969038726      0.202656984694    
   3.96875000000      0.286183568434E-02  0.686758135783      0.124285373957E-17   2.54603501508       1.37351627157      0.242091518011      0.242091518011      0.202575099761    
   3.98437500000      0.285971994627E-02  0.688924651570      0.845786142610E-18   2.55732521891       1.37784930314      0.243215481235      0.243215481235      0.202493689100    
   4.00000000000      0.285760088934E-02  0.691094565858      0.135334898731E-17   2.56858361141       1.38218913172      0.244340911755      0.244340911755      0.202412742348    
   4.01562500000      0.285547855579E-02  0.693267835417      0.103109183895E-17   2.57980929919       1.38653567083      0.245467792913      0.245467792913      0.202332249592    
   4.03125000000      0.285335298741E-02  0.695444417440      0.179544709182E-17   2.59144925607       1.39088883488      0.246596108035      0.246596108035      0.202252201371    
   4.04687500000      0.285122422559E-02  0.697624269544      0.128090849026E-17   2.60403008521       1.39524853909      0.247725840429      0.247725840429      0.202172588686    
   4.06250000000      0.284909231130E-02  0.699807349774      0.155929013155E-17   2.61658476476       1.39961469955      0.248856973386      0.248856973386      0.202093403002    
   4.07812500000      0.284695728511E-02  0.701993616599      0.164808995071E-17   2.62911220784       1.40398723320      0.249989490174      0.249989490174      0.202014636250    
   4.09375000000      0.284481918713E-02  0.704183028921      0.125442699949E-17   2.64161132708       1.40836605784      0.251123374042      0.251123374042      0.201936280838    
   4.10937500000      0.284267805710E-02  0.706375546074      0.104278000599E-17   2.65408103488       1.41275109215      0.252258608213      0.252258608213      0.201858329647    
   4.12500000000      0.284053393430E-02  0.708571127824      0.159771136147E-17   2.66652024361       1.41714225565      0.253395175890      0.253395175890      0.201780776043    
   4.14062500000      0.283838685759E-02  0.710769734371      0.155150203671E-17   2.67892786584       1.42153946874      0.254533060249      0.254533060249      0.201703613873    
   4.15625000000      0.283623686542E-02  0.712971326352      0.137278216787E-17   2.69130281463       1.42594265270      0.255672244439      0.255672244439      0.201626837475    
   4.17187500000      0.283408399581E-02  0.715175864841      0.114629600532E-17   2.70364400373       1.43035172968      0.256812711583      0.256812711583      0.201550441675    
   4.18750000000      0.283192828632E-02  0.717383311349      0.142312422121E-17   2.71595034782       1.43476662270      0.257954444776      0.257954444776      0.201474421797    
   4.20312500000      0.282976977414E-02  0.719593627827      0.149448738905E-17   2.72822076275       1.43918725565      0.259097427083      0.259097427083      0.201398773661    
   4.21875000000      0.282760849598E-02  0.721806776662      0.179634838936E-17   2.74045416582       1.44361355332      0.260241641539      0.260241641539      0.201323493585    
   4.23437500000      0.282544448815E-02  0.724022720685      0.211727030694E-17   2.75264947600       1.44804544137      0.261387071147      0.261387071147      0.201248578391    
   4.25000000000      0.282327778650E-02  0.726241423165      0.245507161702E-17   2.76480561418       1.45248284633      0.262533698880      0.262533698880      0.201174025405    
   4.26562500000      0.282110842650E-02  0.728462847812      0.283708693968E-17   2.77692150341       1.45692569562      0.263681507676      0.263681507676      0.201099832460    
   4.28125000000      0.281893644313E-02  0.730686958777      0.257760673603E-17   2.78899606917       1.46137391755      0.264830480440      0.264830480440      0.201025997897    
   4.29687500000      0.281676187099E-02  0.732913720650      0.233516486743E-17   2.80102823965       1.46582744130      0.265980600042      0.265980600042      0.200952520566    
   4.31250000000      0.281458474422E-02  0.735143098465      0.199861477489E-17   2.81301694592       1.47028619693      0.267131849318      0.267131849318      0.200879399828    
   4.32812500000      0.281240509654E-02  0.737375057693      0.190134346303E-17   2.82496112225       1.47475011539      0.268284211067      0.268284211067      0.200806635559    
   4.34375000000      0.281022296123E-02  0.739609564247      0.194297921017E-17   2.83685970637       1.47921912849      0.269437668051      0.269437668051      0.200734228145    
   4.35937500000      0.280803837116E-02  0.741846584479      0.257706836256E-17   2.84871163969       1.48369316896      0.270592202995      0.270592202995      0.200662178489    
   4.37500000000      0.280585135876E-02  0.744086085180      0.279720055460E-17   2.86051586758       1.48817217036      0.271747798586      0.271747798586      0.200590488008    
   4.39062500000      0.280366195602E-02  0.746328033579      0.251949690953E-17   2.87227133965       1.49265606716      0.272904437473      0.272904437473      0.200519158633    
   4.40625000000      0.280147019453E-02  0.748572397344      0.253629256895E-17   2.88491328692       1.49714479469      0.274062102266      0.274062102266      0.200448192811    
   4.42187500000      0.279927610544E-02  0.750819144577      0.274978856595E-17   2.89889446597       1.50163828915      0.275220775535      0.275220775535      0.200377593507    
   4.43750000000      0.279707971946E-02  0.753068243817      0.282697418326E-17   2.91286272219       1.50613648763      0.276380439810      0.276380439810      0.200307364197    
   4.45312500000      0.279488106690E-02  0.755319664038      0.264990539011E-17   2.92681721866       1.51063932808      0.277541077581      0.277541077581      0.200237508875    
   4.46875000000      0.279268017764E-02  0.757573374645      0.303591556605E-17   2.94075712055       1.51514674929      0.278702671298      0.278702671298      0.200168032050    
   4.48437500000      0.279047708112E-02  0.759829345477      0.284381168684E-17   2.95468159541       1.51965869095      0.279865203368      0.279865203368      0.200098938742    
   4.50000000000      0.278827180639E-02  0.762087546802      0.321241856254E-17   2.96858981333       1.52417509360      0.281028656158      0.281028656158      0.200030234487    
   4.51562500000      0.278606438206E-02  0.764347949316      0.281138468165E-17   2.98248094712       1.52869589863      0.282193011994      0.282193011994      0.199961925329    
   4.53125000000      0.278385483633E-02  0.766610524144      0.265337197002E-17   2.99635417258       1.53322104829      0.283358253159      0.283358253159      0.199894017826    
   4.54687500000      0.278164319699E-02  0.768875242833      0.285899731031E-17   3.01020866871       1.53775048567      0.284524361895      0.284524361895      0.199826519044    
   4.56250000000      0.277942949140E-02  0.771142077357      0.279837291815E-17   3.02404361788       1.54228415471      0.285691320401      0.285691320401      0.199759436556    
   4.57812500000      0.277721374652E-02  0.773411000109      0.276793466382E-17   3.03785820605       1.54682200022      0.286859110834      0.286859110834      0.199692778441    
   4.59375000000      0.277499598891E-02  0.775681983901      0.313660626303E-17   3.05165162304       1.55136396780      0.288027715309      0.288027715309      0.199626553282    
   4.60937500000      0.277277624471E-02  0.777955001964      0.334407300740E-17   3.06542306268       1.55591000393      0.289197115900      0.289197115900      0.199560770164    
   4.62500000000      0.277055453965E-02  0.780230027942      0.351862635792E-17   3.07917172308       1.56046005588      0.290367294636      0.290367294636      0.199495438670    
   4.64062500000      0.276833089908E-02  0.782507035893      0.343754016833E-17   3.09289680678       1.56501407179      0.291538233505      0.291538233505      0.199430568882    
   4.65625000000      0.276610534791E-02  0.784786000283      0.358734222498E-17   3.10659752103       1.56957200057      0.292709914454      0.292709914454      0.199366171374    
   4.67187500000      0.276387791070E-02  0.787066895987      0.250400174346E-17   3.12027307796       1.57413379197      0.293882319386      0.293882319386      0.199302257214    
   4.68750000000      0.276164861158E-02  0.789349698285      0.243286257031E-17   3.13392269483       1.57869939657      0.295055430164      0.295055430164      0.199238837957    
   4.70312500000      0.275941747430E-02  0.791634382859      0.206821776766E-17   3.14754559425       1.58326876572      0.296229228607      0.296229228607      0.199175925645    
   4.71875000000      0.275718452222E-02  0.793920925789      0.239633515628E-17   3.16114100434       1.58784185158      0.297403696494      0.297403696494      0.199113532801    
   4.73437500000      0.275494977831E-02  0.796209303554      0.306681416914E-17   3.17470815900       1.59241860711      0.298578815564      0.298578815564      0.199051672427    
   4.75000000000      0.275271326516E-02  0.798499493026      0.320665269857E-17   3.18824629814       1.59699898605      0.299754567512      0.299754567512      0.198990358001    
   4.76562500000      0.275047500496E-02  0.800791471465      0.272905225309E-17   3.20175466784       1.60158294293      0.300930933995      0.300930933995      0.198929603474    
   4.78125000000      0.274823501956E-02  0.803085216521      0.308912361765E-17   3.21523252062       1.60617043304      0.302107896629      0.302107896629      0.198869423263    
   4.79687500000      0.274599333039E-02  0.805380706229      0.421005562246E-17   3.22867911562       1.61076141246      0.303285436990      0.303285436990      0.198809832249    
   4.81250000000      0.274374995854E-02  0.807677919004      0.451477814611E-17   3.24209371884       1.61535583801      0.304463536614      0.304463536614      0.198750845775    
   4.82812500000      0.274150492472E-02  0.809976833637      0.464970244483E-17   3.25547560334       1.61995366727      0.305642176999      0.305642176999      0.198692479638    
   4.84375000000      0.273925824927E-02  0.812277429296      0.365918808598E-17   3.26882404948       1.62455485859      0.306821339604      0.306821339604      0.198634750087    
   4.85937500000      0.273700995218E-02  0.814579685519      0.400495554026E-17   3.28213834510       1.62915937104      0.308001005851      0.308001005851      0.198577673817    
   4.87500000000      0.273476005306E-02  0.816883582212      0.303214104371E-17   3.29541778576       1.63376716442      0.309181157123      0.309181157123      0.198521267965    
   4.89062500000      0.273250857119E-02  0.819189099643      0.323839052701E-17   3.30866167497       1.63837819929      0.310361774767      0.310361774767      0.198465550108    
   4.90625000000      0.273025552549E-02  0.821496218442      0.344510083541E-17   3.32186932436       1.64299243688      0.311542840095      0.311542840095      0.198410538252    
   4.92187500000      0.272800093452E-02  0.823804919595      0.315649247302E-17   3.33504005393       1.64760983919      0.312724334381      0.312724334381      0.198356250832    
   4.93750000000      0.272574481651E-02  0.826115184440      0.310239814743E-17   3.34817319224       1.65223036888      0.313906238867      0.313906238867      0.198302706707    
   4.95312500000      0.272348718934E-02  0.828426994665      0.315174954524E-17   3.36126807665       1.65685398933      0.315088534758      0.315088534758      0.198249925150    
   4.96875000000      0.272122807055E-02  0.830740332302      0.334299993730E-17   3.37432405350       1.66148066460      0.316271203227      0.316271203227      0.198197925849    
   4.98437500000      0.271896747736E-02  0.833055179725      0.344488947124E-17   3.38734047836       1.66611035945      0.317454225415      0.317454225415      0.198146728895    
   5.00000000000      0.271670542666E-02  0.835371519642      0.302535545619E-17   3.40031671619       1.67074303928      0.318637582430      0.318637582430      0.198096354782    
